       3389.7850   5.2193382e-20
       3449.8020   2.1586818e-19
       3509.8200   2.5582138e-19
       3569.8370  -1.2221972e-19
       3629.8550   4.4330238e-19
       3689.8720  -1.0997382e-19
       3749.8900  -3.4767817e-20
       3809.9070  -2.9982442e-19
       3869.9250  -3.4044222e-19
       3929.9420  -1.1470622e-19
       3989.9600  -3.0331202e-19
       4049.9780  -2.4819322e-19
       4109.9950  -1.8685032e-19
       4170.0130  -3.1384612e-19
       4230.0310  -1.0728382e-19
       4290.0490   2.0327778e-19
       4350.0660  -8.3241146e-21
       4410.0840  -6.5529715e-20
       4470.1020   1.2031839e-19
       4530.1200  -1.9761712e-19
       4590.1380   1.1485239e-19
       4650.1550   1.2231579e-19
       4710.1730   1.4006359e-19
       4770.1910   3.4575879e-19
       4830.2090   5.7386599e-19
       4890.2270   3.9335979e-19
       4950.2450   7.5715378e-19
       5010.2630   7.3594719e-19
       5070.2810   6.5677579e-19
       5130.2990   8.9923678e-19
       5190.3170   7.1560958e-19
       5250.3350   7.4419658e-19
       5310.3530   6.2769178e-19
       5369.9700   8.6058998e-19
       5429.9880   9.9770558e-19
       5490.0060   8.6931918e-19
       5550.0240   6.0559078e-19
       5610.0420   1.0494474e-18
       5670.0610   8.0469038e-19
       5730.0790   9.2464898e-19
       5790.0970   6.1754718e-19
       5850.1150   6.9387578e-19
       5910.1330   9.4642698e-19
       5970.1510   1.0382408e-18
       6030.1690   1.2501744e-18
       6090.1870   1.0373852e-18
       6150.2050   1.0145194e-18
       6210.2230   1.0734564e-18
       6270.2410   9.1421978e-19
       6330.2590   8.8970618e-19
       6390.2780   1.0709476e-18
       6450.2960   8.5767658e-19
       6510.3140   1.1515856e-18
       6570.3320   1.0601420e-18
       6630.3500   1.2993454e-18
       6690.3680   1.1198990e-18
       6750.3860   1.2114512e-18
       6810.4040   1.1693934e-18
       6870.4220   1.2163006e-18
       6930.4410   1.3100148e-18
       6990.4590   1.4456008e-18
       7050.4770   1.3769340e-18
       7110.4950   1.4655794e-18
       7170.5130   1.3417890e-18
       7230.5310   1.3143724e-18
       7290.5500   9.8756439e-19
       7350.5680   1.2177910e-18
       7410.5860   1.2490224e-18
       7470.6040   1.1095930e-18
       7530.6220   9.7930659e-19
       7590.6400   8.8485779e-19
       7650.6580   8.9454919e-19
       7710.6770   1.1614942e-18
       7770.6950   1.1955100e-18
       7830.7130   1.0923074e-18
       7890.7310   1.0397884e-18
       7950.7490   8.4739319e-19
       8010.7670   9.1950419e-19
       8070.7860   9.0000739e-19
       8130.8040   9.4204439e-19
       8190.8220   8.8525619e-19
       8250.8400   9.3783459e-19
       8310.8590   1.0445172e-18
       8370.8770   9.8442299e-19
       8430.8950   1.0856998e-18
       8490.9130   1.0758470e-18
       8550.9310   9.5585179e-19
       8610.9490   9.6354019e-19
       8670.9680   9.2275379e-19
       8730.9860   1.1033928e-18
       8791.0040   9.7193039e-19
       8851.0220   9.2561859e-19
       8911.0410   9.4511919e-19
       8971.0590   7.0777979e-19
       9031.0770   9.0205159e-19
       9091.0950   8.4031879e-19
       9151.1130   8.7044379e-19
       9211.1320   9.1107859e-19
       9271.1500   8.6989439e-19
       9331.1680   6.9912339e-19
       9391.1860   7.7322399e-19
       9451.2050   7.6308399e-19
       9511.2230   6.7961659e-19
       9571.2410   7.6399659e-19
       9631.2600   6.6363679e-19
       9691.2780   6.4542179e-19
       9751.2960   5.5725119e-19
       9954.3600   7.3469419e-19
       10014.380   3.9427096e-18
       10074.400   1.4450734e-18
       10134.420   1.5337474e-18
       10194.430   5.2355259e-19
       10254.450   4.7728619e-19
       10314.470   2.0066379e-19
       10374.490   4.0833139e-19
       10434.510   5.4583619e-19
       10494.520   1.9902209e-19
       10554.540   2.2794449e-19
       10614.560   5.2530419e-19
       10674.580   7.0194079e-19
       10734.600   3.9626319e-19
       10794.620   3.8179579e-19
       10854.630   4.4573979e-19
       10914.650   5.2626139e-19
       10974.670   2.5937359e-19
       11034.690   4.1393639e-19
       11094.710   2.3670839e-19
       11154.730   5.4581579e-19
       11214.740   4.1203279e-19
       11274.760   3.4820959e-19
       11334.780   3.3983979e-19
       11394.800   5.4709759e-19
       11454.820   2.4133559e-19
       11514.840   1.6401999e-19
       11574.850   3.2901669e-19
       11634.870   4.8115279e-19
       11694.890   5.2412999e-19
       11754.910   5.0808999e-19
       11814.930   4.6109239e-19
       11874.950   5.7229039e-19
       11934.960   3.6086679e-19
       11994.980   3.3639479e-19
       12055.000   6.3141059e-19
       12115.020   4.2670679e-19
       12175.040   3.9122599e-19
       12235.060   4.3980879e-19
       12295.070   3.9539719e-19
       12355.090   4.7082899e-19
       12415.110   5.1176759e-19
       12475.130   6.4833599e-19
       12535.150   5.8791719e-19
       12595.160   5.6930899e-19
       12655.180   1.6363209e-19
       12715.200   3.1508849e-19
       12775.220   1.6106429e-19
       12835.240   2.6366469e-19
       12895.260   2.1809909e-19
       12955.270   5.9299119e-19
       13015.290   4.6325139e-19
       13075.310   5.6430839e-19
       13135.330   4.1337829e-19
       13195.350   1.8953849e-19
       13255.370   3.3863729e-19
       13315.380   8.9820093e-20
       13375.400   1.7900509e-19
       13435.420   1.9369259e-19
       13495.440   1.7448649e-19
       13555.460  -1.9648943e-20
       13615.480   1.6999108e-19
       13675.490   2.0615338e-20
       13735.510   1.8450716e-19
       13795.530   1.2853292e-19
       13855.550  -1.0823001e-20
       13915.570   1.0180390e-19
       13975.590   1.1681756e-19
       14035.600   1.9482658e-19
       14095.620   1.5925430e-19
       14155.640   1.2080260e-19
       14215.660   2.4420880e-19
       14275.680   1.7062139e-19
       14335.700   7.4178495e-20
       14395.710   2.0224139e-19
       14455.730   3.5375159e-19
       14515.750   3.2381019e-19
       14575.770   3.2046599e-19
       14635.790   1.8944289e-19
       14695.810   2.8276889e-19
       14755.820   3.2833229e-19
       14815.840   3.5479989e-19
       14875.860   2.0610639e-19
       14935.880   2.1553319e-19
       14995.900   1.2580409e-19
       15055.920   1.4159599e-19
       15115.930   3.0475469e-19
       15175.950   3.4121679e-19
       15235.970   3.0812509e-19
       15295.990   3.8815669e-19
       15356.010   2.5051329e-19
       15416.030   2.2453029e-19
       15476.040   3.4975379e-19
       15536.060   2.5623879e-19
       15596.080   3.2095119e-19
       15656.100   3.4975379e-19
       15716.120   2.4608279e-19
       15776.140   2.9889929e-19
       15836.150   2.1617369e-19
       15896.170   1.4088359e-19
       15956.190   2.6922829e-19
       16016.210   1.8350689e-19
       16076.230   1.5315639e-19
       16136.250   2.0032199e-19
       16196.260   2.9117409e-19
       16256.280   1.7428819e-19
       16316.300   2.7794579e-19
       16376.320   2.0045919e-19
       16436.340   1.2497499e-19
       16496.350   1.5696489e-19
       16556.370   1.5176069e-19
       16616.390   1.7792639e-19
       16676.410   2.0001349e-19
       16736.430   1.2215989e-19
       16796.450   1.4065289e-19
       16856.470   2.3931509e-19
       16916.480   1.9797179e-19
       16976.500   1.5391389e-19
       17036.520   2.3670039e-19
       17096.540   4.6539893e-20
       17156.560   8.2976093e-20
       17216.580   1.6543409e-19
       17276.590   6.4533593e-20
       17336.610   6.7097994e-20
       17396.630   8.0499693e-20
       17456.650   9.6177094e-20
       17516.670   6.7659893e-20
       17576.690   4.8849094e-20
       17636.700   1.8305249e-19
       17696.720   1.6791189e-19
       17756.740   9.1244994e-20
       17816.760   7.4125894e-20
       17876.780   1.4452620e-19
       17936.790   1.0380910e-19
       17996.810   1.0165160e-19
       18056.830   3.9565595e-20
       18116.850   8.2233396e-20
       18176.870   4.1735177e-20
       18236.890   1.1710162e-19
       18296.900   2.9737878e-20
       18356.920   2.2374229e-20
       18416.940   2.7596919e-20
       18476.960   2.8577859e-20
       18536.980   6.2722999e-20
       18597.000   8.8192659e-20
       18657.010  -2.8056841e-20
       18717.030  -6.3379130e-20
       18777.050   8.8110718e-20
       18837.070   5.6548198e-20
       18897.090   1.2219482e-19
       18957.110   3.1921398e-20
       19017.120   1.1842064e-19
       19077.140   1.0167748e-19
       19137.160  -4.1089921e-20
       19197.180  -4.4948562e-20
       19257.200   6.0929278e-20
       19317.220   4.4368638e-20
       19377.230   8.3391497e-20
       19437.250   1.8432737e-20
       19497.270   7.9571997e-20
       19557.290  -7.7805462e-20
       19617.310   1.2348228e-19
       19677.330   1.5964176e-19
       19737.340   1.0945930e-19
       19797.360   6.4868896e-20
       19857.380   1.3185780e-19
       19917.400   7.0123195e-20
       19977.420   1.2092100e-19
       20037.440   1.2950800e-19
       20097.450   7.4076618e-20
       20157.470   1.3782664e-19
       20217.490   1.8524130e-19
       20277.510   9.0419295e-20
       20337.530   1.2269450e-19
       20397.550   1.6113010e-19
       20457.560   1.9618140e-19
       20517.580   1.1023770e-19
       20577.600   3.1407976e-21
       20637.620   1.6520838e-20
       20697.640  -1.1678422e-20
       20757.660   6.1906799e-20
       20817.670  -6.1803461e-20
       20877.690   1.3601817e-19
       20937.710   1.3286943e-20
