! WT data
197.344	0.372	-0.372	1.255235e+02	1.667203e+01	-1.689375e+01
198.117	0.359	-0.401	1.228739e+02	1.648682e+01	-1.674859e+01
198.793	0.326	-0.318	1.463408e+02	1.970405e+01	-2.009428e+01
199.482	0.359	-0.363	1.304814e+02	1.770051e+01	-1.808434e+01
200.229	0.419	-0.387	1.158255e+02	1.600260e+01	-1.637488e+01
200.995	0.343	-0.347	1.313058e+02	1.895380e+01	-1.942953e+01
201.713	0.355	-0.374	1.267323e+02	1.805371e+01	-1.855751e+01
202.467	0.396	-0.400	1.151043e+02	1.680314e+01	-1.731946e+01
203.274	0.354	-0.411	1.220188e+02	1.791841e+01	-1.858567e+01
204.019	0.328	-0.391	1.286171e+02	1.910140e+01	-1.980763e+01
204.719	0.386	-0.372	1.243555e+02	1.841807e+01	-1.915855e+01
205.507	0.407	-0.403	1.130805e+02	1.789994e+01	-1.861854e+01
206.197	0.356	-0.283	1.475637e+02	2.327478e+01	-2.420234e+01
206.992	0.388	-0.439	1.139257e+02	1.838920e+01	-1.902678e+01
207.798	0.406	-0.418	1.321332e+02	2.187174e+01	-2.248996e+01
208.632	0.497	-0.428	1.210798e+02	2.038892e+01	-2.074948e+01
209.515	0.436	-0.386	1.362775e+02	2.324417e+01	-2.350143e+01
210.339	0.372	-0.388	9.620424e+01	1.885338e+01	-1.897227e+01
211.104	0.437	-0.394	1.335293e+02	2.440213e+01	-2.356289e+01
211.968	0.495	-0.427	1.180519e+02	2.175218e+01	-2.111634e+01
212.959	0.383	-0.495	1.213439e+02	2.240404e+01	-2.194796e+01
213.810	0.357	-0.468	1.317900e+02	2.351029e+01	-2.338622e+01
214.523	0.351	-0.355	1.555539e+02	2.819193e+01	-2.759582e+01
215.189	0.385	-0.316	1.552051e+02	2.812919e+01	-2.767441e+01
216.026	0.454	-0.451	1.225114e+02	2.191847e+01	-2.156321e+01
216.896	0.439	-0.415	1.311648e+02	2.435326e+01	-2.304336e+01
217.773	0.394	-0.439	1.336020e+02	2.614131e+01	-2.357930e+01
218.634	0.607	-0.467	1.219925e+02	2.359735e+01	-2.156311e+01
219.678	0.423	-0.437	1.540265e+02	2.972127e+01	-2.704823e+01
220.654	0.484	-0.553	1.251614e+02	2.459162e+01	-2.223475e+01
221.554	0.424	-0.416	1.576175e+02	3.080380e+01	-2.762657e+01
222.275	0.280	-0.297	2.296179e+02	4.601161e+01	-3.998104e+01
222.963	0.437	-0.408	1.551200e+02	3.127463e+01	-2.716486e+01
223.935	0.391	-0.535	1.414271e+02	2.871274e+01	-2.470448e+01
224.734	0.389	-0.408	1.644685e+02	3.304265e+01	-2.883532e+01
225.576	0.565	-0.453	1.263229e+02	2.556134e+01	-2.245681e+01
226.533	0.368	-0.392	1.742262e+02	3.493699e+01	-3.032931e+01
227.349	0.456	-0.448	1.436399e+02	2.908474e+01	-2.531950e+01
228.153	0.340	-0.348	1.903927e+02	3.830653e+01	-3.336670e+01
229.042	0.655	-0.550	1.000986e+02	2.063698e+01	-1.767048e+01
230.126	0.328	-0.429	1.548589e+02	3.099254e+01	-2.718323e+01
230.878	0.383	-0.425	1.407631e+02	2.874697e+01	-2.515706e+01
231.752	0.480	-0.491	1.217066e+02	2.415069e+01	-2.125029e+01
232.742	0.419	-0.510	1.248653e+02	2.473369e+01	-2.214553e+01
233.504	0.371	-0.343	1.625396e+02	3.154792e+01	-2.891866e+01
234.282	0.413	-0.407	1.441470e+02	2.786548e+01	-2.530705e+01
235.161	0.470	-0.466	1.263342e+02	2.488155e+01	-2.208639e+01
236.021	0.430	-0.390	1.427658e+02	2.789615e+01	-2.519725e+01
236.812	0.351	-0.361	1.645409e+02	3.202758e+01	-2.906712e+01
237.669	0.335	-0.506	1.391450e+02	2.658580e+01	-2.462185e+01
238.479	0.361	-0.475	1.386780e+02	2.659776e+01	-2.469467e+01
239.292	0.403	-0.451	1.386030e+02	2.692460e+01	-2.455836e+01
240.073	0.365	-0.378	1.626347e+02	3.186988e+01	-2.848870e+01
240.856	0.404	-0.418	1.471437e+02	2.875261e+01	-2.576983e+01
241.666	0.424	-0.406	1.427777e+02	2.769319e+01	-2.541036e+01
242.496	0.448	-0.406	1.416249e+02	2.710781e+01	-2.490088e+01
243.445	0.456	-0.501	1.263567e+02	2.270901e+01	-2.214942e+01
244.290	0.407	-0.388	1.506262e+02	2.791578e+01	-2.665438e+01
245.106	0.413	-0.409	1.429141e+02	2.708013e+01	-2.563003e+01
245.938	0.410	-0.419	1.416881e+02	2.646938e+01	-2.535518e+01
246.717	0.314	-0.369	1.770388e+02	3.181873e+01	-3.103763e+01
247.386	0.346	-0.355	1.708849e+02	3.133985e+01	-3.021207e+01
248.112	0.366	-0.380	1.622433e+02	2.970995e+01	-2.852190e+01
248.798	0.395	-0.321	1.691043e+02	3.069908e+01	-2.967921e+01
249.616	0.394	-0.423	1.466855e+02	2.698953e+01	-2.593689e+01
250.498	0.372	-0.489	1.298840e+02	2.288667e+01	-2.266602e+01
251.316	0.380	-0.446	1.327035e+02	2.297566e+01	-2.311359e+01
252.057	0.337	-0.361	1.540364e+02	2.743107e+01	-2.732839e+01
252.795	0.381	-0.401	1.420491e+02	2.519519e+01	-2.487823e+01
253.609	0.414	-0.432	1.306092e+02	2.273631e+01	-2.270207e+01
254.536	0.496	-0.512	1.075469e+02	1.901538e+01	-1.895394e+01
255.472	0.510	-0.440	1.141924e+02	1.999949e+01	-2.004864e+01
256.323	0.326	-0.341	1.641963e+02	2.723143e+01	-2.797967e+01
257.155	0.492	-0.506	1.065715e+02	1.843786e+01	-1.875353e+01
258.018	0.334	-0.370	1.569954e+02	2.705011e+01	-2.719212e+01
258.807	0.476	-0.455	1.165939e+02	2.050446e+01	-2.051137e+01
259.648	0.430	-0.366	1.390813e+02	2.395040e+01	-2.408004e+01
260.458	0.435	-0.380	1.324429e+02	2.301383e+01	-2.319295e+01
261.331	0.430	-0.438	1.162473e+02	1.907280e+01	-1.962280e+01
262.097	0.402	-0.336	1.366927e+02	2.177052e+01	-2.258388e+01
262.932	0.502	-0.433	1.068118e+02	1.719414e+01	-1.782476e+01
263.838	0.353	-0.403	1.334767e+02	2.171190e+01	-2.241657e+01
264.520	0.397	-0.329	1.350417e+02	2.202652e+01	-2.281064e+01
265.323	0.410	-0.406	1.235860e+02	1.929036e+01	-2.008313e+01
266.154	0.391	-0.420	1.208266e+02	1.909166e+01	-1.986138e+01
266.936	0.410	-0.391	1.236432e+02	1.940885e+01	-2.020079e+01
267.738	0.434	-0.393	1.208237e+02	1.853213e+01	-1.930269e+01
268.511	0.286	-0.339	1.616154e+02	2.517614e+01	-2.622061e+01
269.286	0.399	-0.489	1.115043e+02	1.728948e+01	-1.799554e+01
270.043	0.409	-0.358	1.316162e+02	2.013495e+01	-2.098976e+01
270.801	0.371	-0.350	1.400684e+02	2.111803e+01	-2.198953e+01
271.562	0.407	-0.390	9.998167e+01	1.587282e+01	-1.638640e+01
272.427	0.467	-0.458	1.087189e+02	1.571647e+01	-1.629215e+01
273.396	0.468	-0.502	9.975922e+01	1.534450e+01	-1.592868e+01
274.272	0.402	-0.408	1.242500e+02	1.868314e+01	-1.946716e+01
275.118	0.296	-0.444	1.345962e+02	2.010710e+01	-2.090242e+01
275.776	0.412	-0.362	1.287179e+02	1.921547e+01	-1.997902e+01
276.602	0.527	-0.414	1.058470e+02	1.599159e+01	-1.664770e+01
277.515	0.321	-0.387	9.616395e+01	1.644968e+01	-1.693275e+01
278.275	0.471	-0.438	1.074539e+02	1.660424e+01	-1.726239e+01
279.148	0.487	-0.402	1.130685e+02	1.694855e+01	-1.765613e+01
280.105	0.423	-0.470	1.126184e+02	1.701239e+01	-1.773079e+01
280.934	0.419	-0.405	1.185932e+02	1.810850e+01	-1.881241e+01
281.757	0.397	-0.405	1.253520e+02	1.840197e+01	-1.912335e+01
282.447	0.366	-0.292	9.859992e+01	1.659527e+01	-1.709169e+01
283.183	0.397	-0.370	8.098749e+01	1.364295e+01	-1.396510e+01
283.873	0.372	-0.293	9.333204e+01	1.565321e+01	-1.600817e+01
284.586	0.419	-0.341	9.583080e+01	1.501999e+01	-1.543511e+01
285.350	0.299	-0.345	9.999491e+01	1.641260e+01	-1.681477e+01
286.008	0.349	-0.359	8.770233e+01	1.475059e+01	-1.509556e+01
286.739	0.392	-0.382	8.140478e+01	1.349022e+01	-1.381741e+01
287.509	0.528	-0.378	1.035819e+02	1.472163e+01	-1.520864e+01
288.480	0.354	-0.443	8.079814e+01	1.331432e+01	-1.365336e+01
289.334	0.471	-0.500	6.300426e+01	1.083038e+01	-1.109230e+01
290.121	0.355	-0.316	9.392759e+01	1.571299e+01	-1.612908e+01
290.815	0.303	-0.339	9.529228e+01	1.631317e+01	-1.669140e+01
291.517	0.405	-0.399	1.166450e+02	1.657287e+01	-1.711989e+01
292.245	0.471	-0.323	9.767331e+01	1.520186e+01	-1.567034e+01
292.998	0.388	-0.282	9.410550e+01	1.565811e+01	-1.605166e+01
293.818	0.444	-0.431	1.090891e+02	1.531156e+01	-1.579877e+01
294.619	0.292	-0.357	9.592328e+01	1.607762e+01	-1.643964e+01
295.287	0.375	-0.376	8.176663e+01	1.391151e+01	-1.421233e+01
296.008	0.328	-0.346	9.371294e+01	1.530479e+01	-1.561866e+01
296.688	0.377	-0.352	8.855447e+01	1.430804e+01	-1.460086e+01
297.510	0.390	-0.444	7.357153e+01	1.257589e+01	-1.286253e+01
298.407	0.297	-0.507	7.745950e+01	1.309319e+01	-1.341537e+01
299.073	0.269	-0.369	9.893824e+01	1.636716e+01	-1.675670e+01
299.729	0.389	-0.387	8.030123e+01	1.327247e+01	-1.352270e+01
300.539	0.374	-0.421	1.183039e+02	1.640737e+01	-1.685412e+01
301.306	0.355	-0.392	8.336347e+01	1.383884e+01	-1.411584e+01
302.108	0.467	-0.448	1.019003e+02	1.437026e+01	-1.477824e+01
302.900	0.327	-0.324	9.704383e+01	1.589411e+01	-1.623203e+01
303.539	0.328	-0.313	9.756251e+01	1.580906e+01	-1.610044e+01
304.198	0.377	-0.331	1.297066e+02	1.785416e+01	-1.830685e+01
304.938	0.411	-0.363	1.186779e+02	1.645542e+01	-1.690252e+01
305.754	0.358	-0.405	1.168762e+02	1.680762e+01	-1.726516e+01
306.415	0.313	-0.303	1.492001e+02	2.050977e+01	-2.102285e+01
307.110	0.339	-0.382	1.274646e+02	1.754286e+01	-1.798697e+01
307.855	0.335	-0.406	1.244594e+02	1.694760e+01	-1.731059e+01
308.540	0.414	-0.349	1.203389e+02	1.634297e+01	-1.670201e+01
309.350	0.392	-0.396	1.165310e+02	1.624051e+01	-1.670221e+01
310.124	0.374	-0.382	1.214663e+02	1.696898e+01	-1.746141e+01
310.927	0.427	-0.429	1.073247e+02	1.484593e+01	-1.524054e+01
311.703	0.451	-0.349	1.136187e+02	1.595636e+01	-1.639300e+01
312.461	0.318	-0.307	9.737416e+01	1.608518e+01	-1.638606e+01
313.172	0.441	-0.393	1.079628e+02	1.523534e+01	-1.562461e+01
314.067	0.316	-0.454	1.185100e+02	1.661954e+01	-1.706843e+01
314.693	0.268	-0.310	1.607793e+02	2.197062e+01	-2.248750e+01
315.272	0.350	-0.310	1.394953e+02	1.932545e+01	-1.978831e+01
316.008	0.359	-0.386	1.247118e+02	1.712614e+01	-1.755022e+01
316.703	0.380	-0.335	1.299873e+02	1.785263e+01	-1.829521e+01
317.433	0.372	-0.351	9.742211e+01	1.523686e+01	-1.552770e+01
318.154	0.287	-0.350	1.445603e+02	2.005970e+01	-2.054837e+01
318.903	0.361	-0.461	1.126229e+02	1.581805e+01	-1.623270e+01
319.591	0.297	-0.328	1.474438e+02	2.050783e+01	-2.101952e+01
320.258	0.314	-0.370	1.318239e+02	1.877701e+01	-1.924333e+01
320.916	0.350	-0.344	1.339834e+02	1.836318e+01	-1.880882e+01
321.589	0.389	-0.322	1.293813e+02	1.802468e+01	-1.848175e+01
322.250	0.355	-0.271	1.470244e+02	2.045865e+01	-2.097141e+01
322.955	0.379	-0.351	1.281292e+02	1.774626e+01	-1.820224e+01
323.612	0.297	-0.278	1.617776e+02	2.237765e+01	-2.297231e+01
324.206	0.276	-0.297	1.622803e+02	2.253218e+01	-2.315211e+01
324.811	0.295	-0.329	1.475574e+02	2.047022e+01	-2.096755e+01
325.357	0.301	-0.251	1.689308e+02	2.304873e+01	-2.358192e+01
326.010	0.272	-0.352	1.491986e+02	2.039740e+01	-2.087957e+01
326.628	0.311	-0.346	1.405630e+02	1.945334e+01	-1.991421e+01
327.322	0.321	-0.384	1.322446e+02	1.822363e+01	-1.869071e+01
327.937	0.366	-0.294	1.411550e+02	1.950580e+01	-2.001935e+01
328.590	0.298	-0.287	1.561246e+02	2.176719e+01	-2.225690e+01
329.234	0.345	-0.346	1.336771e+02	1.859989e+01	-1.906572e+01
329.908	0.352	-0.329	1.354217e+02	1.891373e+01	-1.940511e+01
330.556	0.295	-0.296	1.577396e+02	2.189486e+01	-2.249537e+01
331.231	0.321	-0.380	1.316436e+02	1.828110e+01	-1.872991e+01
331.888	0.330	-0.336	1.400229e+02	1.910012e+01	-1.954105e+01
332.539	0.315	-0.322	1.420803e+02	1.986015e+01	-2.025825e+01
333.242	0.391	-0.388	1.184172e+02	1.637447e+01	-1.675889e+01
334.002	0.274	-0.368	1.450653e+02	1.991051e+01	-2.040086e+01
334.546	0.307	-0.270	1.616320e+02	2.216834e+01	-2.271028e+01
335.162	0.323	-0.310	1.471055e+02	2.025281e+01	-2.076724e+01
335.867	0.432	-0.381	1.121189e+02	1.534804e+01	-1.571585e+01
336.614	0.262	-0.316	1.541715e+02	2.162773e+01	-2.214802e+01
337.290	0.395	-0.413	1.125215e+02	1.540127e+01	-1.576991e+01
338.057	0.354	-0.372	1.216102e+02	1.702127e+01	-1.736814e+01
338.831	0.337	-0.421	1.187698e+02	1.631578e+01	-1.667177e+01
339.588	0.393	-0.420	1.107116e+02	1.530747e+01	-1.566646e+01
340.327	0.334	-0.346	1.337323e+02	1.846731e+01	-1.895032e+01
341.078	0.380	-0.417	1.140305e+02	1.557283e+01	-1.593691e+01
341.862	0.399	-0.404	1.121864e+02	1.540859e+01	-1.574408e+01
342.586	0.295	-0.326	9.831139e+01	1.587095e+01	-1.614768e+01
343.299	0.348	-0.418	1.165250e+02	1.620387e+01	-1.655771e+01
344.038	0.374	-0.391	9.815860e+01	1.456408e+01	-1.484124e+01
344.783	0.340	-0.372	8.577668e+01	1.387214e+01	-1.412061e+01
345.458	0.338	-0.334	8.947504e+01	1.465259e+01	-1.489265e+01
346.103	0.381	-0.308	1.315393e+02	1.816911e+01	-1.859066e+01
346.918	0.337	-0.434	7.999281e+01	1.301208e+01	-1.320196e+01
347.583	0.335	-0.329	9.420408e+01	1.507356e+01	-1.530085e+01
348.394	0.389	-0.476	1.066173e+02	1.451932e+01	-1.480416e+01
349.146	0.307	-0.363	9.320820e+01	1.495016e+01	-1.518513e+01
349.818	0.321	-0.364	9.126871e+01	1.477465e+01	-1.504310e+01
350.495	0.426	-0.357	9.760592e+01	1.459521e+01	-1.492473e+01
351.256	0.396	-0.335	9.635399e+01	1.521081e+01	-1.553837e+01
352.091	0.394	-0.438	1.107170e+02	1.557995e+01	-1.601398e+01
352.846	0.404	-0.361	1.223183e+02	1.687255e+01	-1.728881e+01
353.691	0.376	-0.441	1.139816e+02	1.565823e+01	-1.604738e+01
354.493	0.392	-0.426	1.126424e+02	1.571075e+01	-1.611367e+01
355.325	0.441	-0.440	1.046779e+02	1.451088e+01	-1.486075e+01
356.129	0.387	-0.364	1.239749e+02	1.691986e+01	-1.731251e+01
356.922	0.372	-0.405	1.207232e+02	1.675676e+01	-1.721645e+01
357.757	0.384	-0.463	1.095782e+02	1.549331e+01	-1.589672e+01
358.554	0.425	-0.413	1.129052e+02	1.554180e+01	-1.593595e+01
359.425	0.468	-0.446	9.652177e+01	1.419203e+01	-1.447929e+01
360.331	0.334	-0.438	1.213577e+02	1.663702e+01	-1.699134e+01
361.080	0.431	-0.415	1.119543e+02	1.519082e+01	-1.552112e+01
361.822	0.363	-0.312	9.155071e+01	1.519222e+01	-1.541988e+01
362.564	0.505	-0.379	7.186471e+01	1.155534e+01	-1.174455e+01
363.460	0.397	-0.391	8.062542e+01	1.298848e+01	-1.320768e+01
364.147	0.384	-0.290	9.155230e+01	1.525829e+01	-1.550465e+01
364.864	0.390	-0.332	9.970394e+01	1.528067e+01	-1.558009e+01
365.695	0.366	-0.441	7.754963e+01	1.274899e+01	-1.297108e+01
366.479	0.453	-0.417	7.304041e+01	1.182360e+01	-1.203837e+01
367.251	0.332	-0.319	9.836329e+01	1.603465e+01	-1.632487e+01
367.942	0.279	-0.359	9.570670e+01	1.602053e+01	-1.629803e+01
368.608	0.398	-0.387	8.018129e+01	1.300098e+01	-1.324285e+01
369.450	0.401	-0.444	7.609515e+01	1.223302e+01	-1.246707e+01
370.188	0.379	-0.337	8.795887e+01	1.428029e+01	-1.455081e+01
370.931	0.302	-0.365	9.025691e+01	1.540287e+01	-1.567259e+01
371.685	0.326	-0.452	1.204743e+02	1.669783e+01	-1.714988e+01
372.438	0.432	-0.428	1.079542e+02	1.514724e+01	-1.555836e+01
373.343	0.485	-0.472	6.478714e+01	1.075767e+01	-1.097369e+01
374.240	0.395	-0.412	7.788567e+01	1.275571e+01	-1.302675e+01
375.009	0.414	-0.374	9.819194e+01	1.492761e+01	-1.530521e+01
375.795	0.339	-0.371	8.862022e+01	1.452210e+01	-1.483285e+01
376.478	0.294	-0.345	9.708907e+01	1.609780e+01	-1.641483e+01
377.168	0.329	-0.397	8.542888e+01	1.411013e+01	-1.437358e+01
377.981	0.385	-0.483	7.234089e+01	1.170128e+01	-1.191141e+01
378.685	0.316	-0.319	9.977967e+01	1.593020e+01	-1.620578e+01
379.331	0.321	-0.330	9.385151e+01	1.531822e+01	-1.555556e+01
380.101	0.364	-0.449	1.135279e+02	1.535751e+01	-1.567968e+01
380.854	0.466	-0.388	1.070524e+02	1.462407e+01	-1.492246e+01
381.827	0.387	-0.508	6.730107e+01	1.115846e+01	-1.132307e+01
382.542	0.322	-0.328	9.835216e+01	1.576355e+01	-1.602283e+01
383.207	0.375	-0.344	8.625486e+01	1.389899e+01	-1.413452e+01
383.932	0.280	-0.350	9.703206e+01	1.593384e+01	-1.620660e+01
384.566	0.377	-0.354	8.478411e+01	1.372707e+01	-1.397706e+01
385.280	0.312	-0.337	9.410737e+01	1.552236e+01	-1.580653e+01
385.914	0.365	-0.322	9.027620e+01	1.465347e+01	-1.493025e+01
386.660	0.335	-0.380	8.421058e+01	1.409836e+01	-1.434316e+01
387.328	0.343	-0.333	9.039261e+01	1.486725e+01	-1.512810e+01
388.006	0.426	-0.335	8.141652e+01	1.316154e+01	-1.339583e+01
388.773	0.333	-0.341	9.492703e+01	1.527614e+01	-1.554381e+01
389.524	0.351	-0.418	8.150376e+01	1.313858e+01	-1.336260e+01
390.337	0.371	-0.462	7.416177e+01	1.213959e+01	-1.233706e+01
391.030	0.371	-0.323	8.899135e+01	1.458239e+01	-1.482371e+01
391.830	0.502	-0.429	6.636068e+01	1.090262e+01	-1.109070e+01
392.781	0.330	-0.449	8.038577e+01	1.304212e+01	-1.328688e+01
393.525	0.424	-0.414	7.368804e+01	1.217516e+01	-1.240362e+01
394.384	0.449	-0.435	7.084368e+01	1.156169e+01	-1.179668e+01
395.396	0.478	-0.563	5.846897e+01	9.883273e+00	-1.008026e+01
396.318	0.584	-0.444	6.004643e+01	1.000422e+01	-1.021401e+01
397.266	0.286	-0.364	9.508872e+01	1.586138e+01	-1.619891e+01
398.033	0.391	-0.481	7.345181e+01	1.196500e+01	-1.223535e+01
398.843	0.369	-0.419	7.948040e+01	1.307840e+01	-1.337229e+01
399.772	0.525	-0.560	5.728626e+01	9.437625e+00	-9.652582e+00
400.658	0.455	-0.361	7.368054e+01	1.252007e+01	-1.278681e+01
401.557	0.478	-0.444	6.720663e+01	1.102330e+01	-1.126185e+01
402.520	0.513	-0.485	6.116810e+01	1.014630e+01	-1.034729e+01
403.464	0.414	-0.431	7.119834e+01	1.195637e+01	-1.217378e+01
404.202	0.353	-0.323	9.161293e+01	1.485309e+01	-1.512902e+01
404.895	0.477	-0.340	7.584512e+01	1.226243e+01	-1.248113e+01
405.825	0.435	-0.454	7.117213e+01	1.140479e+01	-1.161324e+01
406.585	0.359	-0.325	8.936419e+01	1.474190e+01	-1.501229e+01
407.523	0.479	-0.579	5.684077e+01	9.586776e+00	-9.772208e+00
408.449	0.539	-0.447	6.104583e+01	1.035601e+01	-1.057219e+01
409.429	0.441	-0.441	6.818382e+01	1.164479e+01	-1.190789e+01
410.242	0.442	-0.371	7.665023e+01	1.276175e+01	-1.308565e+01
411.158	0.397	-0.474	7.209328e+01	1.200242e+01	-1.230691e+01
412.037	0.629	-0.481	5.580506e+01	9.409781e+00	-9.635762e+00
413.183	0.586	-0.517	5.697772e+01	9.430848e+00	-9.656771e+00
414.119	0.390	-0.350	8.491762e+01	1.401970e+01	-1.434663e+01
415.106	0.553	-0.598	5.382108e+01	8.998932e+00	-9.195942e+00
416.136	0.423	-0.476	6.895529e+01	1.149329e+01	-1.173554e+01
417.108	0.600	-0.550	5.312378e+01	8.968786e+00	-9.144640e+00
418.383	0.469	-0.675	5.493798e+01	8.949345e+00	-9.126871e+00
419.362	0.458	-0.510	6.493822e+01	1.054565e+01	-1.074617e+01
420.319	0.572	-0.500	5.868083e+01	9.506594e+00	-9.681272e+00
421.286	0.432	-0.395	7.422067e+01	1.220920e+01	-1.242390e+01
422.259	0.468	-0.541	6.166524e+01	9.980522e+00	-1.016136e+01
423.229	0.570	-0.503	5.633013e+01	9.416442e+00	-9.576115e+00
424.406	0.386	-0.606	6.266051e+01	1.013858e+01	-1.032148e+01
425.267	0.471	-0.475	6.572154e+01	1.063387e+01	-1.082571e+01
426.219	0.578	-0.480	5.792480e+01	9.531479e+00	-9.699873e+00
427.356	0.672	-0.559	4.980558e+01	8.206613e+00	-8.354585e+00
428.648	0.531	-0.620	5.403927e+01	8.776074e+00	-8.943041e+00
429.657	0.516	-0.478	6.254715e+01	1.017011e+01	-1.036688e+01
430.814	0.581	-0.640	5.096824e+01	8.300741e+00	-8.464889e+00
432.007	0.823	-0.612	4.170971e+01	7.142357e+00	-7.273991e+00
433.390	0.675	-0.560	5.075051e+01	8.300221e+00	-8.473597e+00
434.730	0.862	-0.665	4.105036e+01	6.728336e+00	-6.872696e+00
436.348	0.814	-0.757	3.874955e+01	6.550485e+00	-6.681169e+00
437.781	0.509	-0.619	5.555428e+01	9.068645e+00	-9.253540e+00
438.899	0.612	-0.609	5.134226e+01	8.361199e+00	-8.526421e+00
440.040	0.625	-0.529	5.349511e+01	8.830415e+00	-8.993881e+00
441.363	0.711	-0.698	4.383703e+01	7.228393e+00	-7.360128e+00
442.643	0.679	-0.568	5.007487e+01	8.123788e+00	-8.276097e+00
443.960	0.615	-0.639	4.901940e+01	8.079065e+00	-8.225270e+00
445.330	0.714	-0.754	4.249578e+01	6.894696e+00	-7.024091e+00
446.784	0.750	-0.741	4.183673e+01	6.818078e+00	-6.954096e+00
448.376	0.677	-0.842	4.105218e+01	6.731025e+00	-6.876059e+00
449.665	0.725	-0.611	4.668378e+01	7.695220e+00	-7.871579e+00
451.040	0.681	-0.650	4.687056e+01	7.735653e+00	-7.915390e+00
452.495	0.788	-0.774	3.992513e+01	6.560852e+00	-6.706017e+00
453.854	0.670	-0.571	5.019615e+01	8.214262e+00	-8.387075e+00
455.171	0.695	-0.646	4.580514e+01	7.586939e+00	-7.734304e+00
456.521	0.613	-0.655	4.914069e+01	7.995938e+00	-8.152158e+00
457.978	0.911	-0.843	3.553434e+01	5.774040e+00	-5.884744e+00
459.719	0.757	-0.830	3.871901e+01	6.382675e+00	-6.498517e+00
461.278	0.842	-0.802	3.791919e+01	6.147169e+00	-6.261203e+00
462.649	0.561	-0.529	5.715646e+01	9.265724e+00	-9.437598e+00
463.756	0.638	-0.545	5.197408e+01	8.561900e+00	-8.715736e+00
465.266	0.740	-0.872	3.817105e+01	6.288403e+00	-6.401479e+00
466.548	0.522	-0.542	5.699378e+01	9.547292e+00	-9.714545e+00
467.759	0.570	-0.689	4.955480e+01	8.041420e+00	-8.192718e+00
469.365	0.796	-1.036	3.406142e+01	5.531180e+00	-5.636291e+00
470.797	0.584	-0.635	4.975519e+01	8.344821e+00	-8.493724e+00
472.340	0.798	-0.960	3.550978e+01	5.758334e+00	-5.865624e+00
474.112	0.809	-0.974	3.514467e+01	5.689537e+00	-5.792994e+00
475.443	0.635	-0.523	5.446201e+01	8.810064e+00	-8.968467e+00
477.058	0.926	-0.979	3.310463e+01	5.374089e+00	-5.475758e+00
479.128	1.143	-1.143	2.719766e+01	4.510573e+00	-4.599694e+00
480.920	0.619	-0.650	4.830700e+01	8.170324e+00	-8.334432e+00
482.592	0.972	-1.053	3.115562e+01	5.109584e+00	-5.220005e+00
484.381	0.793	-0.817	3.623834e+01	6.448398e+00	-6.568280e+00
486.049	0.717	-0.875	3.844356e+01	6.292299e+00	-6.425003e+00
487.456	0.600	-0.690	4.745740e+01	7.716102e+00	-7.865278e+00
488.792	0.737	-0.737	4.155353e+01	6.715523e+00	-6.834565e+00
490.248	0.781	-0.719	4.023216e+01	6.574374e+00	-6.678313e+00
491.851	0.851	-0.823	3.656381e+01	5.905962e+00	-6.009811e+00
493.614	0.768	-0.911	3.540773e+01	5.955876e+00	-6.066813e+00
495.314	0.666	-0.932	3.856922e+01	6.333870e+00	-6.472937e+00
496.713	0.691	-0.733	4.392522e+01	7.208371e+00	-7.365330e+00
498.126	0.836	-0.722	4.011437e+01	6.565932e+00	-6.704458e+00
499.845	0.846	-0.884	3.512072e+01	5.916660e+00	-6.029292e+00
501.785	0.966	-1.094	2.991276e+01	4.945842e+00	-5.039576e+00
503.674	0.851	-0.923	3.474296e+01	5.732384e+00	-5.837800e+00
505.176	0.715	-0.651	4.510266e+01	7.428807e+00	-7.561981e+00
506.711	0.714	-0.820	3.985774e+01	6.556716e+00	-6.672061e+00
508.388	0.905	-0.963	3.262373e+01	5.359870e+00	-5.452333e+00
510.441	0.967	-1.148	2.880979e+01	4.724046e+00	-4.803074e+00
512.412	0.984	-1.003	3.180214e+01	5.059005e+00	-5.141670e+00
514.197	0.761	-0.801	3.901504e+01	6.341602e+00	-6.432855e+00
515.811	0.793	-0.853	3.703232e+01	6.010827e+00	-6.095064e+00
517.388	0.640	-0.785	4.362793e+01	6.996820e+00	-7.106545e+00
519.135	0.915	-1.106	3.037799e+01	4.980421e+00	-5.063534e+00
521.001	0.903	-0.951	3.359824e+01	5.446695e+00	-5.547736e+00
522.544	0.687	-0.641	4.625968e+01	7.628817e+00	-7.768103e+00
524.268	0.993	-1.037	3.068276e+01	4.984694e+00	-5.079998e+00
526.066	0.927	-0.806	3.543078e+01	5.858265e+00	-5.969309e+00
528.090	0.741	-1.097	3.246921e+01	5.561684e+00	-5.664633e+00
529.635	0.743	-0.803	3.918298e+01	6.617130e+00	-6.747391e+00
531.306	0.799	-0.928	3.609770e+01	5.903023e+00	-6.026131e+00
533.092	0.983	-0.987	3.121052e+01	5.169407e+00	-5.269774e+00
535.043	1.116	-0.969	2.862646e+01	4.882309e+00	-4.967005e+00
537.116	1.150	-0.956	2.960316e+01	4.787517e+00	-4.873264e+00
539.363	1.010	-1.097	2.924219e+01	4.782528e+00	-4.859218e+00
541.338	0.787	-0.965	3.566071e+01	5.740746e+00	-5.836545e+00
543.349	1.274	-1.224	2.501829e+01	4.056150e+00	-4.131495e+00
546.227	1.220	-1.604	2.181758e+01	3.616592e+00	-3.687592e+00
548.605	0.832	-1.159	3.075024e+01	5.079471e+00	-5.174447e+00
550.567	1.074	-1.130	2.778573e+01	4.501764e+00	-4.584570e+00
552.728	1.055	-1.087	2.818508e+01	4.619525e+00	-4.696248e+00
554.962	1.173	-1.179	2.604104e+01	4.182296e+00	-4.249470e+00
557.559	1.144	-1.423	2.317659e+01	3.868856e+00	-3.932992e+00
559.868	1.091	-1.165	2.748785e+01	4.480028e+00	-4.569499e+00
562.186	1.071	-1.227	2.687776e+01	4.469205e+00	-4.560602e+00
563.968	0.722	-0.711	4.376191e+01	7.174997e+00	-7.329521e+00
566.197	1.268	-1.507	2.258242e+01	3.717963e+00	-3.802028e+00
568.488	0.934	-1.023	3.202605e+01	5.316252e+00	-5.447368e+00
570.871	1.417	-1.449	2.196935e+01	3.663075e+00	-3.757287e+00
573.379	1.189	-1.090	2.769270e+01	4.577052e+00	-4.685033e+00
575.868	1.410	-1.301	2.327723e+01	3.813159e+00	-3.894423e+00
578.616	1.045	-1.337	2.573764e+01	4.324495e+00	-4.403765e+00
580.744	1.342	-1.083	2.607066e+01	4.250373e+00	-4.327428e+00
583.561	1.238	-1.475	2.278634e+01	3.677808e+00	-3.741744e+00
586.484	1.814	-1.685	1.741411e+01	2.855106e+00	-2.902776e+00
589.739	1.413	-1.441	2.135513e+01	3.517522e+00	-3.580617e+00
592.465	1.641	-1.312	2.088694e+01	3.456075e+00	-3.522264e+00
595.683	1.152	-1.578	2.308242e+01	3.774375e+00	-3.853019e+00
598.453	1.168	-1.618	2.228831e+01	3.689219e+00	-3.760209e+00
600.881	1.183	-1.260	2.578920e+01	4.186864e+00	-4.266162e+00
603.650	1.828	-1.586	1.833891e+01	2.970270e+00	-3.024654e+00
606.982	1.780	-1.504	1.903899e+01	3.089162e+00	-3.147188e+00
610.879	1.311	-2.118	1.797840e+01	2.986400e+00	-3.046674e+00
613.756	1.493	-1.566	2.031042e+01	3.380611e+00	-3.450645e+00
617.147	2.402	-1.898	1.468652e+01	2.413190e+00	-2.466525e+00
622.487	2.043	-2.938	1.228775e+01	2.063063e+00	-2.100448e+00
626.293	2.059	-1.762	1.637151e+01	2.628447e+00	-2.670432e+00
630.313	1.891	-1.961	1.577930e+01	2.653219e+00	-2.702373e+00
634.374	2.397	-2.170	1.329666e+01	2.246645e+00	-2.291172e+00
638.763	2.125	-1.992	1.473419e+01	2.486282e+00	-2.534696e+00
642.800	2.194	-1.913	1.498954e+01	2.492764e+00	-2.543825e+00
647.434	3.390	-2.440	1.071321e+01	1.795651e+00	-1.836075e+00
653.012	2.036	-2.188	1.479310e+01	2.455247e+00	-2.504224e+00
657.339	2.440	-2.291	1.306022e+01	2.150251e+00	-2.188562e+00
662.002	2.301	-2.223	1.363210e+01	2.259253e+00	-2.303479e+00
667.135	2.179	-2.832	1.217469e+01	1.997832e+00	-2.031658e+00
672.375	2.499	-3.061	1.090934e+01	1.808378e+00	-1.843819e+00
677.736	2.405	-2.862	1.188520e+01	1.982351e+00	-2.033465e+00
682.226	2.476	-2.085	9.072660e+00	1.818888e+00	-1.846877e+00
687.494	3.031	-2.792	7.076379e+00	1.408663e+00	-1.427588e+00
692.959	3.014	-2.434	7.670920e+00	1.487608e+00	-1.508253e+00
698.692	2.726	-2.720	7.595651e+00	1.472959e+00	-1.493387e+00
704.563	2.623	-3.145	6.963130e+00	1.379783e+00	-1.396550e+00
709.853	2.962	-2.667	7.384759e+00	1.441089e+00	-1.463565e+00
714.608	3.124	-1.792	8.345822e+00	1.673453e+00	-1.699285e+00
720.254	2.308	-2.522	8.429030e+00	1.674715e+00	-1.696315e+00
724.987	2.175	-2.426	8.797870e+00	1.744566e+00	-1.766107e+00
729.993	2.852	-2.831	1.081894e+01	1.798430e+00	-1.835063e+00
736.158	2.734	-3.313	1.008454e+01	1.707251e+00	-1.741962e+00
741.830	2.613	-2.938	1.112678e+01	1.793489e+00	-1.824027e+00
746.921	3.027	-2.478	9.706472e+00	1.665172e+00	-1.686710e+00
752.125	2.248	-2.177	9.330052e+00	1.796937e+00	-1.818432e+00
756.728	2.782	-2.356	1.206283e+01	2.007188e+00	-2.048603e+00
762.435	2.558	-2.925	1.138184e+01	1.854835e+00	-1.891822e+00
767.785	2.651	-2.792	1.119807e+01	1.840854e+00	-1.872901e+00
772.501	1.764	-2.065	1.573711e+01	2.631164e+00	-2.675906e+00
775.881	1.216	-1.616	2.170913e+01	3.574355e+00	-3.638075e+00
778.734	1.811	-1.637	1.783327e+01	2.938959e+00	-2.992090e+00
782.565	1.825	-2.020	1.623535e+01	2.633737e+00	-2.683071e+00
785.335	0.887	-0.946	3.420969e+01	5.550068e+00	-5.654158e+00
787.671	1.131	-1.449	2.430087e+01	3.964203e+00	-4.044323e+00
789.746	1.155	-0.944	2.943529e+01	4.904997e+00	-5.008071e+00
791.896	0.973	-0.994	3.185926e+01	5.215454e+00	-5.325674e+00
794.370	1.502	-1.501	2.039459e+01	3.369407e+00	-3.432549e+00
796.795	0.808	-0.923	3.545544e+01	5.735146e+00	-5.838179e+00
798.746	1.211	-1.143	2.607541e+01	4.203914e+00	-4.275727e+00
801.006	1.138	-1.049	2.686871e+01	4.546193e+00	-4.615286e+00
803.306	0.866	-1.162	3.026166e+01	4.896732e+00	-4.985160e+00
805.208	1.001	-1.036	3.010377e+01	4.888649e+00	-4.981589e+00
807.478	1.044	-1.269	2.610614e+01	4.289984e+00	-4.364235e+00
809.452	1.393	-0.931	2.561008e+01	4.256749e+00	-4.322399e+00
811.764	0.656	-0.919	3.890366e+01	6.244619e+00	-6.343995e+00
813.561	0.954	-1.142	2.922707e+01	4.694957e+00	-4.770622e+00
815.462	0.865	-0.946	3.333762e+01	5.446429e+00	-5.532187e+00
817.518	1.009	-1.191	2.725792e+01	4.551715e+00	-4.619287e+00
819.663	1.006	-1.136	2.859383e+01	4.587318e+00	-4.659677e+00
821.513	1.010	-0.844	3.303936e+01	5.308876e+00	-5.394841e+00
823.666	1.111	-1.143	2.678438e+01	4.393740e+00	-4.467728e+00
825.682	1.202	-0.904	2.872968e+01	4.728042e+00	-4.811733e+00
828.098	1.104	-1.214	2.689109e+01	4.358723e+00	-4.439406e+00
830.153	0.784	-0.950	3.491157e+01	5.847745e+00	-5.950065e+00
831.869	1.027	-0.932	3.182468e+01	5.170164e+00	-5.269001e+00
833.909	1.058	-1.013	3.010214e+01	4.903513e+00	-5.000757e+00
836.325	0.894	-1.359	2.767683e+01	4.505476e+00	-4.594040e+00
838.352	1.128	-1.133	2.719346e+01	4.402365e+00	-4.482428e+00
840.379	0.962	-0.899	3.298677e+01	5.313855e+00	-5.403479e+00
842.660	1.095	-1.319	2.506408e+01	4.101329e+00	-4.167663e+00
845.063	0.866	-1.308	2.823575e+01	4.546836e+00	-4.623077e+00
847.268	0.923	-1.339	2.633271e+01	4.393962e+00	-4.466333e+00
849.461	0.944	-1.271	2.718569e+01	4.479210e+00	-4.559905e+00
851.381	0.809	-0.975	3.423365e+01	5.543772e+00	-5.645035e+00
853.625	1.403	-1.435	2.152739e+01	3.461595e+00	-3.518315e+00
855.939	0.846	-0.911	3.376207e+01	5.593767e+00	-5.675232e+00
857.978	1.143	-1.193	2.608222e+01	4.210453e+00	-4.283831e+00
860.321	1.649	-1.199	2.113028e+01	3.434595e+00	-3.500737e+00
863.156	1.618	-1.186	2.146536e+01	3.458053e+00	-3.516430e+00
866.021	1.254	-1.247	2.406087e+01	3.860081e+00	-3.920974e+00
! PC data
4102.599	38.082	-52.181	3.849606e-01	8.675774e-02	-8.675774e-02
4169.869	28.480	-29.188	5.623065e-01	1.260169e-01	-1.260169e-01
4241.083	42.515	-42.734	3.978041e-01	8.717872e-02	-8.717872e-02
4331.019	37.827	-47.421	3.761661e-01	8.449057e-02	-8.449057e-02
4435.182	36.465	-66.335	3.288713e-01	7.184200e-02	-7.184200e-02
4553.557	91.095	-81.910	1.837039e-01	4.126170e-02	-4.126170e-02
4699.300	60.688	-54.649	2.732045e-01	6.136441e-02	-6.136441e-02
4851.541	104.017	-91.553	1.612600e-01	3.630197e-02	-3.630197e-02
5063.696	92.447	-108.137	1.548924e-01	3.518483e-02	-3.518483e-02
5221.948	62.068	-65.805	2.448123e-01	5.492565e-02	-5.492565e-02
5398.191	144.077	-114.176	1.218735e-01	2.740470e-02	-2.740470e-02
5707.182	140.979	-164.913	7.764458e-02	2.025881e-02	-2.025881e-02
5989.958	128.992	-141.798	8.773464e-02	2.306490e-02	-2.306490e-02
6406.848	228.596	-287.897	7.697376e-02	1.584753e-02	-1.584753e-02
9986.491	110.151	-153.117	7.518374e-02	1.951642e-02	-1.951642e-02
10216.560	115.770	-119.918	8.389075e-02	2.197289e-02	-2.197289e-02
10442.847	140.214	-110.518	7.978980e-02	2.073059e-02	-2.073059e-02
10721.391	139.982	-138.330	9.215282e-02	2.135100e-02	-2.135100e-02
10982.557	106.981	-121.184	9.340921e-02	2.354848e-02	-2.354848e-02
11199.591	98.055	-110.052	9.681795e-02	2.510986e-02	-2.510986e-02
11472.600	90.821	-174.955	7.471943e-02	1.951794e-02	-1.951794e-02
11653.665	80.253	-90.245	1.565142e-01	3.509120e-02	-3.509120e-02
11793.655	65.629	-59.737	2.131873e-01	4.773375e-02	-4.773375e-02
11931.153	83.585	-71.869	1.706743e-01	3.836850e-02	-3.836850e-02
12078.871	61.232	-64.134	2.120105e-01	4.756551e-02	-4.756551e-02
12264.217	156.690	-124.114	1.317527e-01	2.513825e-02	-2.513825e-02
15649.688	43.394	-34.333	3.729012e-01	8.347413e-02	-8.347413e-02
15769.255	69.251	-76.173	1.906881e-01	4.296657e-02	-4.296657e-02
15900.271	53.573	-61.764	3.720903e-01	8.338155e-02	-8.338155e-02
16034.623	74.674	-80.780	3.306807e-01	7.449811e-02	-7.449811e-02
16203.229	91.609	-93.932	2.727987e-01	6.139214e-02	-6.139214e-02
16391.288	61.512	-96.449	2.426582e-01	5.316937e-02	-5.316937e-02
16507.556	40.522	-54.756	2.869288e-01	6.429923e-02	-6.429923e-02
16610.989	49.918	-62.911	2.420100e-01	5.423318e-02	-5.423318e-02
16724.690	46.539	-63.783	3.232466e-01	7.259362e-02	-7.259362e-02
16813.198	65.845	-41.970	2.702292e-01	6.049094e-02	-6.049094e-02
16923.026	48.788	-43.983	2.955193e-01	6.636913e-02	-6.636913e-02
17044.350	52.829	-72.537	2.165423e-01	4.884573e-02	-4.884573e-02
17170.976	59.091	-73.797	2.044996e-01	4.617995e-02	-4.617995e-02
17302.244	53.189	-72.177	2.173544e-01	4.886792e-02	-4.886792e-02
17443.367	72.534	-87.934	1.740521e-01	3.904676e-02	-3.904676e-02
17591.699	62.104	-75.799	2.002387e-01	4.501979e-02	-4.501979e-02
17701.293	57.818	-47.490	2.654608e-01	5.935884e-02	-5.935884e-02
17817.972	86.563	-58.862	1.960468e-01	4.412563e-02	-4.412563e-02
17948.028	24.205	-43.493	4.123840e-01	9.291995e-02	-9.291995e-02
18067.307	130.119	-95.075	2.509447e-01	4.262315e-02	-4.262315e-02
21456.547	37.806	-54.965	2.760121e-01	6.064537e-02	-6.064537e-02
21540.852	38.750	-46.499	2.908005e-01	6.529280e-02	-6.529280e-02
21625.971	46.402	-46.369	2.672339e-01	6.018735e-02	-6.018735e-02
21727.389	45.277	-55.016	2.475153e-01	5.557407e-02	-5.557407e-02
21814.403	38.497	-41.737	3.140076e-01	7.035854e-02	-7.035854e-02
21923.518	119.938	-70.618	2.393531e-01	5.379156e-02	-5.379156e-02
22129.664	64.231	-86.208	3.051027e-01	6.849735e-02	-6.849735e-02
22246.780	54.929	-52.885	3.039934e-01	6.804477e-02	-6.804477e-02
22357.221	57.318	-55.511	2.199625e-01	4.933690e-02	-4.933690e-02
22452.382	54.927	-37.843	4.179491e-01	9.374008e-02	-9.374008e-02
22599.264	76.035	-91.955	2.727779e-01	6.136361e-02	-6.136361e-02
22762.886	72.881	-87.587	2.856473e-01	6.406511e-02	-6.406511e-02
22894.792	51.297	-59.024	3.159919e-01	7.094725e-02	-7.094725e-02
23003.729	55.190	-57.639	2.192102e-01	4.916815e-02	-4.916815e-02
23101.276	45.399	-42.357	2.822913e-01	6.331704e-02	-6.331704e-02
23184.275	35.112	-37.600	3.414073e-01	7.641936e-02	-7.641936e-02
23267.378	62.331	-47.991	2.236336e-01	5.036754e-02	-5.036754e-02
23361.041	38.872	-31.333	3.554566e-01	7.964587e-02	-7.964587e-02
23443.397	69.346	-43.483	2.291323e-01	5.144658e-02	-5.144658e-02
23599.572	71.132	-86.829	2.797533e-01	6.344392e-02	-6.344392e-02
23833.244	158.396	-162.540	2.721733e-01	4.385278e-02	-4.385278e-02
27238.388	42.411	-57.882	2.746177e-01	5.871235e-02	-5.871235e-02
27354.739	71.485	-73.940	1.711205e-01	3.849981e-02	-3.849981e-02
27506.558	45.032	-80.334	1.979208e-01	4.457533e-02	-4.457533e-02
27618.383	66.094	-66.794	1.869205e-01	4.201138e-02	-4.201138e-02
27755.910	66.470	-71.432	1.793681e-01	4.052207e-02	-4.052207e-02
27873.518	44.141	-51.137	2.617833e-01	5.865642e-02	-5.865642e-02
27976.560	56.434	-58.902	2.149492e-01	4.846033e-02	-4.846033e-02
28080.746	52.542	-47.751	2.481012e-01	5.570485e-02	-5.570485e-02
28188.430	62.701	-55.143	2.110597e-01	4.743679e-02	-4.743679e-02
28299.634	39.254	-48.502	2.844899e-01	6.380952e-02	-6.380952e-02
28382.002	39.627	-43.114	3.010240e-01	6.758732e-02	-6.758732e-02
28477.190	49.746	-55.562	2.484971e-01	5.438533e-02	-5.438533e-02
28587.215	60.072	-60.279	2.066794e-01	4.645230e-02	-4.645230e-02
28774.700	103.260	-127.413	2.738590e-01	6.181310e-02	-6.181310e-02
28997.031	53.934	-119.071	1.438653e-01	3.230132e-02	-3.230132e-02
29101.154	45.089	-50.189	2.742183e-01	6.001459e-02	-6.001459e-02
29194.246	47.275	-48.003	2.613592e-01	5.856140e-02	-5.856140e-02
29313.828	58.073	-72.307	1.906965e-01	4.281608e-02	-4.281608e-02
29425.528	74.247	-53.626	1.953288e-01	4.376632e-02	-4.376632e-02
29610.787	154.082	-111.012	2.043939e-01	3.305842e-02	-3.305842e-02
33060.507	70.768	-97.222	1.735733e-01	3.823352e-02	-3.823352e-02
33208.730	47.911	-77.455	2.145425e-01	4.860807e-02	-4.860807e-02
33327.076	59.946	-70.434	2.069709e-01	4.643175e-02	-4.643175e-02
33458.570	78.891	-71.548	1.780254e-01	4.011334e-02	-4.011334e-02
33602.629	75.242	-65.168	1.913345e-01	4.297081e-02	-4.297081e-02
33765.223	68.102	-87.352	1.718580e-01	3.889431e-02	-3.889431e-02
33918.046	53.181	-84.722	1.939880e-01	4.347167e-02	-4.347167e-02
34060.067	74.135	-88.840	1.736157e-01	3.820289e-02	-3.820289e-02
34219.921	77.257	-85.718	1.650076e-01	3.713938e-02	-3.713938e-02
34363.351	49.164	-66.173	2.350875e-01	5.279706e-02	-5.279706e-02
34513.054	95.031	-100.539	1.448190e-01	3.179991e-02	-3.179991e-02
34758.372	145.563	-150.287	1.590493e-01	2.698495e-02	-2.698495e-02
35105.633	92.077	-113.523	9.822742e-02	2.562252e-02	-2.562252e-02
35259.997	63.079	-62.287	2.158536e-01	4.853048e-02	-4.853048e-02
35412.624	146.690	-89.548	1.618072e-01	3.537236e-02	-3.537236e-02
38814.935	64.459	-68.429	1.862401e-01	4.177304e-02	-4.177304e-02
38958.349	63.962	-78.955	1.729465e-01	3.879134e-02	-3.879134e-02
39119.049	113.877	-96.738	1.163389e-01	2.628365e-02	-2.628365e-02
39345.838	92.688	-112.912	1.186760e-01	2.683946e-02	-2.683946e-02
39512.087	84.400	-73.561	1.557636e-01	3.493726e-02	-3.493726e-02
39692.202	107.378	-95.715	9.608924e-02	2.427115e-02	-2.427115e-02
39888.552	94.062	-88.972	1.343549e-01	3.025984e-02	-3.025984e-02
40103.172	72.505	-120.558	9.504107e-02	2.477659e-02	-2.477659e-02
40267.665	88.538	-91.988	1.359063e-01	3.067261e-02	-3.067261e-02
40503.246	188.925	-147.042	1.378684e-01	2.264627e-02	-2.264627e-02
44649.884	80.189	-120.396	9.356813e-02	2.441193e-02	-2.441193e-02
44836.847	83.782	-106.774	1.326347e-01	2.971572e-02	-2.971572e-02
45012.596	121.155	-91.967	8.889706e-02	2.315288e-02	-2.315288e-02
45188.023	48.528	-54.272	2.481046e-01	5.565795e-02	-5.565795e-02
45347.439	107.249	-110.888	1.164939e-01	2.626981e-02	-2.626981e-02
45568.046	127.343	-113.359	7.922734e-02	2.054504e-02	-2.054504e-02
45817.616	78.358	-122.227	9.506584e-02	2.471650e-02	-2.471650e-02
45984.431	104.607	-88.456	9.747618e-02	2.538728e-02	-2.538728e-02
46188.158	121.523	-99.121	1.158640e-01	2.605975e-02	-2.605975e-02
46484.374	163.793	-174.693	8.521729e-02	1.795084e-02	-1.795084e-02
50465.500	195.102	-150.907	6.809438e-02	1.771885e-02	-1.771885e-02
50777.966	188.529	-117.364	7.902385e-02	2.054280e-02	-2.054280e-02
51195.943	174.229	-229.448	6.072473e-02	1.592523e-02	-1.592523e-02
51567.747	100.795	-197.575	8.390340e-02	2.196080e-02	-2.196080e-02
51778.892	140.382	-110.349	9.818704e-02	2.562411e-02	-2.562411e-02
52058.864	166.301	-139.591	7.985071e-02	2.094107e-02	-2.094107e-02
52459.375	171.962	-234.209	9.516476e-02	1.980815e-02	-1.980815e-02
56276.644	92.221	-135.945	8.103350e-02	2.117305e-02	-2.117305e-02
56447.340	144.675	-78.476	8.864217e-02	2.226335e-02	-2.226335e-02
56721.272	101.416	-129.257	8.013594e-02	2.081404e-02	-2.081404e-02
56921.539	91.705	-98.850	9.756534e-02	2.536619e-02	-2.536619e-02
57131.814	87.029	-118.570	8.994215e-02	2.336105e-02	-2.336105e-02
57407.595	107.111	-188.751	6.284540e-02	1.633929e-02	-1.633929e-02
57622.235	103.085	-107.529	8.833930e-02	2.289935e-02	-2.289935e-02
57853.207	135.381	-127.887	6.991743e-02	1.832335e-02	-1.832335e-02
58082.574	106.599	-93.986	9.836708e-02	2.477482e-02	-2.477482e-02
58372.820	267.657	-183.648	9.150971e-02	1.609239e-02	-1.609239e-02
61999.277	64.578	-75.832	1.767763e-01	3.958667e-02	-3.958667e-02
62211.676	90.374	-147.821	7.805462e-02	2.023306e-02	-2.023306e-02
62471.417	101.423	-169.367	6.933027e-02	1.795387e-02	-1.795387e-02
62662.413	131.070	-89.573	9.583697e-02	2.338567e-02	-2.338567e-02
62885.973	98.066	-92.490	9.826959e-02	2.552343e-02	-2.552343e-02
63107.184	92.483	-123.145	9.168143e-02	2.313325e-02	-2.313325e-02
63303.516	171.955	-103.849	6.769161e-02	1.766868e-02	-1.766868e-02
63605.195	73.368	-129.724	9.854281e-02	2.491080e-02	-2.491080e-02
63873.957	150.615	-195.394	5.405877e-02	1.408233e-02	-1.408233e-02
64243.592	234.792	-219.020	7.275290e-02	1.423417e-02	-1.423417e-02
67903.523	144.581	-196.414	5.381504e-02	1.407025e-02	-1.407025e-02
68179.993	204.090	-131.889	5.454810e-02	1.424694e-02	-1.424694e-02
68504.827	112.436	-120.744	7.883564e-02	2.048286e-02	-2.048286e-02
68731.300	109.113	-114.037	8.310547e-02	2.168283e-02	-2.168283e-02
69042.002	164.478	-201.589	5.011514e-02	1.307540e-02	-1.307540e-02
69328.055	126.649	-121.574	9.925673e-02	2.238620e-02	-2.238620e-02
69580.794	124.641	-126.090	7.302061e-02	1.909166e-02	-1.909166e-02
69969.045	293.002	-263.610	5.295591e-02	1.099504e-02	-1.099504e-02
92850.278	322.962	-426.721	2.527752e-02	6.650674e-03	-6.650674e-03
98513.409	480.027	-329.831	2.342097e-02	6.139860e-03	-6.139860e-03
110146.836	427.748	-820.887	1.417991e-02	4.606219e-03	-3.792510e-03
