! PC data
3612.271	50.858	-41.913	2.598577e-01	5.849075e-02	-5.849075e-02
3703.145	67.799	-40.015	2.231278e-01	5.016794e-02	-5.016794e-02
3860.475	70.937	-89.531	1.488039e-01	3.371718e-02	-3.371718e-02
3993.372	48.361	-61.960	2.186232e-01	4.904697e-02	-4.904697e-02
4087.648	51.871	-45.914	2.471500e-01	5.532508e-02	-5.532508e-02
4215.073	54.826	-75.554	1.849521e-01	4.149304e-02	-4.149304e-02
4333.611	39.088	-63.712	2.348759e-01	5.263529e-02	-5.263529e-02
4435.205	55.337	-62.506	2.035523e-01	4.591846e-02	-4.591846e-02
4581.991	76.536	-91.449	1.572044e-01	3.378550e-02	-3.378550e-02
4949.048	82.247	-99.515	1.637901e-01	4.247672e-02	-4.247672e-02
5191.530	143.149	-160.235	1.386919e-01	2.363573e-02	-2.363573e-02
9706.423	92.552	-178.237	6.708919e-02	1.760478e-02	-1.760478e-02
9935.877	179.020	-136.902	5.767977e-02	1.508955e-02	-1.508955e-02
10204.986	130.555	-90.088	8.267514e-02	2.160661e-02	-2.160661e-02
10528.876	162.703	-193.335	5.129465e-02	1.339193e-02	-1.339193e-02
10942.920	172.387	-251.341	4.600213e-02	1.162070e-02	-1.162070e-02
14948.810	305.145	-264.016	3.405678e-02	9.111728e-03	-9.111728e-03
15558.539	221.952	-304.584	3.771469e-02	9.867880e-03	-9.867880e-03
16247.824	645.902	-467.332	3.348430e-02	6.380799e-03	-6.380799e-03
20767.201	195.279	-383.910	3.349715e-02	8.768805e-03	-8.768805e-03
21450.974	251.164	-488.494	2.615189e-02	6.865803e-03	-6.865803e-03
22091.072	581.383	-388.934	1.995561e-02	5.269578e-03	-5.269578e-03
26811.509	547.751	-655.760	1.643413e-02	4.351168e-03	-4.351168e-03
27903.538	548.899	-544.277	1.802059e-02	4.771206e-03	-4.771206e-03
32885.254	1345.438	-953.756	1.390879e-02	2.871128e-03	-2.871128e-03
38859.650	1151.293	-1152.915	8.589995e-03	2.300289e-03	-2.300289e-03
44491.609	1298.161	-1006.057	1.276881e-02	2.791960e-03	-2.791960e-03
50824.575	746.030	-1565.701	1.096504e-02	2.586534e-03	-2.586534e-03
