! PC data
1373.206	33.706	-28.976	7.205338e-01	1.578578e-01	-1.578578e-01
1448.332	43.830	-41.419	4.924846e-01	1.116297e-01	-1.116297e-01
1537.948	51.999	-45.786	4.293025e-01	9.669784e-02	-9.669784e-02
1636.449	43.761	-46.502	4.694873e-01	1.055285e-01	-1.055285e-01
1730.712	42.269	-50.502	4.546381e-01	1.020842e-01	-1.020842e-01
1815.231	32.970	-42.250	5.598283e-01	1.257036e-01	-1.257036e-01
1896.126	44.845	-47.926	4.571104e-01	1.026393e-01	-1.026393e-01
1975.706	40.486	-34.734	5.613654e-01	1.261803e-01	-1.261803e-01
2061.316	55.168	-45.125	4.184326e-01	9.424945e-02	-9.424945e-02
2160.458	33.753	-43.974	5.661463e-01	1.241572e-01	-1.241572e-01
2239.507	34.939	-45.296	5.501736e-01	1.206544e-01	-1.206544e-01
2358.556	46.270	-84.111	3.221168e-01	7.270698e-02	-7.270698e-02
2485.013	62.730	-80.187	2.952248e-01	6.649765e-02	-6.649765e-02
2627.476	53.155	-79.733	3.140188e-01	7.065697e-02	-7.065697e-02
2742.654	78.387	-62.023	3.003898e-01	6.780286e-02	-6.780286e-02
2921.276	80.291	-100.236	2.842965e-01	5.234409e-02	-5.234409e-02
7213.767	112.435	-105.701	1.196065e-01	2.685013e-02	-2.685013e-02
7440.382	154.104	-114.179	9.701919e-02	2.188008e-02	-2.188008e-02
7715.190	117.491	-120.704	1.094131e-01	2.465892e-02	-2.465892e-02
7930.532	85.184	-97.851	1.420770e-01	3.206280e-02	-3.206280e-02
8115.813	128.068	-100.098	8.518138e-02	2.226540e-02	-2.226540e-02
8368.396	98.638	-124.514	8.743835e-02	2.277498e-02	-2.277498e-02
8666.659	138.848	-199.626	9.614635e-02	1.939151e-02	-1.939151e-02
13106.852	200.139	-203.539	4.504229e-02	1.192961e-02	-1.192961e-02
13450.214	155.148	-143.223	6.194156e-02	1.622623e-02	-1.622623e-02
13776.488	144.797	-171.126	5.837808e-02	1.532063e-02	-1.532063e-02
14078.033	129.086	-156.749	6.487684e-02	1.701064e-02	-1.701064e-02
14464.302	146.482	-257.182	6.755230e-02	1.453561e-02	-1.453561e-02
20418.517	4320.395	-1619.207	1.142034e-02	3.112668e-03	-3.112668e-03
25197.132	263.887	-458.221	2.760708e-02	7.339346e-03	-7.339346e-03
25799.716	421.009	-338.696	2.618466e-02	6.987546e-03	-6.987546e-03
31115.773	908.360	-721.385	2.248644e-02	4.374254e-03	-4.374254e-03
37048.212	782.945	-854.321	1.577643e-02	3.680302e-03	-3.680302e-03
42640.542	520.771	-650.138	1.477005e-02	5.132332e-03	-4.189829e-03
