! WT data
83.956	0.268	-0.309	3.211722e+02	4.222311e+01	-4.134555e+01
84.453	0.288	-0.230	3.715597e+02	4.645909e+01	-4.546068e+01
85.024	0.222	-0.283	3.828163e+02	4.845149e+01	-4.712082e+01
85.515	0.247	-0.269	3.769559e+02	4.799545e+01	-4.661268e+01
86.085	0.320	-0.323	2.938836e+02	3.887331e+01	-3.689620e+01
86.657	0.269	-0.253	3.620871e+02	4.826736e+01	-4.546449e+01
87.231	0.250	-0.305	3.367753e+02	4.555767e+01	-4.283069e+01
87.791	0.361	-0.310	2.841024e+02	3.654089e+01	-3.521209e+01
88.429	0.285	-0.278	3.408410e+02	4.318124e+01	-4.237889e+01
89.127	0.323	-0.414	2.587118e+02	3.263505e+01	-3.203006e+01
89.766	0.345	-0.315	2.859651e+02	3.725222e+01	-3.588539e+01
90.492	0.379	-0.382	2.502478e+02	3.345510e+01	-3.103826e+01
91.264	0.353	-0.393	2.594774e+02	3.322142e+01	-3.191517e+01
92.097	0.383	-0.480	2.187485e+02	2.791780e+01	-2.740838e+01
92.914	0.403	-0.434	2.257231e+02	2.880419e+01	-2.829293e+01
93.734	0.314	-0.418	2.581265e+02	3.304620e+01	-3.238684e+01
94.541	0.451	-0.493	2.024640e+02	2.729420e+01	-2.505086e+01
95.486	0.582	-0.494	1.777761e+02	2.410169e+01	-2.199904e+01
96.538	0.424	-0.469	2.142528e+02	2.741073e+01	-2.654568e+01
97.490	0.474	-0.528	1.910389e+02	2.406568e+01	-2.363792e+01
98.620	0.645	-0.657	1.268790e+02	1.651450e+01	-1.614467e+01
99.722	0.512	-0.456	1.525703e+02	1.948054e+01	-1.874175e+01
100.609	0.421	-0.376	1.880303e+02	2.424219e+01	-2.291852e+01
101.534	0.366	-0.504	1.680772e+02	2.256750e+01	-2.089238e+01
102.475	0.569	-0.575	1.278182e+02	1.670573e+01	-1.589244e+01
103.525	0.345	-0.481	1.406625e+02	1.779588e+01	-1.745361e+01
104.206	0.333	-0.336	1.122176e+02	1.370957e+01	-1.370958e+01
104.860	0.310	-0.321	1.164021e+02	1.462369e+01	-1.462369e+01
105.494	0.333	-0.324	1.119844e+02	1.406869e+01	-1.406869e+01
106.070	0.289	-0.243	9.753396e+01	1.451243e+01	-1.451244e+01
106.711	0.374	-0.352	1.002127e+02	1.276852e+01	-1.276853e+01
107.355	0.260	-0.271	9.363668e+01	1.425143e+01	-1.425143e+01
107.877	0.270	-0.262	9.478237e+01	1.412933e+01	-1.412933e+01
108.492	0.415	-0.345	9.733785e+01	1.198148e+01	-1.198148e+01
109.262	0.322	-0.356	1.107436e+02	1.352950e+01	-1.352951e+01
109.898	0.387	-0.314	1.070909e+02	1.308325e+01	-1.308325e+01
110.607	0.306	-0.322	1.195269e+02	1.460256e+01	-1.460256e+01
111.276	0.297	-0.363	7.521107e+01	1.144707e+01	-1.144707e+01
112.028	0.307	-0.454	6.519556e+01	9.922714e+00	-9.922715e+00
112.807	0.341	-0.472	6.243652e+01	9.394672e+00	-9.394672e+00
113.428	0.345	-0.280	9.867923e+01	1.330592e+01	-1.330592e+01
114.143	0.322	-0.370	7.163781e+01	1.090322e+01	-1.090322e+01
114.799	0.326	-0.334	7.417096e+01	1.105676e+01	-1.105676e+01
115.478	0.356	-0.354	6.790605e+01	1.033525e+01	-1.033525e+01
116.131	0.240	-0.296	9.344982e+01	1.377844e+01	-1.377844e+01
116.688	0.326	-0.318	7.601407e+01	1.133152e+01	-1.133152e+01
117.306	0.297	-0.292	8.313421e+01	1.239293e+01	-1.239293e+01
117.901	0.380	-0.298	1.075323e+02	1.313718e+01	-1.313718e+01
118.543	0.242	-0.262	9.723274e+01	1.449461e+01	-1.449461e+01
119.071	0.244	-0.286	9.233862e+01	1.376504e+01	-1.376504e+01
119.590	0.233	-0.276	9.835042e+01	1.450099e+01	-1.450099e+01
120.162	0.346	-0.339	1.053185e+02	1.304716e+01	-1.304716e+01
120.821	0.416	-0.313	9.545273e+01	1.193161e+01	-1.193161e+01
121.524	0.306	-0.286	1.217624e+02	1.508428e+01	-1.508428e+01
122.165	0.339	-0.335	1.081017e+02	1.320674e+01	-1.320674e+01
122.787	0.247	-0.283	1.374880e+02	1.679685e+01	-1.679685e+01
123.284	0.253	-0.249	1.452823e+02	1.774909e+01	-1.774909e+01
124.045	0.489	-0.509	2.670975e+02	3.344749e+01	-3.337456e+01
124.896	0.391	-0.362	3.979073e+02	5.146823e+01	-5.087103e+01
125.749	0.367	-0.462	3.611977e+02	4.667270e+01	-4.617616e+01
126.504	0.350	-0.388	4.055801e+02	5.240911e+01	-5.185014e+01
127.176	0.257	-0.321	5.271836e+02	6.659703e+01	-6.588087e+01
127.721	0.341	-0.288	4.839970e+02	6.118833e+01	-6.048556e+01
128.304	0.263	-0.242	6.476376e+02	7.984746e+01	-7.902009e+01
128.859	0.287	-0.291	5.128475e+02	6.761601e+01	-6.708355e+01
129.418	0.229	-0.272	6.268682e+02	7.860577e+01	-7.798985e+01
129.909	0.241	-0.261	6.337636e+02	7.750015e+01	-7.685992e+01
130.417	0.234	-0.268	6.283553e+02	7.787603e+01	-7.705719e+01
130.890	0.270	-0.239	6.785758e+02	8.091031e+01	-7.995782e+01
131.428	0.260	-0.268	5.826463e+02	7.363305e+01	-7.281292e+01
131.953	0.288	-0.265	5.367938e+02	7.090561e+01	-7.021981e+01
132.604	0.307	-0.362	4.683362e+02	5.773448e+01	-5.722184e+01
133.190	0.309	-0.279	5.182006e+02	6.623974e+01	-6.549778e+01
133.755	0.282	-0.255	5.629022e+02	7.316603e+01	-7.197678e+01
134.354	0.313	-0.317	4.715900e+02	6.257839e+01	-6.170070e+01
134.939	0.270	-0.273	5.773534e+02	7.153492e+01	-7.055436e+01
135.532	0.309	-0.323	4.874427e+02	6.172183e+01	-6.091974e+01
136.145	0.347	-0.304	4.769708e+02	5.982766e+01	-5.894689e+01
136.733	0.287	-0.241	5.775115e+02	7.432065e+01	-7.300993e+01
137.374	0.385	-0.353	4.206459e+02	5.293518e+01	-5.199138e+01
138.233	0.450	-0.475	3.181147e+02	4.299256e+01	-4.211315e+01
139.075	0.298	-0.391	4.570779e+02	5.760880e+01	-5.587753e+01
139.776	0.375	-0.404	3.978505e+02	5.153690e+01	-4.974585e+01
140.655	0.435	-0.503	3.335759e+02	4.273160e+01	-4.124206e+01
141.494	0.525	-0.405	3.302588e+02	4.293861e+01	-4.175990e+01
142.598	0.502	-0.578	2.838535e+02	3.754929e+01	-3.642195e+01
143.665	0.568	-0.565	2.735650e+02	3.560044e+01	-3.420784e+01
144.847	0.668	-0.614	2.374346e+02	3.147198e+01	-3.037052e+01
146.207	0.577	-0.692	2.301593e+02	2.985740e+01	-2.877736e+01
147.208	0.386	-0.424	2.370806e+02	3.080428e+01	-2.902226e+01
147.978	0.419	-0.385	2.386494e+02	3.109499e+01	-2.925903e+01
148.830	0.409	-0.432	2.216266e+02	2.930940e+01	-2.820173e+01
149.706	0.403	-0.467	2.185216e+02	2.793533e+01	-2.712563e+01
150.500	0.389	-0.390	2.416483e+02	3.103930e+01	-3.036608e+01
151.414	0.473	-0.525	1.904775e+02	2.417515e+01	-2.363542e+01
152.376	0.514	-0.489	1.876632e+02	2.406652e+01	-2.355953e+01
153.464	0.548	-0.574	1.693432e+02	2.139686e+01	-2.097813e+01
154.722	0.709	-0.709	1.315325e+02	1.700088e+01	-1.669838e+01
156.104	0.546	-0.673	1.560288e+02	1.941357e+01	-1.907103e+01
156.970	0.287	-0.321	1.198784e+02	1.464550e+01	-1.464550e+01
157.572	0.263	-0.314	1.265360e+02	1.545885e+01	-1.545885e+01
158.175	0.317	-0.341	1.108043e+02	1.353692e+01	-1.353692e+01
158.780	0.298	-0.288	1.246129e+02	1.522391e+01	-1.522392e+01
159.374	0.254	-0.296	8.911285e+01	1.328417e+01	-1.328417e+01
159.973	0.308	-0.345	1.105596e+02	1.369644e+01	-1.369645e+01
160.549	0.291	-0.268	1.292193e+02	1.600806e+01	-1.600807e+01
161.169	0.218	-0.330	8.665470e+01	1.346805e+01	-1.346805e+01
161.698	0.355	-0.310	1.073570e+02	1.348734e+01	-1.348734e+01
162.393	0.317	-0.341	1.085178e+02	1.363317e+01	-1.363318e+01
162.966	0.371	-0.256	1.164728e+02	1.422943e+01	-1.422944e+01
163.632	0.226	-0.295	9.398024e+01	1.400976e+01	-1.400976e+01
164.188	0.361	-0.329	9.935763e+01	1.251790e+01	-1.251790e+01
164.825	0.241	-0.276	9.171856e+01	1.425509e+01	-1.425509e+01
165.407	0.257	-0.341	8.195314e+01	1.221686e+01	-1.221687e+01
165.924	0.370	-0.260	9.679897e+01	1.293532e+01	-1.293532e+01
166.532	0.298	-0.238	9.961204e+01	1.423030e+01	-1.423031e+01
167.101	0.300	-0.271	8.314688e+01	1.292286e+01	-1.292286e+01
167.678	0.283	-0.277	9.907793e+01	1.387370e+01	-1.387370e+01
168.302	0.287	-0.341	7.802602e+01	1.163144e+01	-1.163144e+01
168.856	0.307	-0.267	8.396311e+01	1.277912e+01	-1.277912e+01
169.474	0.286	-0.310	8.095681e+01	1.232157e+01	-1.232157e+01
170.069	0.242	-0.310	8.945931e+01	1.346072e+01	-1.346073e+01
170.610	0.286	-0.299	8.243168e+01	1.254604e+01	-1.254604e+01
171.282	0.351	-0.386	6.652935e+01	9.917618e+00	-9.917621e+00
171.992	0.334	-0.359	7.062360e+01	1.052795e+01	-1.052796e+01
172.637	0.245	-0.310	8.828109e+01	1.316018e+01	-1.316018e+01
173.229	0.347	-0.347	7.062429e+01	1.052806e+01	-1.052806e+01
173.919	0.347	-0.343	7.098727e+01	1.058217e+01	-1.058217e+01
174.612	0.373	-0.346	6.817747e+01	1.016331e+01	-1.016331e+01
175.355	0.323	-0.371	6.953974e+01	1.058389e+01	-1.058390e+01
176.079	0.340	-0.400	6.519368e+01	9.922428e+00	-9.922430e+00
176.821	0.334	-0.403	6.652943e+01	9.917630e+00	-9.917633e+00
177.509	0.374	-0.353	6.734318e+01	1.003894e+01	-1.003894e+01
178.266	0.363	-0.383	6.574281e+01	9.800367e+00	-9.800370e+00
179.124	0.479	-0.496	4.950611e+01	7.534792e+00	-7.534795e+00
180.214	0.566	-0.610	4.168418e+01	6.213916e+00	-6.213918e+00
181.215	0.472	-0.435	5.402499e+01	8.053576e+00	-8.053579e+00
182.212	0.416	-0.525	5.208533e+01	7.764429e+00	-7.764432e+00
183.090	0.415	-0.463	5.713018e+01	8.423392e+00	-8.423395e+00
183.930	0.413	-0.425	5.759959e+01	8.766614e+00	-8.766617e+00
184.717	0.382	-0.374	6.482998e+01	9.664290e+00	-9.664293e+00
185.454	0.371	-0.355	6.545743e+01	1.017353e+01	-1.017353e+01
186.272	0.470	-0.447	5.185748e+01	8.059796e+00	-8.059799e+00
187.343	0.699	-0.602	3.653435e+01	5.678244e+00	-5.678246e+00
188.538	0.413	-0.496	5.391946e+01	8.037845e+00	-8.037848e+00
189.556	0.635	-0.605	3.831943e+01	5.955684e+00	-5.955686e+00
190.795	0.473	-0.604	4.414809e+01	6.861586e+00	-6.861589e+00
191.802	0.513	-0.535	4.678438e+01	6.974209e+00	-6.974212e+00
192.773	0.531	-0.458	4.956169e+01	7.388227e+00	-7.388230e+00
193.867	0.661	-0.563	3.882157e+01	6.033727e+00	-6.033729e+00
195.195	0.523	-0.667	4.119047e+01	6.140318e+00	-6.140321e+00
196.489	0.684	-0.770	3.269195e+01	5.081049e+00	-5.081051e+00
197.615	0.453	-0.442	5.478412e+01	8.166741e+00	-8.166745e+00
198.901	0.595	-0.834	3.431659e+01	5.115619e+00	-5.115622e+00
199.998	0.623	-0.502	4.293043e+01	6.533978e+00	-6.533981e+00
201.524	0.718	-0.904	3.021367e+01	4.503992e+00	-4.503994e+00
203.136	0.728	-0.893	3.024692e+01	4.508949e+00	-4.508951e+00
204.691	0.537	-0.828	3.592546e+01	5.355456e+00	-5.355458e+00
205.840	0.630	-0.612	3.947740e+01	5.884948e+00	-5.884951e+00
207.435	0.813	-0.965	2.715878e+01	4.133546e+00	-4.133548e+00
208.864	0.588	-0.616	4.070196e+01	6.067495e+00	-6.067498e+00
210.248	0.762	-0.797	3.097301e+01	4.714069e+00	-4.714071e+00
211.995	0.618	-0.985	3.058458e+01	4.559283e+00	-4.559286e+00
213.275	0.753	-0.662	3.359790e+01	5.221854e+00	-5.221856e+00
214.937	0.916	-0.910	2.562071e+01	4.067143e+00	-4.067145e+00
216.738	0.990	-0.885	2.574324e+01	3.918101e+00	-3.918103e+00
218.724	0.819	-0.996	2.701696e+01	4.027454e+00	-4.027456e+00
220.446	0.817	-0.904	2.849701e+01	4.248087e+00	-4.248089e+00
222.059	0.813	-0.796	2.907716e+01	4.615835e+00	-4.615837e+00
223.639	0.890	-0.768	2.956626e+01	4.407482e+00	-4.407484e+00
225.809	0.982	-1.279	2.101414e+01	3.266061e+00	-3.266062e+00
227.563	0.633	-0.772	3.488050e+01	5.199683e+00	-5.199685e+00
229.092	0.882	-0.896	2.758350e+01	4.111909e+00	-4.111911e+00
231.032	1.073	-1.058	2.264797e+01	3.447004e+00	-3.447006e+00
232.987	0.796	-0.882	2.922073e+01	4.355973e+00	-4.355975e+00
234.854	0.818	-1.071	2.594636e+01	3.867858e+00	-3.867860e+00
236.816	1.233	-1.144	1.999137e+01	3.107100e+00	-3.107101e+00
239.551	1.137	-1.501	1.829535e+01	2.784538e+00	-2.784539e+00
241.634	0.818	-0.947	2.735064e+01	4.162746e+00	-4.162748e+00
243.338	1.355	-0.885	2.188651e+01	3.262651e+00	-3.262653e+00
245.831	0.980	-1.139	2.278060e+01	3.467190e+00	-3.467192e+00
247.973	1.355	-1.162	1.887520e+01	2.933623e+00	-2.933624e+00
250.300	0.925	-0.972	2.584900e+01	3.853344e+00	-3.853346e+00
252.610	1.355	-1.385	1.761824e+01	2.681482e+00	-2.681483e+00
255.482	1.245	-1.516	1.775508e+01	2.646774e+00	-2.646775e+00
258.225	1.311	-1.499	1.718350e+01	2.615315e+00	-2.615317e+00
261.214	1.157	-1.679	1.728746e+01	2.577064e+00	-2.577065e+00
263.813	1.843	-1.441	1.469767e+01	2.236975e+00	-2.236975e+00
267.014	1.345	-1.358	1.786103e+01	2.718435e+00	-2.718437e+00
269.576	1.207	-1.218	2.021606e+01	3.013635e+00	-3.013637e+00
272.483	1.484	-1.700	1.539344e+01	2.294721e+00	-2.294722e+00
275.614	1.341	-1.646	1.590662e+01	2.472239e+00	-2.472240e+00
278.971	1.793	-2.016	1.286954e+01	1.918479e+00	-1.918480e+00
282.785	1.365	-2.021	1.447907e+01	2.158413e+00	-2.158414e+00
285.848	2.032	-1.698	1.313972e+01	1.958755e+00	-1.958756e+00
290.072	1.995	-2.191	1.171026e+01	1.745663e+00	-1.745664e+00
293.462	1.077	-1.396	1.982300e+01	2.955041e+00	-2.955042e+00
296.176	2.105	-1.636	1.310274e+01	1.953242e+00	-1.953243e+00
299.692	1.464	-1.411	1.652807e+01	2.568826e+00	-2.568827e+00
302.949	1.847	-1.793	1.326128e+01	2.018357e+00	-2.018358e+00
306.459	1.510	-1.662	1.545479e+01	2.303866e+00	-2.303867e+00
310.178	2.110	-2.210	1.117479e+01	1.700794e+00	-1.700795e+00
314.364	1.611	-2.076	1.329899e+01	1.982498e+00	-1.982499e+00
318.104	2.009	-2.130	1.184639e+01	1.765957e+00	-1.765957e+00
321.747	1.760	-1.634	9.948598e+00	1.786822e+00	-1.786822e+00
325.872	2.448	-2.365	6.790963e+00	1.239855e+00	-1.239856e+00
330.248	1.870	-1.928	8.406159e+00	1.583417e+00	-1.583417e+00
335.089	1.973	-2.971	6.305761e+00	1.225974e+00	-1.225975e+00
338.810	1.708	-1.747	1.418992e+01	2.115310e+00	-2.115311e+00
342.219	1.794	-1.702	9.134116e+00	1.720537e+00	-1.720538e+00
345.729	1.850	-1.715	8.744987e+00	1.700212e+00	-1.700212e+00
349.684	2.725	-2.105	9.767933e+00	1.504184e+00	-1.504185e+00
354.298	2.311	-1.889	9.855218e+00	1.598729e+00	-1.598729e+00
358.699	1.782	-2.090	7.858316e+00	1.577689e+00	-1.577689e+00
362.502	2.174	-2.021	7.611323e+00	1.433698e+00	-1.433699e+00
366.743	2.422	-2.067	7.281329e+00	1.329383e+00	-1.329384e+00
371.651	1.978	-2.486	7.321657e+00	1.336746e+00	-1.336747e+00
375.377	1.762	-1.748	9.931271e+00	1.755618e+00	-1.755619e+00
379.284	2.414	-2.146	7.002123e+00	1.318947e+00	-1.318947e+00
383.888	2.268	-2.189	7.333178e+00	1.338850e+00	-1.338850e+00
388.310	1.615	-2.155	8.668933e+00	1.582724e+00	-1.582725e+00
392.053	1.643	-2.128	8.465332e+00	1.594563e+00	-1.594563e+00
395.691	2.208	-1.994	1.148659e+01	1.748251e+00	-1.748252e+00
400.182	2.455	-2.283	6.898203e+00	1.259435e+00	-1.259435e+00
405.192	1.624	-2.555	8.051945e+00	1.470078e+00	-1.470079e+00
409.076	2.184	-2.260	7.571676e+00	1.382393e+00	-1.382394e+00
412.888	1.928	-1.628	9.362272e+00	1.709310e+00	-1.709311e+00
418.000	1.752	-3.183	6.622728e+00	1.209140e+00	-1.209140e+00
422.215	2.285	-2.463	6.724604e+00	1.266672e+00	-1.266673e+00
426.865	2.109	-2.364	7.138689e+00	1.344671e+00	-1.344671e+00
430.891	1.576	-1.918	9.976985e+00	1.763699e+00	-1.763700e+00
434.339	2.099	-1.872	8.230623e+00	1.502700e+00	-1.502701e+00
439.134	2.153	-2.695	6.431175e+00	1.250357e+00	-1.250358e+00
443.967	3.190	-2.681	5.567141e+00	1.016417e+00	-1.016417e+00
449.406	2.694	-2.249	6.613046e+00	1.207372e+00	-1.207372e+00
455.161	2.447	-3.061	5.933625e+00	1.083327e+00	-1.083328e+00
459.961	2.175	-2.353	7.217888e+00	1.317801e+00	-1.317801e+00
464.746	2.334	-2.611	6.610133e+00	1.206840e+00	-1.206841e+00
469.164	1.674	-2.084	8.497875e+00	1.600693e+00	-1.600693e+00
473.450	1.740	-2.612	7.164434e+00	1.392919e+00	-1.392919e+00
477.359	2.243	-2.169	7.236710e+00	1.363135e+00	-1.363135e+00
481.958	2.501	-2.356	6.728895e+00	1.228523e+00	-1.228524e+00
487.028	3.222	-2.569	5.383585e+00	1.046684e+00	-1.046684e+00
493.750	3.555	-3.501	4.632209e+00	8.457223e-01	-8.457225e-01
500.110	3.018	-2.805	5.612770e+00	1.024747e+00	-1.024748e+00
505.535	2.006	-2.407	7.236710e+00	1.363135e+00	-1.363135e+00
510.736	2.510	-3.196	5.728690e+00	1.045911e+00	-1.045912e+00
516.583	2.778	-3.336	5.345466e+00	9.759446e-01	-9.759450e-01
521.939	3.836	-2.578	5.095829e+00	9.303674e-01	-9.303677e-01
528.268	2.964	-2.493	5.989566e+00	1.093541e+00	-1.093541e+00
534.457	4.535	-3.226	4.211470e+00	7.689061e-01	-7.689063e-01
541.730	2.260	-2.738	6.389560e+00	1.203562e+00	-1.203562e+00
547.031	3.194	-3.042	5.241803e+00	9.570184e-01	-9.570188e-01
553.576	4.045	-3.351	4.317674e+00	8.132937e-01	-8.132940e-01
559.979	2.149	-2.358	7.085869e+00	1.334722e+00	-1.334722e+00
565.434	2.860	-3.306	5.446549e+00	9.943998e-01	-9.944001e-01
570.374	1.583	-2.080	9.185915e+00	1.677112e+00	-1.677112e+00
574.257	3.055	-2.300	6.175320e+00	1.127455e+00	-1.127455e+00
580.354	3.377	-3.042	5.091591e+00	9.295935e-01	-9.295938e-01
587.949	3.037	-4.218	4.505179e+00	8.225298e-01	-8.225301e-01
594.681	3.627	-3.694	4.258770e+00	8.279957e-01	-8.279960e-01
601.371	3.571	-3.063	4.812972e+00	9.065899e-01	-9.065902e-01
607.654	3.052	-2.712	5.670186e+00	1.035230e+00	-1.035230e+00
4318.780	53.769	-78.947	5.329555e-01	1.223257e-01	-1.223536e-01
4437.037	59.705	-64.487	2.528159e-01	9.832138e-02	-9.832699e-02
4523.787	22.542	-27.045	4.560755e-01	1.359510e-01	-1.359638e-01
4575.959	30.758	-29.629	2.542841e-01	1.097346e-01	-9.731917e-02
4625.233	16.803	-18.516	7.276058e-01	1.858712e-01	-1.858950e-01
4662.248	20.161	-20.212	5.220777e-01	1.691490e-01	-1.691624e-01
4701.655	19.694	-19.246	4.424705e-01	1.808460e-01	-1.808551e-01
4736.929	21.026	-15.581	5.126579e-01	1.900430e-01	-1.900542e-01
4808.500	35.405	-50.544	2.696540e-01	1.071918e-01	-9.854896e-02
4907.434	65.483	-63.529	2.124351e-01	8.510406e-02	-7.938148e-02
4996.485	23.459	-23.567	3.334861e-01	1.379462e-01	-1.221293e-01
5051.601	28.297	-31.658	3.642044e-01	1.131182e-01	-1.131271e-01
5101.785	28.375	-21.887	3.577905e-01	1.391461e-01	-1.391527e-01
5162.545	31.115	-32.385	4.038912e-01	1.308572e-01	-1.308667e-01
5291.913	114.703	-98.252	2.440561e-01	9.047180e-02	-9.047656e-02
5520.347	141.304	-113.731	3.709125e-01	9.136223e-02	-9.137341e-02
! PC data
624.280	5.681	-6.856	8.361770e+00	1.832521e+00	-1.832521e+00
643.473	11.561	-13.512	4.550337e+00	9.575296e-01	-9.575296e-01
667.298	12.809	-12.264	4.393890e+00	9.393356e-01	-9.393356e-01
689.736	7.922	-9.630	6.532567e+00	1.367471e+00	-1.367471e+00
707.048	8.161	-9.390	5.635320e+00	1.269592e+00	-1.269592e+00
727.756	17.540	-12.548	3.431616e+00	7.563829e-01	-7.563829e-01
752.139	10.709	-6.842	5.955228e+00	1.303251e+00	-1.303251e+00
775.456	12.464	-12.609	4.758621e+00	9.799000e-01	-9.799000e-01
803.383	17.132	-15.463	3.495805e+00	7.308273e-01	-7.308273e-01
832.787	12.801	-12.272	4.004569e+00	8.994856e-01	-8.994856e-01
858.348	14.820	-12.760	3.641338e+00	8.154479e-01	-8.154479e-01
890.249	18.022	-17.081	3.006030e+00	6.578441e-01	-6.578441e-01
925.322	23.065	-17.051	2.598256e+00	5.702355e-01	-5.702355e-01
964.019	19.470	-15.632	3.954615e+00	7.489527e-01	-7.489527e-01
4396.593	755.665	-153.555	3.441422e-01	9.175864e-02	-9.175864e-02
5305.653	82.657	-101.709	2.921273e-01	6.596710e-02	-6.596710e-02
5521.638	103.559	-133.328	1.982293e-01	4.491131e-02	-4.491131e-02
5709.997	69.999	-84.800	3.518488e-01	7.970423e-02	-7.970423e-02
5858.361	45.239	-78.365	2.458025e-01	5.555922e-02	-5.555922e-02
5945.371	53.506	-41.771	2.693920e-01	5.896933e-02	-5.896933e-02
6027.670	48.933	-28.793	3.110888e-01	7.032612e-02	-7.032612e-02
6119.398	62.513	-42.794	2.295099e-01	5.182708e-02	-5.182708e-02
6221.496	38.140	-39.586	3.121595e-01	7.025931e-02	-7.025931e-02
6300.576	49.323	-40.940	2.667904e-01	6.051132e-02	-6.051132e-02
6382.876	37.227	-32.977	3.614817e-01	7.970703e-02	-7.970703e-02
6465.944	44.422	-45.841	2.676588e-01	6.050813e-02	-6.050813e-02
6577.004	43.683	-66.638	2.303322e-01	5.073538e-02	-5.073538e-02
6682.328	86.290	-61.641	1.959667e-01	4.044119e-02	-4.044119e-02
! PC upper limits
10644.111	46.933	-165.516	2.0433e+00	0.0000e+00	0.0000e+00
