! WT data
75.757	0.279	-0.245	9.619326e+01	1.463479e+01	-1.464460e+01
76.331	0.340	-0.295	1.196872e+02	1.464429e+01	-1.465929e+01
76.978	0.303	-0.307	1.233580e+02	1.529009e+01	-1.530523e+01
77.605	0.412	-0.325	9.858888e+01	1.234077e+01	-1.235244e+01
78.366	0.356	-0.349	1.079016e+02	1.319886e+01	-1.321041e+01
79.070	0.307	-0.348	1.161095e+02	1.420125e+01	-1.421272e+01
79.693	0.269	-0.316	1.286047e+02	1.593444e+01	-1.594675e+01
80.263	0.249	-0.301	1.342279e+02	1.707138e+01	-1.708337e+01
80.861	0.312	-0.349	1.137365e+02	1.409105e+01	-1.410124e+01
81.448	0.311	-0.274	1.286049e+02	1.593278e+01	-1.594409e+01
82.032	0.255	-0.273	9.662771e+01	1.441323e+01	-1.441973e+01
82.660	0.273	-0.372	1.177110e+02	1.439264e+01	-1.440162e+01
83.258	0.370	-0.325	1.082123e+02	1.340358e+01	-1.341143e+01
83.969	0.366	-0.340	1.076278e+02	1.315870e+01	-1.316625e+01
84.624	0.243	-0.289	1.415084e+02	1.752618e+01	-1.753548e+01
85.151	0.341	-0.284	1.217342e+02	1.488195e+01	-1.488963e+01
85.758	0.287	-0.266	1.333224e+02	1.694943e+01	-1.695723e+01
86.393	0.352	-0.349	1.076250e+02	1.315676e+01	-1.316332e+01
86.985	0.275	-0.239	9.711521e+01	1.476577e+01	-1.477013e+01
87.530	0.284	-0.270	1.350165e+02	1.671959e+01	-1.672686e+01
88.131	0.328	-0.318	1.156756e+02	1.432455e+01	-1.433079e+01
88.800	0.267	-0.341	1.227804e+02	1.520412e+01	-1.521057e+01
89.373	0.301	-0.306	1.231433e+02	1.524773e+01	-1.525332e+01
89.957	0.285	-0.283	1.349127e+02	1.636743e+01	-1.637336e+01
90.576	0.320	-0.334	1.152288e+02	1.408286e+01	-1.408762e+01
91.163	0.391	-0.267	9.697261e+01	1.312737e+01	-1.313126e+01
91.818	0.292	-0.263	1.359110e+02	1.661115e+01	-1.661716e+01
92.445	0.325	-0.335	1.098327e+02	1.414610e+01	-1.415054e+01
93.093	0.398	-0.323	1.047038e+02	1.279631e+01	-1.280048e+01
93.844	0.306	-0.354	1.142950e+02	1.396787e+01	-1.397199e+01
94.474	0.322	-0.324	1.156751e+02	1.432147e+01	-1.432564e+01
95.112	0.287	-0.316	9.772725e+01	1.364998e+01	-1.365317e+01
95.723	0.219	-0.324	9.202065e+01	1.398925e+01	-1.399208e+01
96.197	0.316	-0.255	1.308104e+02	1.619517e+01	-1.619977e+01
96.749	0.277	-0.236	9.588677e+01	1.486460e+01	-1.486740e+01
97.331	0.259	-0.305	1.334481e+02	1.630930e+01	-1.631464e+01
97.885	0.302	-0.295	1.246712e+02	1.543573e+01	-1.544058e+01
98.549	0.314	-0.362	1.091473e+02	1.369125e+01	-1.369530e+01
99.214	0.359	-0.350	1.060207e+02	1.295647e+01	-1.296013e+01
99.893	0.373	-0.319	1.087466e+02	1.328922e+01	-1.329271e+01
100.534	0.245	-0.269	9.831313e+01	1.465862e+01	-1.466136e+01
101.079	0.317	-0.300	1.219106e+02	1.489814e+01	-1.490222e+01
101.673	0.259	-0.276	1.405417e+02	1.717510e+01	-1.717991e+01
102.250	0.339	-0.318	1.152325e+02	1.415801e+01	-1.416168e+01
102.941	0.191	-0.352	9.315383e+01	1.388891e+01	-1.389117e+01
103.506	0.303	-0.375	1.088609e+02	1.365396e+01	-1.365699e+01
104.103	0.229	-0.294	9.663915e+01	1.440848e+01	-1.441077e+01
104.622	0.278	-0.290	8.906738e+01	1.327951e+01	-1.328158e+01
105.160	0.262	-0.260	9.771565e+01	1.468560e+01	-1.468796e+01
105.756	0.389	-0.335	1.039367e+02	1.270104e+01	-1.270407e+01
106.446	0.288	-0.301	8.583662e+01	1.279779e+01	-1.279976e+01
106.973	0.315	-0.239	9.947740e+01	1.421345e+01	-1.421580e+01
107.578	0.282	-0.291	8.924597e+01	1.356629e+01	-1.356819e+01
108.220	0.297	-0.359	7.928134e+01	1.182027e+01	-1.182196e+01
108.921	0.270	-0.404	7.719124e+01	1.150870e+01	-1.151040e+01
109.470	0.266	-0.279	9.775459e+01	1.441534e+01	-1.441751e+01
109.992	0.385	-0.257	9.786882e+01	1.340974e+01	-1.341206e+01
110.684	0.279	-0.307	8.960369e+01	1.346625e+01	-1.346826e+01
111.281	0.298	-0.318	8.332239e+01	1.266583e+01	-1.266758e+01
111.905	0.394	-0.327	1.091555e+02	1.323990e+01	-1.324274e+01
112.593	0.341	-0.294	1.220115e+02	1.490938e+01	-1.491265e+01
113.285	0.349	-0.351	1.086702e+02	1.362998e+01	-1.363297e+01
113.887	0.314	-0.253	9.782298e+01	1.412201e+01	-1.412441e+01
114.558	0.408	-0.357	1.003068e+02	1.241739e+01	-1.242000e+01
115.316	0.363	-0.350	1.086218e+02	1.327304e+01	-1.327582e+01
115.988	0.243	-0.309	9.437107e+01	1.407003e+01	-1.407205e+01
116.473	0.291	-0.242	9.751826e+01	1.453945e+01	-1.454168e+01
117.121	0.293	-0.356	8.015126e+01	1.195009e+01	-1.195190e+01
117.672	0.303	-0.258	9.287279e+01	1.384668e+01	-1.384869e+01
118.279	0.275	-0.305	8.752378e+01	1.304929e+01	-1.305126e+01
118.913	0.355	-0.358	9.654755e+01	1.243784e+01	-1.244053e+01
119.540	0.325	-0.273	1.258479e+02	1.537874e+01	-1.538253e+01
120.219	0.342	-0.353	1.060325e+02	1.329927e+01	-1.330229e+01
120.807	0.281	-0.246	9.594518e+01	1.430505e+01	-1.430736e+01
121.393	0.291	-0.305	9.738114e+01	1.382786e+01	-1.383032e+01
122.035	0.311	-0.351	1.114467e+02	1.397841e+01	-1.398163e+01
122.635	0.241	-0.290	9.530125e+01	1.420910e+01	-1.421142e+01
123.151	0.251	-0.275	9.594450e+01	1.430491e+01	-1.430717e+01
123.693	0.362	-0.291	9.458170e+01	1.275594e+01	-1.275841e+01
124.406	0.339	-0.351	1.089812e+02	1.331725e+01	-1.332027e+01
124.998	0.294	-0.253	9.867456e+01	1.424475e+01	-1.424702e+01
125.551	0.276	-0.259	9.435478e+01	1.406777e+01	-1.406991e+01
126.172	0.356	-0.345	7.103255e+01	1.079777e+01	-1.079937e+01
126.785	0.307	-0.257	9.824072e+01	1.414021e+01	-1.414263e+01
127.413	0.279	-0.321	1.254714e+02	1.533259e+01	-1.533626e+01
127.942	0.282	-0.250	9.920582e+01	1.447328e+01	-1.447578e+01
128.536	0.268	-0.312	1.259142e+02	1.600225e+01	-1.600598e+01
129.159	0.344	-0.355	1.044964e+02	1.328065e+01	-1.328400e+01
129.800	0.256	-0.297	9.136598e+01	1.362257e+01	-1.362495e+01
130.316	0.285	-0.259	9.222214e+01	1.412780e+01	-1.413020e+01
130.966	0.308	-0.365	1.108290e+02	1.372085e+01	-1.372440e+01
131.559	0.221	-0.286	9.825157e+01	1.493589e+01	-1.493848e+01
132.118	0.365	-0.338	1.071062e+02	1.308885e+01	-1.309234e+01
132.851	0.340	-0.368	1.062997e+02	1.299029e+01	-1.299376e+01
133.519	0.369	-0.328	1.079249e+02	1.318899e+01	-1.319257e+01
134.163	0.345	-0.274	8.046454e+01	1.223189e+01	-1.223395e+01
134.881	0.356	-0.373	6.930436e+01	1.033313e+01	-1.033488e+01
135.534	0.219	-0.297	9.798413e+01	1.460932e+01	-1.461187e+01
136.000	0.303	-0.247	9.195674e+01	1.371066e+01	-1.371307e+01
136.572	0.332	-0.269	9.901300e+01	1.360342e+01	-1.360619e+01
137.194	0.276	-0.290	8.805564e+01	1.338613e+01	-1.338859e+01
137.750	0.323	-0.280	9.564129e+01	1.349067e+01	-1.349374e+01
138.290	0.315	-0.217	9.503462e+01	1.417013e+01	-1.417302e+01
138.968	0.249	-0.363	8.140181e+01	1.237473e+01	-1.237708e+01
139.507	0.353	-0.289	8.015634e+01	1.195149e+01	-1.195378e+01
140.094	0.312	-0.234	9.685224e+01	1.466655e+01	-1.466916e+01
140.709	0.252	-0.303	9.249324e+01	1.406090e+01	-1.406361e+01
141.307	0.285	-0.347	8.248928e+01	1.229946e+01	-1.230190e+01
141.875	0.340	-0.282	8.366782e+01	1.247503e+01	-1.247740e+01
142.516	0.368	-0.301	7.675170e+01	1.166753e+01	-1.166953e+01
143.217	0.307	-0.333	9.823916e+01	1.346119e+01	-1.346405e+01
143.864	0.263	-0.340	8.638126e+01	1.287972e+01	-1.288225e+01
144.636	0.323	-0.508	6.270714e+01	9.349951e+00	-9.351866e+00
145.346	0.294	-0.388	7.645884e+01	1.140068e+01	-1.140322e+01
145.947	0.357	-0.307	7.736527e+01	1.176147e+01	-1.176398e+01
146.724	0.418	-0.420	6.127068e+01	9.314634e+00	-9.316576e+00
147.418	0.291	-0.277	8.913063e+01	1.381727e+01	-1.381989e+01
148.058	0.272	-0.349	8.268637e+01	1.257042e+01	-1.257310e+01
148.598	0.280	-0.268	9.580742e+01	1.440023e+01	-1.440357e+01
149.297	0.344	-0.419	6.826038e+01	1.017868e+01	-1.018126e+01
150.022	0.329	-0.381	7.246077e+01	1.080488e+01	-1.080753e+01
150.686	0.339	-0.335	7.516520e+01	1.120800e+01	-1.121064e+01
151.338	0.256	-0.313	8.902429e+01	1.327505e+01	-1.327851e+01
151.952	0.331	-0.358	7.360694e+01	1.097596e+01	-1.097876e+01
152.584	0.416	-0.301	7.068620e+01	1.054020e+01	-1.054273e+01
153.450	0.427	-0.450	5.822683e+01	8.752081e+00	-8.754351e+00
154.343	0.412	-0.465	5.778227e+01	8.616545e+00	-8.618937e+00
155.154	0.418	-0.400	6.192723e+01	9.234553e+00	-9.237057e+00
155.978	0.438	-0.406	6.009819e+01	8.961525e+00	-8.963764e+00
156.873	0.436	-0.457	5.674604e+01	8.461691e+00	-8.463820e+00
157.634	0.364	-0.325	7.360854e+01	1.097643e+01	-1.097938e+01
158.417	0.436	-0.420	5.922361e+01	8.831282e+00	-8.833603e+00
159.228	0.429	-0.375	6.302450e+01	9.398050e+00	-9.400513e+00
160.104	0.438	-0.446	5.731813e+01	8.547322e+00	-8.549689e+00
161.082	0.651	-0.541	4.195944e+01	6.379608e+00	-6.381446e+00
162.233	0.458	-0.499	5.304185e+01	7.909881e+00	-7.912230e+00
163.073	0.388	-0.382	6.590551e+01	9.828221e+00	-9.831168e+00
163.953	0.362	-0.492	5.858831e+01	8.907784e+00	-8.910276e+00
164.862	0.503	-0.547	4.696043e+01	7.280862e+00	-7.282875e+00
165.882	0.401	-0.517	5.530336e+01	8.247107e+00	-8.249542e+00
166.726	0.370	-0.443	6.244437e+01	9.311926e+00	-9.314620e+00
167.644	0.414	-0.548	5.198097e+01	7.903397e+00	-7.905735e+00
168.807	0.583	-0.748	3.815037e+01	5.689361e+00	-5.691164e+00
169.948	0.623	-0.559	4.235255e+01	6.439612e+00	-6.441618e+00
171.224	0.556	-0.654	4.200012e+01	6.263581e+00	-6.265634e+00
172.307	0.501	-0.527	4.948579e+01	7.380182e+00	-7.382756e+00
173.356	0.426	-0.547	5.229035e+01	7.798596e+00	-7.801410e+00
174.282	0.450	-0.500	5.278548e+01	8.026431e+00	-8.029255e+00
175.282	0.616	-0.550	4.366841e+01	6.512818e+00	-6.515230e+00
176.484	0.513	-0.586	4.561066e+01	6.935729e+00	-6.938345e+00
177.654	0.540	-0.657	4.344502e+01	6.409139e+00	-6.411803e+00
178.855	0.658	-0.661	3.747819e+01	5.811293e+00	-5.813268e+00
180.121	0.592	-0.609	4.175836e+01	6.349997e+00	-6.352429e+00
181.462	0.692	-0.749	3.479828e+01	5.291484e+00	-5.293434e+00
182.745	0.587	-0.591	4.318368e+01	6.440488e+00	-6.442851e+00
184.194	0.763	-0.862	3.131172e+01	4.669937e+00	-4.671684e+00
185.720	0.817	-0.763	3.172552e+01	4.824162e+00	-4.825895e+00
187.310	0.853	-0.773	3.082267e+01	4.686985e+00	-4.688737e+00
189.215	0.857	-1.052	2.586824e+01	4.011428e+00	-4.013006e+00
190.988	0.876	-0.916	2.838908e+01	4.234432e+00	-4.236251e+00
192.806	0.943	-0.943	2.618478e+01	4.060556e+00	-4.062178e+00
194.598	0.992	-0.849	2.762033e+01	4.119717e+00	-4.121457e+00
196.798	1.052	-1.207	2.218207e+01	3.373222e+00	-3.374576e+00
199.092	0.998	-1.242	2.237583e+01	3.402542e+00	-3.403817e+00
201.119	1.010	-1.029	2.494495e+01	3.720632e+00	-3.722181e+00
203.200	1.169	-1.071	2.273686e+01	3.391218e+00	-3.392587e+00
205.623	1.135	-1.254	2.137831e+01	3.188660e+00	-3.189990e+00
208.576	1.641	-1.818	1.455428e+01	2.213523e+00	-2.214564e+00
211.663	1.640	-1.447	1.606690e+01	2.491841e+00	-2.493013e+00
214.845	1.693	-1.542	1.574698e+01	2.348926e+00	-2.350027e+00
218.150	1.129	-1.612	1.855796e+01	2.767939e+00	-2.769061e+00
221.434	1.852	-2.154	1.251418e+01	1.903033e+00	-1.903799e+00
225.439	1.923	-2.153	1.272996e+01	1.898764e+00	-1.899580e+00
229.065	1.929	-1.703	9.760780e+00	1.803962e+00	-1.804510e+00
233.162	1.811	-2.169	8.612043e+00	1.619467e+00	-1.619938e+00
236.584	1.988	-1.611	9.467225e+00	1.729189e+00	-1.729717e+00
240.811	2.001	-2.239	7.827450e+00	1.471917e+00	-1.472340e+00
244.618	2.192	-1.806	8.521791e+00	1.556472e+00	-1.556927e+00
248.504	2.022	-1.694	9.727926e+00	1.747858e+00	-1.748363e+00
252.293	1.852	-1.767	9.668686e+00	1.765953e+00	-1.766473e+00
256.348	2.536	-2.204	7.298823e+00	1.333072e+00	-1.333444e+00
261.305	2.682	-2.420	6.645882e+00	1.213836e+00	-1.214187e+00
266.784	3.585	-2.797	5.031495e+00	1.004077e+00	-1.004315e+00
273.429	3.494	-3.060	5.331208e+00	9.736779e-01	-9.739346e-01
280.138	3.106	-3.215	5.280186e+00	9.928761e-01	-9.931376e-01
286.211	3.282	-2.966	5.191463e+00	1.005415e+00	-1.005653e+00
292.957	2.558	-3.464	5.633526e+00	1.028900e+00	-1.029176e+00
299.815	4.079	-4.300	4.047228e+00	7.391767e-01	-7.393725e-01
308.466	3.861	-4.572	3.756966e+00	7.497049e-01	-7.498656e-01
! PC data
322.504	4.732	-7.804	3.637413e+00	7.937485e-01	-7.937485e-01
338.727	8.568	-11.491	2.205875e+00	4.937230e-01	-4.937230e-01
360.958	13.918	-13.663	1.752568e+00	3.739754e-01	-3.739754e-01
384.529	7.897	-9.654	2.728769e+00	5.827937e-01	-5.827937e-01
408.059	14.455	-15.633	1.610209e+00	3.441997e-01	-3.441997e-01
434.294	20.815	-11.780	1.347725e+00	3.019406e-01	-3.019406e-01
489.419	33.387	-34.310	6.521405e-01	1.468105e-01	-1.468105e-01
558.710	31.794	-35.904	6.487834e-01	1.452119e-01	-1.452119e-01
629.722	43.524	-39.218	5.335307e-01	1.202252e-01	-1.202252e-01
728.472	52.589	-55.226	4.059473e-01	9.138722e-02	-9.138722e-02
879.110	59.911	-98.050	2.753348e-01	6.222436e-02	-6.222436e-02
987.721	114.276	-48.700	1.728061e-01	3.910211e-02	-3.910211e-02
1184.645	75.313	-82.648	1.624649e-01	3.585577e-02	-3.585577e-02
1375.816	104.785	-115.859	1.100864e-01	2.503462e-02	-2.503462e-02
1707.831	366.997	-227.230	5.735126e-02	1.114363e-02	-1.114363e-02
6320.065	1539.216	-1072.048	7.378511e-03	2.025736e-03	-2.025736e-03
