! WT data
74.153	0.427	-0.348	2.315032e+02	2.885418e+01	-2.911609e+01
75.041	0.427	-0.460	2.022823e+02	2.534649e+01	-2.550993e+01
76.092	0.449	-0.624	1.673923e+02	2.199642e+01	-2.146641e+01
76.989	0.489	-0.448	1.915251e+02	2.607475e+01	-2.482005e+01
78.112	0.576	-0.633	1.454525e+02	2.084868e+01	-1.949069e+01
79.149	0.491	-0.461	1.886641e+02	2.940222e+01	-2.554295e+01
80.146	0.517	-0.506	1.667186e+02	2.866808e+01	-2.439633e+01
81.146	0.608	-0.483	1.630044e+02	2.895875e+01	-2.352694e+01
82.482	0.633	-0.728	1.332688e+02	2.525865e+01	-1.985563e+01
83.703	0.663	-0.588	1.402654e+02	2.804544e+01	-2.243185e+01
84.925	0.599	-0.559	1.072614e+02	2.208906e+01	-1.837058e+01
85.943	0.461	-0.419	9.766041e+01	2.153501e+01	-1.873823e+01
86.961	0.675	-0.557	1.029761e+02	2.096267e+01	-1.875524e+01
88.095	0.553	-0.459	9.817504e+01	2.068920e+01	-1.938038e+01
89.100	0.435	-0.452	9.903225e+01	2.113461e+01	-2.035424e+01
90.021	0.558	-0.485	8.005186e+01	1.716990e+01	-1.678769e+01
91.070	0.531	-0.492	8.407328e+01	1.735507e+01	-1.702781e+01
92.153	0.437	-0.552	1.281645e+02	2.366440e+01	-2.324062e+01
93.212	0.587	-0.621	1.038942e+02	1.873849e+01	-1.853068e+01
94.456	0.557	-0.658	1.047389e+02	1.830855e+01	-1.820151e+01
95.517	0.433	-0.503	7.367046e+01	1.384763e+01	-1.401236e+01
96.338	0.359	-0.389	9.158606e+01	1.686377e+01	-1.718924e+01
97.137	0.508	-0.440	7.109996e+01	1.294049e+01	-1.333373e+01
98.093	0.438	-0.448	7.724035e+01	1.396179e+01	-1.435423e+01
98.948	0.428	-0.417	7.978070e+01	1.427150e+01	-1.480413e+01
99.972	0.452	-0.596	6.530679e+01	1.120170e+01	-1.173946e+01
100.985	0.507	-0.561	6.553416e+01	1.124019e+01	-1.176202e+01
102.024	0.480	-0.532	6.660061e+01	1.171269e+01	-1.222408e+01
102.917	0.411	-0.413	8.308090e+01	1.409375e+01	-1.480642e+01
103.811	0.520	-0.483	6.820207e+01	1.144718e+01	-1.204780e+01
104.786	0.463	-0.455	7.344154e+01	1.255733e+01	-1.319053e+01
105.820	0.567	-0.571	5.789074e+01	9.631830e+00	-1.014547e+01
106.896	0.502	-0.508	6.262533e+01	1.051660e+01	-1.106438e+01
107.876	0.533	-0.478	6.262474e+01	1.058546e+01	-1.113310e+01
109.235	0.855	-0.827	3.707507e+01	6.305918e+00	-6.623289e+00
110.808	0.711	-0.718	4.363195e+01	7.493417e+00	-7.869307e+00
112.307	0.975	-0.788	3.643365e+01	6.015107e+00	-6.338331e+00
113.936	0.741	-0.654	4.571213e+01	7.677661e+00	-8.069864e+00
115.653	1.287	-0.976	2.820610e+01	4.683637e+00	-4.926227e+00
117.706	1.157	-0.766	3.469849e+01	5.764500e+00	-6.072339e+00
119.776	0.900	-0.913	3.626442e+01	6.043664e+00	-6.357965e+00
121.477	0.697	-0.801	4.454706e+01	7.305170e+00	-7.697428e+00
123.341	0.937	-1.167	3.123702e+01	5.225139e+00	-5.496446e+00
125.299	0.919	-1.020	3.339251e+01	5.632305e+00	-5.914193e+00
127.331	0.952	-1.113	3.026903e+01	5.112689e+00	-5.369014e+00
129.278	1.001	-0.995	3.175691e+01	5.166478e+00	-5.440408e+00
131.427	1.437	-1.148	2.452274e+01	4.039594e+00	-4.256999e+00
134.145	1.253	-1.281	2.502196e+01	4.152026e+00	-4.374490e+00
137.035	1.635	-1.637	1.951453e+01	3.234701e+00	-3.408127e+00
140.222	1.331	-1.553	2.186044e+01	3.805042e+00	-3.989767e+00
143.263	1.639	-1.709	1.940344e+01	3.290951e+00	-3.457242e+00
146.522	2.008	-1.620	1.686651e+01	3.041039e+00	-3.178119e+00
150.331	1.944	-1.801	1.792656e+01	3.062644e+00	-3.217104e+00
153.817	1.423	-1.542	2.297741e+01	3.854703e+00	-4.055122e+00
157.961	2.239	-2.721	1.375749e+01	2.336185e+00	-2.453741e+00
162.715	2.665	-2.514	1.282098e+01	2.271038e+00	-2.372397e+00
167.908	2.227	-2.528	1.450695e+01	2.506328e+00	-2.620677e+00
173.152	3.001	-3.016	9.666567e+00	1.890024e+00	-1.941024e+00
179.152	2.766	-3.000	8.386786e+00	1.764313e+00	-1.796961e+00
184.314	2.986	-2.396	8.877189e+00	1.930386e+00	-1.955130e+00
190.717	2.519	-3.416	8.184790e+00	1.789781e+00	-1.808190e+00
196.466	2.472	-3.230	8.901074e+00	1.928700e+00	-1.937965e+00
202.316	2.247	-3.378	8.931185e+00	1.935675e+00	-1.944680e+00
208.149	2.563	-3.586	7.927690e+00	1.741578e+00	-1.755586e+00
213.117	2.792	-2.405	9.506915e+00	2.053333e+00	-2.074429e+00
220.027	2.660	-4.119	6.930800e+00	1.505604e+00	-1.525641e+00
227.376	4.268	-4.688	5.290032e+00	1.135769e+00	-1.157090e+00
235.825	4.549	-4.181	5.617891e+00	1.193440e+00	-1.210127e+00
! PC data
277.263	24.735	-27.918	3.594960e+00	7.718286e-01	-7.718286e-01
327.564	37.117	-25.566	2.729819e+00	6.151231e-01	-6.151231e-01
391.189	33.668	-26.507	2.863320e+00	6.433412e-01	-6.433412e-01
456.013	41.556	-31.156	2.375216e+00	5.352186e-01	-5.352186e-01
548.851	38.982	-51.281	2.004900e+00	4.423508e-01	-4.423508e-01
640.203	42.908	-52.370	1.811279e+00	4.085388e-01	-4.085388e-01
748.203	72.811	-65.092	1.247828e+00	2.814509e-01	-2.814509e-01
904.171	119.935	-83.157	8.437292e-01	1.914156e-01	-1.914156e-01
1114.736	130.014	-90.630	7.819795e-01	1.765482e-01	-1.765482e-01
1421.165	129.478	-176.415	4.707820e-01	1.067019e-01	-1.067019e-01
1599.002	56.948	-48.359	3.134890e-01	7.055661e-02	-7.055661e-02
5119.179	66.881	-78.544	1.747160e-01	3.857219e-02	-3.857219e-02
5251.225	65.215	-65.165	1.852518e-01	4.188590e-02	-4.188590e-02
5374.144	47.603	-57.704	2.313850e-01	5.185374e-02	-5.185374e-02
5479.462	45.086	-57.714	2.390867e-01	5.363904e-02	-5.363904e-02
5615.868	76.670	-91.320	1.447221e-01	3.257660e-02	-3.257660e-02
5753.598	76.843	-61.060	1.769071e-01	3.986567e-02	-3.986567e-02
5898.951	84.436	-68.510	1.627145e-01	3.658599e-02	-3.658599e-02
6054.133	52.113	-70.745	1.983496e-01	4.459847e-02	-4.459847e-02
6197.603	76.634	-91.357	1.467409e-01	3.288487e-02	-3.288487e-02
6335.730	41.306	-61.494	2.396142e-01	5.399658e-02	-5.399658e-02
6456.122	71.353	-79.086	1.618605e-01	3.659707e-02	-3.659707e-02
6600.781	64.597	-73.305	1.779975e-01	3.993369e-02	-3.993369e-02
6726.548	71.718	-61.170	1.846133e-01	4.150990e-02	-4.150990e-02
6883.837	79.913	-85.570	1.470394e-01	3.306149e-02	-3.306149e-02
7055.497	93.794	-91.748	1.312642e-01	2.967916e-02	-2.967916e-02
7316.825	123.297	-167.534	1.379495e-01	2.427374e-02	-2.427374e-02
10962.388	124.819	-130.927	7.595594e-02	1.977681e-02	-1.977681e-02
11196.798	133.618	-109.591	9.797217e-02	2.329026e-02	-2.329026e-02
11435.491	143.149	-105.075	1.069998e-01	2.399264e-02	-2.399264e-02
11770.825	118.724	-192.184	6.300952e-02	1.659211e-02	-1.659211e-02
12012.914	102.293	-123.366	1.162135e-01	2.620484e-02	-2.620484e-02
12249.978	83.366	-134.771	8.942781e-02	2.328451e-02	-2.328451e-02
12460.328	101.182	-126.984	1.171747e-01	2.636610e-02	-2.636610e-02
12670.711	149.052	-109.201	1.075063e-01	2.364779e-02	-2.364779e-02
13012.845	210.580	-193.081	9.686541e-02	1.785903e-02	-1.785903e-02
40976.983	216.233	-217.533	4.645578e-02	1.210681e-02	-1.210681e-02
41494.160	205.534	-300.944	3.923699e-02	1.020964e-02	-1.020964e-02
41926.121	219.866	-226.427	5.065812e-02	1.239883e-02	-1.239883e-02
45959.782	277.119	-359.739	3.485908e-02	9.534769e-03	-9.534769e-03
46911.048	782.590	-674.148	2.315175e-02	5.068867e-03	-5.068867e-03
58389.244	865.827	-643.568	2.401860e-02	4.570435e-03	-4.570435e-03
70015.550	820.082	-749.488	1.647263e-02	3.727258e-03	-3.727258e-03
105476.503	34357.223	-24620.382	1.287368e-02	2.044372e-03	-2.044372e-03
197306.524	787.377	-732.047	9.436448e-03	3.283326e-03	-2.680375e-03
