! PC data
3089.445	95.417	-87.616	1.474792e-01	3.323941e-02	-3.323941e-02
3260.358	84.972	-75.496	1.682453e-01	3.774480e-02	-3.774480e-02
3426.428	74.356	-81.097	1.745796e-01	3.914006e-02	-3.914006e-02
3600.329	116.084	-99.545	1.249366e-01	2.808429e-02	-2.808429e-02
3789.510	107.430	-73.097	1.508999e-01	3.398788e-02	-3.398788e-02
4002.788	92.230	-105.848	1.350611e-01	3.052143e-02	-3.052143e-02
4211.162	119.543	-116.144	1.158071e-01	2.606651e-02	-2.606651e-02
4407.284	96.426	-76.579	1.575490e-01	3.548549e-02	-3.548549e-02
4673.358	138.752	-169.648	6.542609e-02	1.714831e-02	-1.714831e-02
4937.460	122.874	-125.350	8.147177e-02	2.127824e-02	-2.127824e-02
5147.072	83.758	-86.739	1.585686e-01	3.566793e-02	-3.566793e-02
5365.714	186.039	-134.883	7.156344e-02	1.747827e-02	-1.747827e-02
8967.552	163.199	-182.810	5.844582e-02	1.472920e-02	-1.472920e-02
9255.438	126.044	-124.687	7.522192e-02	1.960611e-02	-1.960611e-02
9477.244	124.881	-95.762	8.564264e-02	2.226471e-02	-2.226471e-02
9719.061	118.752	-116.935	7.989171e-02	2.084119e-02	-2.084119e-02
9978.818	182.439	-141.005	5.845406e-02	1.528830e-02	-1.528830e-02
10306.613	90.332	-145.356	7.998837e-02	2.083052e-02	-2.083052e-02
10535.024	110.144	-138.080	7.581365e-02	1.977736e-02	-1.977736e-02
10794.221	111.708	-149.053	7.217865e-02	1.882910e-02	-1.882910e-02
11082.757	251.909	-176.828	5.554392e-02	1.289894e-02	-1.289894e-02
14801.342	195.400	-233.350	4.519353e-02	1.179527e-02	-1.179527e-02
15153.677	179.045	-156.935	5.755701e-02	1.493735e-02	-1.493735e-02
15606.561	370.541	-273.839	2.960334e-02	7.786529e-03	-7.786529e-03
16194.191	199.124	-217.090	4.627071e-02	1.205155e-02	-1.205155e-02
16723.674	319.022	-330.359	3.521550e-02	8.469574e-03	-8.469574e-03
20892.364	265.361	-544.500	2.430898e-02	6.388740e-03	-6.388740e-03
21458.130	286.307	-300.405	3.333979e-02	8.717644e-03	-8.717644e-03
22288.118	609.670	-543.680	2.906150e-02	5.786527e-03	-5.786527e-03
26305.939	251.245	-174.998	4.528749e-02	1.178093e-02	-1.178093e-02
26997.754	326.668	-440.570	2.522736e-02	6.662539e-03	-6.662539e-03
28043.209	635.149	-718.787	1.818562e-02	4.263997e-03	-4.263997e-03
33202.739	1257.083	-1290.812	1.475353e-02	2.802398e-03	-2.802398e-03
38889.775	1351.568	-1195.849	1.344077e-02	2.656802e-03	-2.656802e-03
44594.230	1430.376	-1159.665	1.025543e-02	2.353405e-03	-2.353405e-03
49599.210	407.959	-349.249	2.510943e-02	6.596838e-03	-6.596838e-03
51127.634	677.266	-1120.465	1.457897e-02	3.264380e-03	-3.264380e-03
