! WT data
79.565	0.394	-0.334	1.902281e+02	2.462044e+01	-2.400611e+01
80.326	0.362	-0.368	1.897710e+02	2.446242e+01	-2.393914e+01
81.247	0.503	-0.559	1.333230e+02	1.710860e+01	-1.633952e+01
82.170	0.493	-0.420	1.534075e+02	2.091920e+01	-1.912252e+01
83.146	0.497	-0.483	1.412235e+02	1.947159e+01	-1.787780e+01
84.189	0.473	-0.546	1.389079e+02	1.832132e+01	-1.704793e+01
84.997	0.430	-0.335	1.850999e+02	2.365868e+01	-2.269016e+01
85.817	0.354	-0.390	1.932555e+02	2.437206e+01	-2.350743e+01
86.617	0.451	-0.446	1.579236e+02	1.972442e+01	-1.931085e+01
87.543	0.384	-0.475	1.610858e+02	2.070553e+01	-2.031551e+01
88.318	0.344	-0.391	1.927190e+02	2.405126e+01	-2.356157e+01
89.063	0.327	-0.401	1.902240e+02	2.478932e+01	-2.402189e+01
89.744	0.342	-0.354	2.016385e+02	2.598035e+01	-2.471831e+01
90.516	0.468	-0.431	1.511110e+02	2.054364e+01	-1.912194e+01
91.463	0.437	-0.479	1.498778e+02	1.999188e+01	-1.867886e+01
92.272	0.418	-0.372	1.738486e+02	2.287562e+01	-2.166208e+01
93.066	0.355	-0.377	1.878056e+02	2.424603e+01	-2.337693e+01
93.827	0.417	-0.406	1.648126e+02	2.145887e+01	-2.081945e+01
94.676	0.388	-0.431	1.658907e+02	2.121628e+01	-2.091395e+01
95.529	0.468	-0.466	1.486973e+02	1.845825e+01	-1.817243e+01
96.438	0.415	-0.441	1.586490e+02	2.036873e+01	-2.000643e+01
97.245	0.403	-0.392	1.707161e+02	2.228007e+01	-2.156333e+01
98.104	0.509	-0.456	1.407953e+02	1.874814e+01	-1.780312e+01
99.156	0.478	-0.543	1.360039e+02	1.777704e+01	-1.667975e+01
100.170	0.488	-0.537	1.362200e+02	1.820169e+01	-1.671980e+01
101.121	0.542	-0.463	1.409527e+02	1.885846e+01	-1.730221e+01
102.156	0.556	-0.492	1.352068e+02	1.801067e+01	-1.659592e+01
103.202	0.540	-0.490	1.375418e+02	1.761882e+01	-1.687301e+01
104.250	0.441	-0.509	1.441059e+02	1.917567e+01	-1.850051e+01
105.258	0.467	-0.567	1.370686e+02	1.717759e+01	-1.676695e+01
106.191	0.377	-0.466	1.680101e+02	2.088691e+01	-2.053509e+01
107.130	0.409	-0.561	1.120413e+02	1.397555e+01	-1.390483e+01
107.808	0.251	-0.270	1.423240e+02	1.767802e+01	-1.767805e+01
108.365	0.289	-0.305	1.233571e+02	1.557949e+01	-1.557951e+01
108.893	0.279	-0.239	9.739775e+01	1.451926e+01	-1.451927e+01
109.515	0.292	-0.344	1.182073e+02	1.444140e+01	-1.444143e+01
110.108	0.385	-0.301	1.080303e+02	1.341841e+01	-1.341843e+01
110.770	0.261	-0.276	1.364281e+02	1.723030e+01	-1.723032e+01
111.336	0.296	-0.305	1.233733e+02	1.532416e+01	-1.532418e+01
111.976	0.309	-0.344	1.153405e+02	1.421720e+01	-1.421723e+01
112.644	0.294	-0.359	1.149863e+02	1.404790e+01	-1.404792e+01
113.171	0.281	-0.233	1.503790e+02	1.810361e+01	-1.810364e+01
113.714	0.274	-0.262	9.416194e+01	1.403689e+01	-1.403691e+01
114.298	0.281	-0.310	1.256029e+02	1.560110e+01	-1.560112e+01
114.811	0.317	-0.233	9.460949e+01	1.430535e+01	-1.430537e+01
115.409	0.338	-0.281	9.630030e+01	1.337705e+01	-1.337707e+01
116.057	0.352	-0.310	1.120995e+02	1.392384e+01	-1.392386e+01
116.702	0.294	-0.293	1.263649e+02	1.569574e+01	-1.569577e+01
117.314	0.319	-0.318	1.173796e+02	1.434028e+01	-1.434031e+01
117.942	0.323	-0.309	1.155008e+02	1.411075e+01	-1.411078e+01
118.481	0.286	-0.216	9.810759e+01	1.481878e+01	-1.481880e+01
119.005	0.300	-0.239	9.374927e+01	1.417528e+01	-1.417530e+01
119.693	0.222	-0.388	8.029027e+01	1.196902e+01	-1.196903e+01
120.179	0.279	-0.264	9.831840e+01	1.404555e+01	-1.404556e+01
120.731	0.258	-0.272	9.121305e+01	1.411718e+01	-1.411720e+01
121.339	0.375	-0.351	9.899707e+01	1.218577e+01	-1.218579e+01
121.999	0.235	-0.284	9.640899e+01	1.421479e+01	-1.421480e+01
122.499	0.269	-0.265	1.350624e+02	1.677606e+01	-1.677609e+01
123.053	0.300	-0.285	1.231557e+02	1.529712e+01	-1.529715e+01
123.697	0.366	-0.344	1.027637e+02	1.255466e+01	-1.255469e+01
124.393	0.362	-0.330	1.054076e+02	1.287766e+01	-1.287769e+01
125.064	0.382	-0.309	1.031792e+02	1.303110e+01	-1.303112e+01
125.786	0.325	-0.340	1.070404e+02	1.351875e+01	-1.351878e+01
126.389	0.353	-0.279	1.155008e+02	1.411075e+01	-1.411078e+01
127.059	0.324	-0.317	1.125501e+02	1.397981e+01	-1.397984e+01
127.649	0.275	-0.266	9.100944e+01	1.374663e+01	-1.374665e+01
128.154	0.275	-0.230	9.912980e+01	1.461595e+01	-1.461597e+01
128.692	0.273	-0.263	1.362373e+02	1.664413e+01	-1.664416e+01
129.234	0.238	-0.270	9.493817e+01	1.450633e+01	-1.450634e+01
129.729	0.301	-0.257	8.771433e+01	1.307573e+01	-1.307575e+01
130.308	0.251	-0.278	9.273513e+01	1.382419e+01	-1.382421e+01
130.819	0.248	-0.261	9.630355e+01	1.435614e+01	-1.435616e+01
131.312	0.259	-0.245	9.732415e+01	1.450829e+01	-1.450830e+01
131.864	0.398	-0.294	9.440376e+01	1.218754e+01	-1.218756e+01
132.538	0.287	-0.275	8.715903e+01	1.299295e+01	-1.299297e+01
133.164	0.386	-0.339	1.005079e+02	1.227907e+01	-1.227909e+01
133.901	0.353	-0.350	1.038182e+02	1.268349e+01	-1.268351e+01
134.471	0.304	-0.217	9.400251e+01	1.401312e+01	-1.401314e+01
135.047	0.243	-0.272	9.530207e+01	1.420685e+01	-1.420687e+01
135.549	0.265	-0.259	9.336357e+01	1.391788e+01	-1.391789e+01
136.149	0.318	-0.335	7.372734e+01	1.126536e+01	-1.126538e+01
136.763	0.314	-0.296	8.030177e+01	1.197073e+01	-1.197074e+01
137.387	0.256	-0.310	9.623444e+01	1.360967e+01	-1.360968e+01
137.927	0.355	-0.284	7.671939e+01	1.143670e+01	-1.143671e+01
138.631	0.322	-0.349	7.177300e+01	1.096675e+01	-1.096676e+01
139.253	0.320	-0.301	7.755306e+01	1.184992e+01	-1.184994e+01
139.825	0.270	-0.252	9.403065e+01	1.401732e+01	-1.401734e+01
140.415	0.409	-0.320	9.556822e+01	1.194610e+01	-1.194612e+01
141.188	0.430	-0.364	6.068560e+01	9.272618e+00	-9.272627e+00
141.966	0.367	-0.348	6.732811e+01	1.028758e+01	-1.028759e+01
142.614	0.300	-0.281	8.276914e+01	1.264693e+01	-1.264694e+01
143.175	0.270	-0.261	9.245127e+01	1.378188e+01	-1.378190e+01
143.774	0.458	-0.330	6.219056e+01	9.270860e+00	-9.270870e+00
144.644	0.389	-0.411	6.122454e+01	9.126853e+00	-9.126863e+00
145.480	0.406	-0.446	5.549204e+01	8.692945e+00	-8.692954e+00
146.353	0.418	-0.468	5.434836e+01	8.304302e+00	-8.304310e+00
147.154	0.322	-0.383	6.957180e+01	1.037120e+01	-1.037121e+01
147.836	0.409	-0.360	6.377556e+01	9.507139e+00	-9.507150e+00
148.603	0.368	-0.358	6.752637e+01	1.006628e+01	-1.006629e+01
149.367	0.344	-0.397	6.623047e+01	9.873097e+00	-9.873109e+00
150.067	0.355	-0.357	6.767766e+01	1.034099e+01	-1.034100e+01
150.827	0.342	-0.405	6.445551e+01	9.848652e+00	-9.848663e+00
151.550	0.431	-0.381	6.043107e+01	9.008570e+00	-9.008581e+00
152.325	0.359	-0.344	7.131276e+01	1.051454e+01	-1.051455e+01
152.977	0.310	-0.293	7.985553e+01	1.220174e+01	-1.220175e+01
153.596	0.278	-0.309	8.203319e+01	1.253448e+01	-1.253449e+01
154.270	0.349	-0.396	6.576777e+01	9.804123e+00	-9.804134e+00
155.012	0.324	-0.393	6.838025e+01	1.019357e+01	-1.019358e+01
155.681	0.312	-0.345	7.336292e+01	1.120968e+01	-1.120970e+01
156.274	0.377	-0.282	7.447756e+01	1.110251e+01	-1.110252e+01
157.144	0.506	-0.493	4.817029e+01	7.360309e+00	-7.360317e+00
157.973	0.266	-0.323	8.325118e+01	1.241041e+01	-1.241042e+01
158.816	0.420	-0.576	4.834109e+01	7.386406e+00	-7.386415e+00
159.651	0.371	-0.415	6.234547e+01	9.293954e+00	-9.293965e+00
160.474	0.449	-0.452	5.350004e+01	8.174682e+00	-8.174691e+00
161.296	0.364	-0.373	6.538835e+01	9.991189e+00	-9.991200e+00
162.025	0.475	-0.366	5.825771e+01	8.684584e+00	-8.684594e+00
162.877	0.442	-0.376	5.990530e+01	8.930194e+00	-8.930205e+00
163.845	0.381	-0.526	5.403144e+01	8.054567e+00	-8.054577e+00
164.666	0.443	-0.439	5.555624e+01	8.281872e+00	-8.281882e+00
165.485	0.380	-0.376	6.483765e+01	9.665469e+00	-9.665480e+00
166.300	0.371	-0.435	6.083106e+01	9.068199e+00	-9.068210e+00
167.093	0.427	-0.422	5.776923e+01	8.611766e+00	-8.611776e+00
167.862	0.506	-0.343	5.776917e+01	8.611757e+00	-8.611767e+00
168.889	0.457	-0.521	5.010206e+01	7.468807e+00	-7.468816e+00
169.679	0.442	-0.332	6.223262e+01	9.509000e+00	-9.509011e+00
170.483	0.317	-0.362	7.213592e+01	1.075344e+01	-1.075345e+01
171.161	0.486	-0.361	5.688867e+01	8.692457e+00	-8.692467e+00
172.191	0.513	-0.544	4.580589e+01	7.089449e+00	-7.089457e+00
173.151	0.386	-0.447	5.786577e+01	8.841757e+00	-8.841767e+00
173.993	0.362	-0.457	5.992875e+01	8.933691e+00	-8.933701e+00
174.773	0.338	-0.418	6.486359e+01	9.669336e+00	-9.669348e+00
175.569	0.378	-0.458	5.761979e+01	8.804171e+00	-8.804181e+00
176.417	0.439	-0.470	5.299645e+01	8.097735e+00	-8.097744e+00
177.434	0.556	-0.578	4.099032e+01	6.584788e+00	-6.584795e+00
178.436	0.467	-0.446	5.373640e+01	8.010586e+00	-8.010596e+00
179.289	0.395	-0.386	6.279380e+01	9.360789e+00	-9.360800e+00
180.257	0.496	-0.573	4.586778e+01	6.837596e+00	-6.837605e+00
181.118	0.380	-0.365	6.579242e+01	9.807800e+00	-9.807812e+00
181.948	0.493	-0.450	5.109663e+01	7.807447e+00	-7.807456e+00
182.909	0.603	-0.468	4.579134e+01	6.826201e+00	-6.826210e+00
183.979	0.460	-0.467	5.197968e+01	7.942376e+00	-7.942386e+00
184.867	0.405	-0.428	5.890316e+01	8.780804e+00	-8.780815e+00
185.814	0.474	-0.542	4.827766e+01	7.196841e+00	-7.196850e+00
186.782	0.536	-0.494	4.761100e+01	7.097461e+00	-7.097470e+00
187.773	0.610	-0.456	4.602068e+01	6.860390e+00	-6.860398e+00
188.853	0.516	-0.470	4.975975e+01	7.417780e+00	-7.417789e+00
189.929	0.592	-0.560	4.254134e+01	6.341717e+00	-6.341725e+00
191.118	0.511	-0.596	4.431919e+01	6.606744e+00	-6.606753e+00
192.245	0.668	-0.616	3.818069e+01	5.691667e+00	-5.691674e+00
193.394	0.462	-0.481	5.201348e+01	7.753747e+00	-7.753757e+00
194.504	0.638	-0.648	3.812882e+01	5.683935e+00	-5.683942e+00
195.621	0.503	-0.479	4.993908e+01	7.444512e+00	-7.444522e+00
196.812	0.615	-0.688	3.765968e+01	5.613999e+00	-5.614006e+00
198.131	0.534	-0.705	3.960726e+01	5.904329e+00	-5.904337e+00
199.290	0.643	-0.625	3.866324e+01	5.763602e+00	-5.763609e+00
200.510	0.621	-0.577	4.096085e+01	6.106111e+00	-6.106118e+00
201.658	0.504	-0.527	4.752930e+01	7.085281e+00	-7.085290e+00
202.874	0.686	-0.711	3.449859e+01	5.271305e+00	-5.271312e+00
204.269	0.661	-0.709	3.580086e+01	5.336902e+00	-5.336908e+00
205.509	0.489	-0.580	4.586763e+01	6.837574e+00	-6.837582e+00
206.699	0.737	-0.701	3.351672e+01	5.121279e+00	-5.121285e+00
208.100	0.695	-0.664	3.608174e+01	5.378773e+00	-5.378780e+00
209.443	0.733	-0.648	3.552412e+01	5.295647e+00	-5.295653e+00
211.006	0.673	-0.830	3.262314e+01	4.863193e+00	-4.863199e+00
212.649	0.811	-0.970	2.705463e+01	4.133886e+00	-4.133890e+00
214.334	0.900	-0.874	2.764973e+01	4.121798e+00	-4.121803e+00
216.180	0.630	-0.946	3.056632e+01	4.670463e+00	-4.670468e+00
217.932	1.274	-1.122	2.046544e+01	3.050822e+00	-3.050826e+00
220.309	1.035	-1.102	2.295317e+01	3.421672e+00	-3.421676e+00
222.361	1.239	-1.017	2.097502e+01	3.285782e+00	-3.285786e+00
225.015	1.582	-1.416	1.578411e+01	2.472615e+00	-2.472617e+00
228.276	1.633	-1.679	1.480510e+01	2.207024e+00	-2.207027e+00
231.696	1.578	-1.786	1.457807e+01	2.173181e+00	-2.173183e+00
235.130	1.502	-1.855	1.460870e+01	2.177747e+00	-2.177749e+00
237.946	1.457	-1.315	1.769358e+01	2.637616e+00	-2.637619e+00
240.404	1.337	-1.001	2.097912e+01	3.127397e+00	-3.127401e+00
243.126	1.429	-1.385	1.711835e+01	2.615645e+00	-2.615648e+00
245.342	1.097	-0.787	2.603080e+01	3.880460e+00	-3.880464e+00
248.090	1.642	-1.651	1.436853e+01	2.250862e+00	-2.250864e+00
251.027	1.600	-1.294	1.634689e+01	2.560776e+00	-2.560779e+00
254.192	1.400	-1.564	1.625538e+01	2.483784e+00	-2.483787e+00
256.940	1.416	-1.349	1.773932e+01	2.644434e+00	-2.644437e+00
259.536	1.204	-1.180	2.057244e+01	3.066772e+00	-3.066776e+00
262.107	1.287	-1.367	1.815152e+01	2.773511e+00	-2.773514e+00
264.940	1.664	-1.545	1.528113e+01	2.277986e+00	-2.277989e+00
268.282	1.473	-1.678	1.529138e+01	2.336488e+00	-2.336491e+00
271.011	1.231	-1.256	1.867702e+01	3.000324e+00	-3.000327e+00
274.535	2.286	-2.293	1.033249e+01	1.618606e+00	-1.618608e+00
278.439	1.562	-1.617	1.542610e+01	2.299597e+00	-2.299600e+00
281.578	1.922	-1.577	1.407915e+01	2.126603e+00	-2.126606e+00
285.003	1.694	-1.503	1.534038e+01	2.286819e+00	-2.286821e+00
288.609	1.513	-1.912	9.042643e+00	1.779103e+00	-1.779104e+00
292.435	2.098	-2.312	1.092444e+01	1.669230e+00	-1.669232e+00
296.346	1.823	-1.813	8.991118e+00	1.641551e+00	-1.641552e+00
300.221	2.640	-2.052	6.969219e+00	1.272403e+00	-1.272404e+00
305.320	2.529	-2.460	6.381050e+00	1.209069e+00	-1.209070e+00
311.446	2.296	-3.596	5.255789e+00	1.034055e+00	-1.034055e+00
316.401	3.007	-2.659	5.465296e+00	1.075274e+00	-1.075275e+00
322.164	3.282	-2.756	5.271806e+00	9.988915e-01	-9.988922e-01
327.697	3.160	-2.250	6.043341e+00	1.103361e+00	-1.103362e+00
334.178	3.340	-3.321	4.649360e+00	9.147423e-01	-9.147429e-01
! PC data
370.507	45.065	-27.647	1.699110e+00	3.819012e-01	-3.819012e-01
471.543	71.902	-55.971	1.871699e-01	4.234456e-02	-4.234456e-02
613.313	105.644	-69.868	1.366899e-01	3.099705e-02	-3.099705e-02
797.713	104.277	-78.757	9.759072e-02	2.567517e-02	-2.567517e-02
1011.060	91.516	-109.069	9.054782e-02	2.367279e-02	-2.367279e-02
1270.344	100.513	-167.769	6.602701e-02	1.748142e-02	-1.748142e-02
1462.976	126.018	-92.118	8.078119e-02	2.159351e-02	-2.159351e-02
1702.558	102.065	-113.564	8.180566e-02	2.165901e-02	-2.165901e-02
2075.744	265.434	-271.122	4.788022e-02	1.051920e-02	-1.051920e-02
7112.276	1014.652	-1043.841	9.480840e-03	2.615084e-03	-2.615084e-03
20883.572	9324.655	-2813.796	1.115305e-02	3.017582e-03	-3.017582e-03
30784.480	483.550	-576.252	3.164563e-02	7.842097e-03	-7.842097e-03
34803.655	1309.996	-333.495	2.986057e-02	8.127344e-03	-8.127344e-03
36599.158	454.731	-485.506	2.047859e-02	5.465319e-03	-5.465319e-03
40390.619	319.362	-134.459	4.288129e-02	1.125146e-02	-1.125146e-02
40993.733	144.997	-283.752	4.502824e-02	1.184223e-02	-1.184223e-02
41397.237	167.734	-258.507	4.438554e-02	1.211624e-02	-1.211624e-02
41828.824	235.099	-263.853	4.429309e-02	1.104823e-02	-1.104823e-02
42503.756	336.030	-271.962	3.961059e-02	9.729305e-03	-9.729305e-03
46310.332	299.838	-322.572	3.397933e-02	8.898308e-03	-8.898308e-03
46987.573	354.729	-377.404	2.645596e-02	6.974221e-03	-6.974221e-03
47727.870	271.347	-385.567	2.942035e-02	7.771589e-03	-7.771589e-03
48288.581	334.950	-289.364	5.227890e-02	1.055738e-02	-1.055738e-02
52023.193	270.446	-248.566	3.846831e-02	1.018895e-02	-1.018895e-02
52407.860	116.451	-114.221	8.787014e-02	2.289136e-02	-2.289136e-02
52748.071	287.730	-223.760	3.914636e-02	1.026461e-02	-1.026461e-02
53609.478	797.439	-573.677	5.729270e-02	1.163776e-02	-1.163776e-02
57727.647	188.892	-168.224	5.714687e-02	1.499812e-02	-1.499812e-02
58246.642	226.519	-330.102	3.493444e-02	9.209835e-03	-9.209835e-03
58695.294	324.549	-222.133	6.672139e-02	1.635939e-02	-1.635939e-02
63853.066	675.809	-499.012	4.115389e-02	8.052552e-03	-8.052552e-03
84894.580	4221.065	-4140.642	1.443734e-02	2.822230e-03	-2.822230e-03
139846.317	1322.042	-703.856	4.691074e-03	2.156301e-03	-1.671115e-03
