! WT data
96.086	0.565	-0.602	4.052234e+01	6.342751e+00	-6.342744e+00
97.262	0.603	-0.611	4.038887e+01	6.020846e+00	-6.020839e+00
98.396	0.557	-0.532	4.422597e+01	6.754891e+00	-6.754884e+00
99.869	0.647	-0.915	3.082777e+01	4.708506e+00	-4.708501e+00
101.361	0.687	-0.845	3.032109e+01	4.864887e+00	-4.864882e+00
102.786	0.760	-0.738	3.214534e+01	4.909745e+00	-4.909740e+00
104.351	0.622	-0.805	3.374854e+01	5.154611e+00	-5.154606e+00
105.736	0.798	-0.764	3.136735e+01	4.675989e+00	-4.675984e+00
107.443	0.963	-0.909	2.525974e+01	3.953774e+00	-3.953771e+00
109.439	1.115	-1.032	2.161953e+01	3.468758e+00	-3.468755e+00
111.533	0.901	-0.979	2.604544e+01	3.882641e+00	-3.882637e+00
113.306	0.941	-0.872	2.701688e+01	4.027455e+00	-4.027451e+00
115.241	0.849	-0.994	2.657330e+01	3.961329e+00	-3.961325e+00
117.020	0.974	-0.930	2.571795e+01	3.833820e+00	-3.833817e+00
119.265	1.369	-1.271	1.789545e+01	2.801079e+00	-2.801076e+00
121.581	1.336	-0.947	2.144408e+01	3.196708e+00	-3.196705e+00
124.472	1.045	-1.556	1.881865e+01	2.805329e+00	-2.805326e+00
126.911	1.251	-1.393	1.851452e+01	2.759992e+00	-2.759989e+00
129.304	1.195	-1.142	2.093773e+01	3.121225e+00	-3.121222e+00
131.675	1.265	-1.176	2.005275e+01	2.989298e+00	-2.989295e+00
134.227	1.250	-1.287	1.938653e+01	2.927101e+00	-2.927099e+00
136.434	0.837	-0.957	2.729388e+01	4.068748e+00	-4.068744e+00
137.933	0.602	-0.663	3.853765e+01	5.886077e+00	-5.886072e+00
138.945	0.509	-0.409	5.486645e+01	8.179040e+00	-8.179032e+00
139.831	0.417	-0.377	6.237606e+01	9.527053e+00	-9.527044e+00
140.661	0.330	-0.414	6.773121e+01	1.009681e+01	-1.009680e+01
141.333	0.263	-0.342	8.326890e+01	1.241304e+01	-1.241303e+01
141.910	0.310	-0.314	8.065845e+01	1.202390e+01	-1.202389e+01
142.517	0.226	-0.297	9.462263e+01	1.445226e+01	-1.445225e+01
143.160	0.329	-0.417	6.639395e+01	1.014073e+01	-1.014072e+01
143.891	0.283	-0.402	7.353537e+01	1.096205e+01	-1.096204e+01
144.548	0.332	-0.375	7.007375e+01	1.070277e+01	-1.070276e+01
145.216	0.292	-0.336	7.880937e+01	1.203701e+01	-1.203700e+01
145.800	0.265	-0.292	9.045085e+01	1.348367e+01	-1.348366e+01
146.438	0.294	-0.373	7.287213e+01	1.140629e+01	-1.140628e+01
146.978	0.309	-0.246	8.916378e+01	1.361850e+01	-1.361848e+01
147.538	0.326	-0.251	8.738005e+01	1.302590e+01	-1.302589e+01
148.177	0.266	-0.314	8.684554e+01	1.294622e+01	-1.294621e+01
148.705	0.255	-0.261	9.762567e+01	1.455323e+01	-1.455322e+01
149.249	0.310	-0.289	8.400894e+01	1.252336e+01	-1.252335e+01
149.852	0.273	-0.293	8.902878e+01	1.327168e+01	-1.327167e+01
150.429	0.315	-0.304	1.211286e+02	1.479830e+01	-1.479828e+01
151.058	0.254	-0.314	8.874986e+01	1.323010e+01	-1.323009e+01
151.752	0.337	-0.441	6.478489e+01	9.657599e+00	-9.657590e+00
152.418	0.388	-0.329	1.045974e+02	1.277868e+01	-1.277866e+01
153.090	0.300	-0.284	8.631483e+01	1.286711e+01	-1.286709e+01
153.635	0.265	-0.246	9.693030e+01	1.480472e+01	-1.480471e+01
154.195	0.274	-0.295	8.847178e+01	1.318865e+01	-1.318863e+01
154.776	0.297	-0.307	8.536916e+01	1.258705e+01	-1.258703e+01
155.334	0.254	-0.262	9.762402e+01	1.455299e+01	-1.455297e+01
155.874	0.335	-0.286	8.111995e+01	1.209270e+01	-1.209269e+01
156.520	0.282	-0.311	8.501965e+01	1.267403e+01	-1.267402e+01
157.180	0.303	-0.378	1.104170e+02	1.360667e+01	-1.360665e+01
157.852	0.353	-0.369	1.026107e+02	1.274178e+01	-1.274176e+01
158.492	0.257	-0.286	9.282284e+01	1.383727e+01	-1.383725e+01
159.098	0.351	-0.350	1.069846e+02	1.307032e+01	-1.307030e+01
159.780	0.354	-0.331	7.353534e+01	1.096204e+01	-1.096203e+01
160.427	0.311	-0.293	8.351658e+01	1.244997e+01	-1.244995e+01
161.028	0.298	-0.291	9.503738e+01	1.344038e+01	-1.344036e+01
161.629	0.323	-0.303	8.043000e+01	1.198984e+01	-1.198983e+01
162.168	0.300	-0.216	9.979394e+01	1.471387e+01	-1.471386e+01
162.777	0.287	-0.309	8.451064e+01	1.259815e+01	-1.259814e+01
163.355	0.292	-0.290	8.657831e+01	1.290638e+01	-1.290637e+01
164.014	0.321	-0.368	7.188490e+01	1.097939e+01	-1.097938e+01
164.674	0.287	-0.340	1.197520e+02	1.463012e+01	-1.463010e+01
165.292	0.384	-0.331	1.036320e+02	1.286860e+01	-1.286858e+01
165.981	0.418	-0.304	1.038228e+02	1.268404e+01	-1.268402e+01
166.709	0.326	-0.311	1.177431e+02	1.438470e+01	-1.438468e+01
167.300	0.272	-0.265	9.374538e+01	1.397479e+01	-1.397478e+01
167.834	0.253	-0.261	9.796217e+01	1.460340e+01	-1.460338e+01
168.358	0.255	-0.272	9.564742e+01	1.425833e+01	-1.425832e+01
168.888	0.263	-0.274	9.374697e+01	1.397503e+01	-1.397501e+01
169.460	0.217	-0.309	9.398341e+01	1.435463e+01	-1.435461e+01
169.983	0.249	-0.306	8.805620e+01	1.344933e+01	-1.344932e+01
170.490	0.268	-0.257	9.374141e+01	1.415368e+01	-1.415367e+01
171.108	0.280	-0.351	1.154216e+02	1.410108e+01	-1.410106e+01
171.671	0.267	-0.282	8.906120e+01	1.327651e+01	-1.327650e+01
172.209	0.265	-0.271	9.955552e+01	1.422228e+01	-1.422226e+01
172.733	0.273	-0.259	9.204156e+01	1.372080e+01	-1.372079e+01
173.278	0.283	-0.272	8.667299e+01	1.323807e+01	-1.323805e+01
173.844	0.299	-0.283	8.269616e+01	1.263066e+01	-1.263065e+01
174.370	0.285	-0.228	9.980197e+01	1.455768e+01	-1.455766e+01
174.976	0.335	-0.321	1.110409e+02	1.356589e+01	-1.356587e+01
175.642	0.272	-0.330	8.141973e+01	1.213739e+01	-1.213737e+01
176.201	0.358	-0.288	7.317713e+01	1.145403e+01	-1.145402e+01
176.873	0.350	-0.314	7.249907e+01	1.107320e+01	-1.107319e+01
177.529	0.275	-0.307	8.269726e+01	1.263083e+01	-1.263082e+01
178.095	0.350	-0.290	7.644420e+01	1.139568e+01	-1.139566e+01
178.716	0.286	-0.271	8.639257e+01	1.319524e+01	-1.319522e+01
179.264	0.326	-0.263	8.169681e+01	1.247803e+01	-1.247801e+01
179.877	0.265	-0.286	8.723430e+01	1.332380e+01	-1.332379e+01
180.392	0.297	-0.249	8.964308e+01	1.336326e+01	-1.336324e+01
180.942	0.296	-0.253	8.906384e+01	1.327691e+01	-1.327690e+01
181.587	0.336	-0.349	1.051824e+02	1.306113e+01	-1.306111e+01
182.203	0.242	-0.280	9.392336e+01	1.400133e+01	-1.400131e+01
182.726	0.307	-0.282	9.422590e+01	1.319433e+01	-1.319431e+01
183.374	0.284	-0.341	1.167337e+02	1.426138e+01	-1.426136e+01
183.920	0.244	-0.263	1.480585e+02	1.782427e+01	-1.782424e+01
184.493	0.365	-0.329	1.066304e+02	1.293092e+01	-1.293090e+01
185.174	0.316	-0.315	9.991520e+01	1.311958e+01	-1.311956e+01
185.784	0.301	-0.294	1.226751e+02	1.498724e+01	-1.498722e+01
186.376	0.249	-0.292	1.300617e+02	1.669020e+01	-1.669018e+01
186.928	0.243	-0.303	1.334604e+02	1.630489e+01	-1.630486e+01
187.439	0.234	-0.268	1.496335e+02	1.801387e+01	-1.801384e+01
187.950	0.226	-0.277	1.469438e+02	1.781966e+01	-1.781963e+01
188.437	0.241	-0.261	1.496395e+02	1.801459e+01	-1.801456e+01
188.949	0.242	-0.270	1.507658e+02	1.789272e+01	-1.789269e+01
189.448	0.292	-0.258	1.295022e+02	1.634669e+01	-1.634667e+01
190.002	0.241	-0.261	1.713195e+02	1.927509e+01	-1.927505e+01
190.470	0.274	-0.228	1.951756e+02	2.057349e+01	-2.057344e+01
190.976	0.275	-0.232	1.528204e+02	1.828512e+01	-1.828509e+01
191.529	0.227	-0.278	1.576681e+02	1.860083e+01	-1.860080e+01
192.024	0.241	-0.268	1.667913e+02	1.888553e+01	-1.888549e+01
192.516	0.252	-0.251	1.555938e+02	1.833703e+01	-1.833700e+01
193.033	0.237	-0.264	1.701056e+02	1.954551e+01	-1.954547e+01
193.544	0.228	-0.274	1.713282e+02	1.927607e+01	-1.927604e+01
194.040	0.236	-0.268	1.656503e+02	1.942945e+01	-1.942942e+01
194.550	0.234	-0.274	1.432734e+02	1.750374e+01	-1.750371e+01
195.051	0.260	-0.267	1.528920e+02	1.777346e+01	-1.777343e+01
195.576	0.240	-0.265	1.645925e+02	1.916645e+01	-1.916642e+01
196.077	0.241	-0.261	1.809492e+02	2.013813e+01	-2.013809e+01
196.587	0.240	-0.269	1.608454e+02	1.871706e+01	-1.871702e+01
197.101	0.230	-0.274	1.517422e+02	1.828743e+01	-1.828741e+01
197.613	0.280	-0.283	1.266406e+02	1.598548e+01	-1.598545e+01
198.145	0.258	-0.253	1.453656e+02	1.777896e+01	-1.777893e+01
198.653	0.259	-0.250	1.625143e+02	1.864180e+01	-1.864177e+01
199.177	0.239	-0.265	1.555933e+02	1.833696e+01	-1.833693e+01
199.680	0.242	-0.265	1.459180e+02	1.769526e+01	-1.769524e+01
200.144	0.282	-0.222	1.707222e+02	1.920788e+01	-1.920785e+01
200.711	0.235	-0.285	1.403282e+02	1.714392e+01	-1.714389e+01
201.209	0.238	-0.264	1.886840e+02	2.022921e+01	-2.022917e+01
201.717	0.248	-0.270	1.391642e+02	1.728085e+01	-1.728082e+01
202.225	0.307	-0.261	1.254580e+02	1.583620e+01	-1.583618e+01
202.779	0.308	-0.247	1.298081e+02	1.611905e+01	-1.611903e+01
203.347	0.255	-0.260	1.417937e+02	1.732297e+01	-1.732294e+01
203.846	0.257	-0.244	1.865220e+02	2.011335e+01	-2.011331e+01
204.347	0.263	-0.244	1.824139e+02	1.978573e+01	-1.978569e+01
204.863	0.251	-0.253	1.620928e+02	1.871700e+01	-1.871697e+01
205.383	0.248	-0.270	1.812132e+02	1.967327e+01	-1.967323e+01
205.879	0.254	-0.247	1.636100e+02	1.918238e+01	-1.918235e+01
206.380	0.255	-0.247	1.653059e+02	1.910721e+01	-1.910718e+01
206.891	0.281	-0.256	1.356903e+02	1.657731e+01	-1.657728e+01
207.394	0.293	-0.221	1.735386e+02	1.916428e+01	-1.916425e+01
207.919	0.272	-0.233	1.430755e+02	1.791806e+01	-1.791803e+01
208.445	0.263	-0.253	1.396558e+02	1.734189e+01	-1.734186e+01
208.971	0.244	-0.263	1.924035e+02	2.078881e+01	-2.078877e+01
209.502	0.216	-0.288	1.560798e+02	1.854290e+01	-1.854287e+01
209.992	0.237	-0.273	1.752127e+02	1.948657e+01	-1.948654e+01
210.491	0.240	-0.262	1.501236e+02	1.822515e+01	-1.822512e+01
210.972	0.278	-0.241	1.570968e+02	1.814010e+01	-1.814007e+01
211.491	0.300	-0.241	1.917123e+02	2.400221e+01	-2.379686e+01
212.205	0.340	-0.415	1.832582e+02	2.380755e+01	-2.280090e+01
212.997	0.404	-0.452	1.597267e+02	2.071143e+01	-2.015163e+01
213.807	0.350	-0.406	1.828234e+02	2.326395e+01	-2.270502e+01
214.585	0.341	-0.428	1.778424e+02	2.299559e+01	-2.243067e+01
215.509	0.500	-0.583	1.290178e+02	1.627148e+01	-1.578946e+01
216.466	0.438	-0.456	1.562098e+02	2.008291e+01	-1.914800e+01
217.442	0.496	-0.537	1.352364e+02	1.737491e+01	-1.657431e+01
218.478	0.497	-0.541	1.332761e+02	1.772010e+01	-1.659664e+01
219.405	0.461	-0.430	1.550915e+02	1.991206e+01	-1.927869e+01
220.408	0.533	-0.542	1.300890e+02	1.659408e+01	-1.594097e+01
221.376	0.504	-0.435	1.471579e+02	1.883783e+01	-1.828686e+01
222.304	0.379	-0.423	1.730937e+02	2.206514e+01	-2.150046e+01
223.188	0.425	-0.505	1.519181e+02	1.892451e+01	-1.857127e+01
224.086	0.488	-0.472	1.471384e+02	1.848140e+01	-1.800358e+01
224.992	0.370	-0.418	1.753715e+02	2.277373e+01	-2.213566e+01
225.838	0.359	-0.476	1.675294e+02	2.123633e+01	-2.079873e+01
226.613	0.395	-0.416	1.742401e+02	2.182362e+01	-2.130920e+01
227.355	0.382	-0.347	1.945339e+02	2.499488e+01	-2.401053e+01
228.222	0.529	-0.485	1.362975e+02	1.812431e+01	-1.722670e+01
229.126	0.405	-0.375	1.753600e+02	2.374071e+01	-2.250961e+01
229.940	0.482	-0.410	1.550689e+02	2.091862e+01	-1.960777e+01
230.849	0.414	-0.428	1.679777e+02	2.136760e+01	-2.056926e+01
231.624	0.363	-0.361	1.908928e+02	2.498326e+01	-2.410092e+01
232.319	0.405	-0.332	1.855260e+02	2.521488e+01	-2.381735e+01
233.204	0.532	-0.480	1.374902e+02	1.796223e+01	-1.710842e+01
234.171	0.387	-0.435	1.689231e+02	2.167523e+01	-2.099717e+01
234.886	0.370	-0.327	2.013219e+02	2.563651e+01	-2.466533e+01
235.766	0.472	-0.510	1.350374e+02	1.832955e+01	-1.785117e+01
236.640	0.404	-0.402	1.742129e+02	2.207400e+01	-2.133190e+01
237.491	0.386	-0.447	1.667575e+02	2.149370e+01	-2.073538e+01
238.358	0.398	-0.481	1.491157e+02	2.063369e+01	-2.003382e+01
239.212	0.475	-0.457	1.489363e+02	1.940859e+01	-1.853330e+01
240.144	0.429	-0.457	1.514387e+02	2.047504e+01	-1.973204e+01
241.132	0.438	-0.558	1.393617e+02	1.804155e+01	-1.733919e+01
242.094	0.469	-0.524	1.382936e+02	1.815400e+01	-1.746855e+01
243.105	0.435	-0.542	1.437520e+02	1.851329e+01	-1.762121e+01
244.121	0.551	-0.582	1.200257e+02	1.593290e+01	-1.539311e+01
245.191	0.443	-0.518	1.448976e+02	1.879535e+01	-1.802821e+01
246.141	0.396	-0.508	1.540250e+02	1.957797e+01	-1.912652e+01
247.051	0.456	-0.514	1.419582e+02	1.838718e+01	-1.790784e+01
248.139	0.439	-0.632	1.304790e+02	1.673033e+01	-1.632684e+01
249.181	0.527	-0.603	1.218371e+02	1.565858e+01	-1.535847e+01
250.267	0.522	-0.560	1.258033e+02	1.638840e+01	-1.610424e+01
251.353	0.522	-0.563	1.253920e+02	1.639475e+01	-1.605619e+01
252.375	0.483	-0.500	1.430836e+02	1.820126e+01	-1.752828e+01
253.396	0.609	-0.538	1.213096e+02	1.534823e+01	-1.505785e+01
254.633	0.566	-0.627	1.120274e+02	1.488005e+01	-1.457000e+01
255.757	0.465	-0.558	1.364652e+02	1.724105e+01	-1.670430e+01
256.861	0.475	-0.639	1.239558e+02	1.589700e+01	-1.540682e+01
257.828	0.567	-0.492	1.304145e+02	1.673201e+01	-1.621032e+01
258.993	0.676	-0.598	1.071583e+02	1.388629e+01	-1.351855e+01
260.154	0.483	-0.485	9.527682e+01	1.486641e+01	-1.454999e+01
261.240	0.480	-0.604	1.259851e+02	1.618774e+01	-1.588085e+01
262.389	0.557	-0.669	1.126244e+02	1.446385e+01	-1.399495e+01
263.585	0.650	-0.639	1.070286e+02	1.391694e+01	-1.331183e+01
264.775	0.594	-0.539	1.203309e+02	1.549761e+01	-1.517163e+01
265.948	0.636	-0.579	1.144211e+02	1.426370e+01	-1.398854e+01
267.225	0.635	-0.641	1.053670e+02	1.372482e+01	-1.348741e+01
268.463	0.568	-0.603	1.187679e+02	1.473974e+01	-1.451442e+01
269.529	0.581	-0.499	8.361391e+01	1.317765e+01	-1.305054e+01
270.717	0.751	-0.606	1.024251e+02	1.272144e+01	-1.251797e+01
272.033	0.423	-0.565	9.144808e+01	1.449884e+01	-1.428020e+01
273.069	0.602	-0.613	1.144222e+02	1.429576e+01	-1.399044e+01
274.145	0.477	-0.474	1.460762e+02	1.839712e+01	-1.787464e+01
275.158	0.476	-0.536	9.072260e+01	1.398743e+01	-1.383907e+01
276.174	0.578	-0.539	1.202779e+02	1.592145e+01	-1.563834e+01
277.301	0.563	-0.549	1.237281e+02	1.610936e+01	-1.561693e+01
278.485	0.546	-0.621	1.205591e+02	1.535394e+01	-1.476561e+01
279.495	0.495	-0.464	1.434696e+02	1.858147e+01	-1.809835e+01
280.409	0.396	-0.419	1.726757e+02	2.175795e+01	-2.113061e+01
281.336	0.520	-0.532	1.293624e+02	1.688084e+01	-1.656111e+01
282.214	0.427	-0.358	1.733645e+02	2.254015e+01	-2.218792e+01
283.185	0.555	-0.544	1.222905e+02	1.619252e+01	-1.590039e+01
284.281	0.411	-0.540	1.429015e+02	1.864269e+01	-1.829450e+01
285.226	0.485	-0.534	1.349570e+02	1.732302e+01	-1.701130e+01
286.332	0.579	-0.620	1.155831e+02	1.458024e+01	-1.434383e+01
287.494	0.561	-0.583	1.205673e+02	1.523350e+01	-1.496435e+01
288.533	0.452	-0.478	1.482317e+02	1.865317e+01	-1.839271e+01
289.485	0.559	-0.499	1.273709e+02	1.659069e+01	-1.630463e+01
290.662	0.470	-0.618	1.266745e+02	1.617900e+01	-1.574182e+01
291.647	0.525	-0.514	1.297682e+02	1.688852e+01	-1.661009e+01
292.699	0.474	-0.528	9.197941e+01	1.422828e+01	-1.403436e+01
293.843	0.675	-0.670	1.013964e+02	1.311561e+01	-1.278925e+01
295.029	0.549	-0.511	9.524075e+01	1.427211e+01	-1.404419e+01
296.180	0.560	-0.602	1.200533e+02	1.529230e+01	-1.470822e+01
297.270	0.641	-0.529	1.172789e+02	1.490787e+01	-1.456353e+01
298.535	0.625	-0.624	1.096625e+02	1.395991e+01	-1.361962e+01
299.643	0.474	-0.483	9.557810e+01	1.479321e+01	-1.458416e+01
300.525	0.379	-0.408	1.741706e+02	2.211735e+01	-2.162623e+01
301.486	0.573	-0.582	1.199496e+02	1.491151e+01	-1.466087e+01
302.709	0.569	-0.651	1.084424e+02	1.437287e+01	-1.410101e+01
303.788	0.506	-0.510	1.348215e+02	1.709608e+01	-1.673826e+01
304.830	0.600	-0.536	1.220180e+02	1.519615e+01	-1.491526e+01
305.726	0.272	-0.296	1.357585e+02	1.686000e+01	-1.685801e+01
306.273	0.323	-0.276	1.215935e+02	1.485510e+01	-1.485508e+01
306.922	0.359	-0.326	1.051913e+02	1.306223e+01	-1.306221e+01
307.573	0.336	-0.292	1.133721e+02	1.431063e+01	-1.431061e+01
308.165	0.248	-0.255	9.941340e+01	1.465777e+01	-1.465775e+01
308.681	0.324	-0.268	1.230592e+02	1.503417e+01	-1.503415e+01
309.325	0.275	-0.320	1.226856e+02	1.498853e+01	-1.498851e+01
309.962	0.269	-0.362	1.154253e+02	1.410153e+01	-1.410151e+01
310.496	0.271	-0.265	1.361362e+02	1.663179e+01	-1.663176e+01
311.008	0.283	-0.242	9.374617e+01	1.415440e+01	-1.415439e+01
311.565	0.245	-0.273	9.503493e+01	1.434899e+01	-1.434897e+01
312.141	0.312	-0.332	1.118756e+02	1.389226e+01	-1.389224e+01
312.721	0.239	-0.268	9.871577e+01	1.455491e+01	-1.455489e+01
313.219	0.275	-0.259	9.174379e+01	1.367641e+01	-1.367640e+01
313.743	0.305	-0.249	8.849475e+01	1.319207e+01	-1.319206e+01
314.356	0.389	-0.309	1.045330e+02	1.277082e+01	-1.277080e+01
315.033	0.271	-0.288	8.612588e+01	1.315450e+01	-1.315449e+01
315.547	0.266	-0.243	9.623031e+01	1.434523e+01	-1.434521e+01
316.109	0.337	-0.297	1.168217e+02	1.416681e+01	-1.416678e+01
316.736	0.263	-0.291	8.849648e+01	1.319233e+01	-1.319232e+01
317.330	0.308	-0.331	1.114791e+02	1.407168e+01	-1.407166e+01
317.890	0.269	-0.252	9.810609e+01	1.431031e+01	-1.431029e+01
318.475	0.334	-0.315	1.109553e+02	1.377798e+01	-1.377796e+01
319.082	0.285	-0.273	8.612607e+01	1.315453e+01	-1.315452e+01
319.693	0.325	-0.326	1.119601e+02	1.367819e+01	-1.367817e+01
320.307	0.276	-0.288	8.380401e+01	1.311740e+01	-1.311739e+01
320.900	0.337	-0.318	1.113506e+02	1.360373e+01	-1.360371e+01
321.584	0.322	-0.347	1.106079e+02	1.341327e+01	-1.341324e+01
322.247	0.296	-0.341	1.131250e+02	1.404740e+01	-1.404738e+01
322.839	0.360	-0.296	1.110498e+02	1.356698e+01	-1.356696e+01
323.498	0.297	-0.299	1.208984e+02	1.501267e+01	-1.501265e+01
324.056	0.310	-0.261	8.424794e+01	1.286767e+01	-1.286766e+01
324.587	0.315	-0.221	9.028851e+01	1.396298e+01	-1.396296e+01
325.200	0.240	-0.298	1.325180e+02	1.672736e+01	-1.672733e+01
325.683	0.260	-0.244	1.447949e+02	1.768963e+01	-1.768960e+01
326.284	0.348	-0.341	9.832647e+01	1.260449e+01	-1.260448e+01
326.971	0.349	-0.340	1.062299e+02	1.309070e+01	-1.309068e+01
327.628	0.322	-0.308	1.144078e+02	1.420670e+01	-1.420668e+01
328.222	0.301	-0.272	1.272615e+02	1.554756e+01	-1.554754e+01
328.770	0.288	-0.247	1.361393e+02	1.663216e+01	-1.663214e+01
329.398	0.349	-0.340	1.058860e+02	1.293611e+01	-1.293609e+01
330.063	0.304	-0.317	1.160446e+02	1.440995e+01	-1.440993e+01
330.633	0.321	-0.266	1.241755e+02	1.517055e+01	-1.517053e+01
331.229	0.259	-0.274	1.334045e+02	1.683927e+01	-1.683924e+01
331.753	0.278	-0.264	1.343564e+02	1.641435e+01	-1.641432e+01
332.339	0.341	-0.308	1.122696e+02	1.371599e+01	-1.371597e+01
333.010	0.306	-0.329	1.134443e+02	1.408705e+01	-1.408703e+01
333.600	0.277	-0.285	1.296783e+02	1.584282e+01	-1.584280e+01
334.197	0.302	-0.319	1.160468e+02	1.441022e+01	-1.441020e+01
334.807	0.270	-0.308	1.260883e+02	1.540423e+01	-1.540421e+01
335.368	0.212	-0.291	1.448013e+02	1.769040e+01	-1.769037e+01
335.824	0.263	-0.244	1.614179e+02	1.878367e+01	-1.878364e+01
336.417	0.275	-0.330	1.205231e+02	1.472433e+01	-1.472431e+01
336.947	0.263	-0.255	1.412757e+02	1.740939e+01	-1.740936e+01
337.527	0.302	-0.317	1.177477e+02	1.438526e+01	-1.438524e+01
338.139	0.295	-0.310	1.205110e+02	1.472286e+01	-1.472284e+01
338.682	0.253	-0.248	1.522749e+02	1.835163e+01	-1.835160e+01
339.231	0.267	-0.295	1.281479e+02	1.591289e+01	-1.591286e+01
339.777	0.228	-0.279	9.488025e+01	1.449161e+01	-1.449160e+01
340.346	0.280	-0.341	1.174011e+02	1.434292e+01	-1.434290e+01
340.868	0.265	-0.242	1.489914e+02	1.823553e+01	-1.823550e+01
341.448	0.340	-0.315	1.100400e+02	1.366433e+01	-1.366431e+01
342.062	0.245	-0.275	1.375001e+02	1.750175e+01	-1.750172e+01
342.579	0.262	-0.272	1.365792e+02	1.668591e+01	-1.668588e+01
343.127	0.328	-0.286	1.173770e+02	1.457539e+01	-1.457537e+01
343.742	0.258	-0.288	1.303468e+02	1.645330e+01	-1.645328e+01
344.344	0.347	-0.343	1.043708e+02	1.296034e+01	-1.296032e+01
344.965	0.234	-0.274	1.699812e+02	1.926545e+01	-1.926542e+01
345.490	0.301	-0.291	1.230420e+02	1.503207e+01	-1.503204e+01
346.049	0.260	-0.258	1.429059e+02	1.732999e+01	-1.732996e+01
346.606	0.272	-0.297	1.280430e+02	1.564304e+01	-1.564301e+01
347.192	0.275	-0.314	1.256318e+02	1.523518e+01	-1.523516e+01
347.713	0.256	-0.246	1.657567e+02	1.930203e+01	-1.930199e+01
348.217	0.265	-0.249	1.692889e+02	1.892721e+01	-1.892718e+01
348.750	0.243	-0.267	1.491723e+02	1.782961e+01	-1.782958e+01
349.268	0.243	-0.274	1.408161e+02	1.720354e+01	-1.720351e+01
349.798	0.296	-0.287	1.249341e+02	1.526323e+01	-1.526320e+01
350.350	0.323	-0.256	1.231434e+02	1.554404e+01	-1.554402e+01
350.966	0.301	-0.293	1.212554e+02	1.505701e+01	-1.505699e+01
351.569	0.307	-0.302	1.184189e+02	1.470478e+01	-1.470476e+01
352.142	0.267	-0.267	1.365921e+02	1.668748e+01	-1.668746e+01
352.657	0.259	-0.248	1.545118e+02	1.820951e+01	-1.820948e+01
353.211	0.282	-0.295	1.250002e+02	1.552202e+01	-1.552200e+01
353.759	0.237	-0.267	1.750564e+02	1.945085e+01	-1.945082e+01
354.273	0.235	-0.277	1.649114e+02	1.921143e+01	-1.921140e+01
354.770	0.301	-0.261	1.296774e+02	1.584272e+01	-1.584269e+01
355.404	0.293	-0.333	1.150549e+02	1.428705e+01	-1.428703e+01
355.963	0.255	-0.266	1.528344e+02	1.803058e+01	-1.803055e+01
356.501	0.228	-0.283	1.555654e+02	1.820767e+01	-1.820764e+01
357.020	0.236	-0.291	1.384388e+02	1.691310e+01	-1.691308e+01
357.568	0.335	-0.312	1.125780e+02	1.375368e+01	-1.375366e+01
358.176	0.230	-0.274	1.560748e+02	1.854230e+01	-1.854227e+01
358.698	0.233	-0.292	1.372858e+02	1.704760e+01	-1.704757e+01
359.205	0.267	-0.274	1.332200e+02	1.654272e+01	-1.654269e+01
359.771	0.313	-0.299	1.191191e+02	1.455280e+01	-1.455278e+01
360.406	0.294	-0.322	1.184334e+02	1.446904e+01	-1.446901e+01
360.985	0.298	-0.286	1.234744e+02	1.533255e+01	-1.533253e+01
361.601	0.299	-0.318	1.180899e+02	1.442707e+01	-1.442704e+01
362.199	0.314	-0.298	1.191196e+02	1.455286e+01	-1.455284e+01
362.846	0.358	-0.334	1.041103e+02	1.292799e+01	-1.292797e+01
363.538	0.274	-0.333	1.187649e+02	1.474775e+01	-1.474772e+01
364.087	0.263	-0.276	1.336638e+02	1.659783e+01	-1.659780e+01
364.659	0.342	-0.309	1.093479e+02	1.380267e+01	-1.380265e+01
365.281	0.338	-0.279	1.180917e+02	1.442729e+01	-1.442727e+01
365.911	0.267	-0.292	1.259308e+02	1.616011e+01	-1.616009e+01
366.443	0.247	-0.265	1.483803e+02	1.844574e+01	-1.844571e+01
367.052	0.319	-0.362	1.073381e+02	1.322727e+01	-1.322725e+01
367.632	0.243	-0.260	1.577633e+02	1.846492e+01	-1.846489e+01
368.169	0.318	-0.294	1.191220e+02	1.455316e+01	-1.455313e+01
368.742	0.291	-0.256	1.319192e+02	1.638120e+01	-1.638117e+01
369.342	0.295	-0.308	1.208767e+02	1.476753e+01	-1.476751e+01
369.884	0.343	-0.248	1.234267e+02	1.507907e+01	-1.507905e+01
370.513	0.317	-0.286	1.194670e+02	1.483492e+01	-1.483490e+01
371.180	0.294	-0.350	1.118790e+02	1.389268e+01	-1.389266e+01
371.742	0.246	-0.268	9.523464e+01	1.419680e+01	-1.419679e+01
372.308	0.310	-0.320	1.157564e+02	1.414198e+01	-1.414196e+01
372.917	0.330	-0.299	1.157562e+02	1.414196e+01	-1.414194e+01
373.554	0.235	-0.306	9.053412e+01	1.349609e+01	-1.349607e+01
374.076	0.245	-0.287	1.370502e+02	1.674345e+01	-1.674342e+01
374.656	0.327	-0.335	1.101573e+02	1.345794e+01	-1.345792e+01
375.232	0.277	-0.250	1.384407e+02	1.691333e+01	-1.691330e+01
375.816	0.339	-0.307	1.115709e+02	1.385442e+01	-1.385440e+01
376.490	0.344	-0.335	1.072716e+02	1.310539e+01	-1.310537e+01
377.069	0.318	-0.235	8.849623e+01	1.319229e+01	-1.319228e+01
377.633	0.269	-0.245	9.946569e+01	1.450863e+01	-1.450861e+01
378.180	0.233	-0.278	9.423002e+01	1.439230e+01	-1.439228e+01
378.707	0.377	-0.294	1.086943e+02	1.327921e+01	-1.327918e+01
379.412	0.291	-0.328	7.908780e+01	1.178976e+01	-1.178975e+01
379.924	0.296	-0.222	9.878394e+01	1.440918e+01	-1.440917e+01
380.573	0.316	-0.353	1.089755e+02	1.331357e+01	-1.331354e+01
381.187	0.299	-0.297	1.208817e+02	1.501060e+01	-1.501058e+01
381.798	0.278	-0.312	1.234147e+02	1.507760e+01	-1.507758e+01
382.394	0.308	-0.319	1.150439e+02	1.428568e+01	-1.428566e+01
382.969	0.340	-0.267	9.723601e+01	1.337423e+01	-1.337422e+01
383.628	0.323	-0.320	1.135017e+02	1.386652e+01	-1.386650e+01
384.194	0.282	-0.243	9.373874e+01	1.415328e+01	-1.415326e+01
384.764	0.265	-0.289	9.832295e+01	1.390503e+01	-1.390501e+01
385.299	0.319	-0.270	8.314091e+01	1.239397e+01	-1.239395e+01
385.937	0.325	-0.319	1.131882e+02	1.382823e+01	-1.382821e+01
386.576	0.281	-0.314	8.239569e+01	1.228288e+01	-1.228286e+01
387.150	0.248	-0.293	9.052514e+01	1.349475e+01	-1.349473e+01
387.687	0.299	-0.290	8.314079e+01	1.239395e+01	-1.239394e+01
388.336	0.322	-0.350	1.058655e+02	1.336309e+01	-1.336308e+01
388.959	0.244	-0.300	8.993333e+01	1.340653e+01	-1.340651e+01
389.491	0.321	-0.288	1.198061e+02	1.463674e+01	-1.463671e+01
390.111	0.291	-0.300	8.289113e+01	1.235673e+01	-1.235672e+01
390.735	0.231	-0.333	8.530564e+01	1.302922e+01	-1.302921e+01
391.195	0.274	-0.229	9.725144e+01	1.449745e+01	-1.449743e+01
391.736	0.262	-0.267	9.105694e+01	1.390765e+01	-1.390764e+01
392.297	0.221	-0.299	9.844308e+01	1.435946e+01	-1.435945e+01
392.915	0.305	-0.397	6.846534e+01	1.045711e+01	-1.045710e+01
393.455	0.297	-0.235	9.204928e+01	1.372195e+01	-1.372194e+01
394.061	0.220	-0.309	9.472829e+01	1.396698e+01	-1.396697e+01
394.561	0.255	-0.280	9.143766e+01	1.363078e+01	-1.363076e+01
395.246	0.455	-0.429	5.441498e+01	8.311115e+00	-8.311107e+00
396.081	0.372	-0.381	6.393352e+01	9.764937e+00	-9.764928e+00
396.790	0.369	-0.337	6.932549e+01	1.033448e+01	-1.033447e+01
397.449	0.226	-0.290	9.490436e+01	1.414757e+01	-1.414755e+01
397.929	0.295	-0.253	8.935953e+01	1.332099e+01	-1.332097e+01
398.504	0.221	-0.281	9.976675e+01	1.470987e+01	-1.470985e+01
399.129	0.372	-0.404	6.312435e+01	9.410062e+00	-9.410052e+00
399.804	0.291	-0.303	7.953762e+01	1.244960e+01	-1.244959e+01
400.406	0.375	-0.311	7.006185e+01	1.070095e+01	-1.070094e+01
401.114	0.297	-0.333	7.774784e+01	1.159001e+01	-1.159000e+01
401.730	0.265	-0.319	8.244767e+01	1.259271e+01	-1.259270e+01
402.368	0.310	-0.373	7.166569e+01	1.068333e+01	-1.068332e+01
403.042	0.453	-0.364	5.995554e+01	8.937682e+00	-8.937673e+00
403.787	0.364	-0.292	7.457917e+01	1.111765e+01	-1.111764e+01
404.545	0.372	-0.393	6.400214e+01	9.540915e+00	-9.540905e+00
405.318	0.486	-0.402	5.419111e+01	8.276921e+00	-8.276913e+00
406.128	0.395	-0.324	6.811780e+01	1.015444e+01	-1.015443e+01
407.027	0.387	-0.504	5.492933e+01	8.188415e+00	-8.188407e+00
407.827	0.420	-0.413	5.880254e+01	8.765801e+00	-8.765792e+00
408.578	0.360	-0.332	7.074586e+01	1.054621e+01	-1.054620e+01
409.395	0.380	-0.456	5.753525e+01	8.787691e+00	-8.787683e+00
410.351	0.382	-0.576	5.115167e+01	7.625272e+00	-7.625264e+00
411.214	0.448	-0.482	5.261873e+01	7.843970e+00	-7.843962e+00
412.029	0.324	-0.366	7.092686e+01	1.057320e+01	-1.057319e+01
412.869	0.370	-0.516	5.526263e+01	8.238101e+00	-8.238093e+00
413.800	0.635	-0.561	3.952979e+01	6.187389e+00	-6.187383e+00
414.970	0.536	-0.535	4.492183e+01	6.861171e+00	-6.861164e+00
416.044	0.604	-0.538	4.286698e+01	6.390259e+00	-6.390252e+00
417.121	0.494	-0.474	5.058904e+01	7.541401e+00	-7.541393e+00
418.153	0.480	-0.538	4.727647e+01	7.220809e+00	-7.220802e+00
419.312	0.623	-0.679	3.628997e+01	5.680277e+00	-5.680272e+00
420.502	0.528	-0.566	4.474865e+01	6.670762e+00	-6.670755e+00
421.906	0.825	-0.876	2.878725e+01	4.291367e+00	-4.291363e+00
423.278	0.600	-0.547	4.266979e+01	6.360864e+00	-6.360857e+00
424.694	0.694	-0.816	3.185466e+01	4.865346e+00	-4.865342e+00
426.120	0.770	-0.731	3.260988e+01	4.861215e+00	-4.861210e+00
427.638	0.675	-0.748	3.440348e+01	5.128590e+00	-5.128584e+00
429.083	0.869	-0.769	2.988335e+01	4.454765e+00	-4.454760e+00
430.788	0.726	-0.836	3.080243e+01	4.704634e+00	-4.704629e+00
432.495	0.890	-0.981	2.570767e+01	3.926482e+00	-3.926478e+00
434.286	1.076	-0.900	2.434074e+01	3.717702e+00	-3.717698e+00
436.426	1.094	-1.064	2.268797e+01	3.382137e+00	-3.382133e+00
438.154	0.969	-0.634	3.001350e+01	4.584135e+00	-4.584131e+00
440.342	1.382	-1.219	1.849671e+01	2.825109e+00	-2.825106e+00
443.200	1.426	-1.475	1.687339e+01	2.515347e+00	-2.515345e+00
445.712	0.898	-1.086	2.382604e+01	3.729363e+00	-3.729360e+00
447.529	1.066	-0.920	2.423301e+01	3.701248e+00	-3.701245e+00
449.517	1.176	-0.921	2.253229e+01	3.526860e+00	-3.526856e+00
451.736	1.159	-1.044	2.184496e+01	3.336508e+00	-3.336504e+00
454.529	1.624	-1.634	1.450868e+01	2.270967e+00	-2.270965e+00
457.919	1.385	-1.766	1.553971e+01	2.316533e+00	-2.316531e+00
460.841	2.204	-1.537	1.285900e+01	1.964029e+00	-1.964027e+00
464.533	1.222	-1.488	1.807042e+01	2.693790e+00	-2.693788e+00
467.478	2.138	-1.723	1.246258e+01	1.903481e+00	-1.903480e+00
471.175	1.479	-1.560	1.583361e+01	2.418359e+00	-2.418357e+00
475.263	1.585	-2.609	1.167685e+01	1.740689e+00	-1.740687e+00
478.577	1.780	-1.729	1.395654e+01	2.080527e+00	-2.080525e+00
481.956	1.409	-1.600	1.599295e+01	2.442696e+00	-2.442693e+00
484.286	0.940	-0.921	2.631196e+01	3.922372e+00	-3.922368e+00
486.335	1.214	-1.110	2.107359e+01	3.141479e+00	-3.141476e+00
489.035	1.231	-1.485	1.802348e+01	2.686793e+00	-2.686791e+00
491.100	0.874	-0.834	2.866878e+01	4.273707e+00	-4.273702e+00
492.977	0.605	-1.003	2.991524e+01	4.569128e+00	-4.569124e+00
494.406	0.745	-0.824	3.120418e+01	4.651665e+00	-4.651660e+00
496.125	0.669	-0.973	3.048062e+01	4.494142e+00	-4.494137e+00
497.637	0.788	-0.844	2.949126e+01	4.504371e+00	-4.504367e+00
499.031	0.518	-0.606	4.354574e+01	6.491442e+00	-6.491435e+00
500.280	0.636	-0.730	3.583452e+01	5.341917e+00	-5.341911e+00
501.390	0.441	-0.474	5.261286e+01	8.035866e+00	-8.035858e+00
502.464	0.538	-0.634	4.176186e+01	6.225517e+00	-6.225510e+00
503.537	0.367	-0.535	5.333850e+01	8.146697e+00	-8.146689e+00
504.373	0.402	-0.468	5.628050e+01	8.389837e+00	-8.389828e+00
505.202	0.410	-0.428	5.640091e+01	8.828136e+00	-8.828128e+00
505.995	0.469	-0.383	5.745598e+01	8.565068e+00	-8.565059e+00
506.913	0.448	-0.448	5.460502e+01	8.140069e+00	-8.140061e+00
508.011	0.569	-0.649	4.037135e+01	6.095526e+00	-6.095520e+00
508.968	0.356	-0.388	6.355583e+01	9.948057e+00	-9.948048e+00
509.887	0.659	-0.563	4.006199e+01	5.972113e+00	-5.972107e+00
511.152	0.624	-0.605	3.983049e+01	5.937604e+00	-5.937598e+00
512.277	0.411	-0.501	5.365002e+01	7.997706e+00	-7.997698e+00
513.152	0.382	-0.463	5.794196e+01	8.637514e+00	-8.637505e+00
513.868	0.405	-0.335	6.500989e+01	9.929338e+00	-9.929328e+00
514.678	0.398	-0.404	5.996499e+01	9.158800e+00	-9.158791e+00
515.732	0.495	-0.656	4.180063e+01	6.384452e+00	-6.384446e+00
516.845	0.547	-0.619	4.128875e+01	6.306269e+00	-6.306263e+00
517.845	0.497	-0.453	5.154028e+01	7.683203e+00	-7.683195e+00
518.711	0.437	-0.369	6.075708e+01	9.057168e+00	-9.057159e+00
519.715	0.490	-0.567	4.633142e+01	6.906709e+00	-6.906702e+00
520.671	0.525	-0.466	4.940913e+01	7.365509e+00	-7.365501e+00
521.780	0.460	-0.585	4.525434e+01	7.083422e+00	-7.083415e+00
522.734	0.399	-0.494	5.482318e+01	8.172592e+00	-8.172583e+00
523.712	0.475	-0.578	4.487245e+01	7.023647e+00	-7.023640e+00
524.812	0.488	-0.626	4.396304e+01	6.553650e+00	-6.553644e+00
525.718	0.481	-0.418	5.449855e+01	8.124198e+00	-8.124190e+00
526.636	0.550	-0.438	4.958765e+01	7.392121e+00	-7.392114e+00
527.649	0.629	-0.463	4.482261e+01	6.681788e+00	-6.681781e+00
528.774	0.561	-0.495	4.552671e+01	6.953558e+00	-6.953551e+00
529.772	0.586	-0.437	4.786151e+01	7.134803e+00	-7.134795e+00
530.854	0.494	-0.496	4.949597e+01	7.378453e+00	-7.378446e+00
531.843	0.472	-0.495	5.058801e+01	7.541247e+00	-7.541239e+00
533.099	0.654	-0.784	3.287565e+01	5.145851e+00	-5.145846e+00
534.261	0.634	-0.508	4.286567e+01	6.390063e+00	-6.390056e+00
535.481	0.455	-0.586	4.704342e+01	7.012848e+00	-7.012841e+00
536.538	0.677	-0.602	3.827552e+01	5.705801e+00	-5.705795e+00
537.705	0.396	-0.490	5.430018e+01	8.293581e+00	-8.293573e+00
538.545	0.476	-0.444	5.322970e+01	7.935048e+00	-7.935040e+00
539.571	0.514	-0.550	4.522031e+01	6.906760e+00	-6.906753e+00
540.662	0.539	-0.577	4.312918e+01	6.587369e+00	-6.587362e+00
541.767	0.545	-0.567	4.326799e+01	6.608570e+00	-6.608563e+00
542.697	0.326	-0.384	6.897349e+01	1.028200e+01	-1.028199e+01
543.496	0.447	-0.474	5.220432e+01	7.973468e+00	-7.973460e+00
544.439	0.485	-0.495	4.994578e+01	7.445508e+00	-7.445501e+00
545.282	0.303	-0.358	7.398024e+01	1.102837e+01	-1.102836e+01
545.902	0.330	-0.316	7.449678e+01	1.137832e+01	-1.137831e+01
546.579	0.316	-0.347	7.249819e+01	1.107307e+01	-1.107306e+01
547.280	0.334	-0.385	6.726523e+01	1.040246e+01	-1.040245e+01
547.909	0.278	-0.295	9.876085e+01	1.369573e+01	-1.369572e+01
548.430	0.321	-0.243	8.379682e+01	1.311627e+01	-1.311626e+01
549.129	0.373	-0.378	6.521406e+01	9.721579e+00	-9.721569e+00
549.884	0.284	-0.382	7.230584e+01	1.104369e+01	-1.104368e+01
550.466	0.292	-0.299	8.289197e+01	1.235686e+01	-1.235684e+01
551.094	0.402	-0.337	9.642642e+01	1.217162e+01	-1.217161e+01
551.805	0.371	-0.309	1.060055e+02	1.316334e+01	-1.316332e+01
552.504	0.250	-0.329	1.260686e+02	1.540183e+01	-1.540180e+01
553.002	0.255	-0.248	9.723941e+01	1.449565e+01	-1.449564e+01
553.582	0.302	-0.325	1.136828e+02	1.434985e+01	-1.434983e+01
554.242	0.321	-0.358	1.060072e+02	1.316355e+01	-1.316353e+01
554.870	0.218	-0.307	9.328390e+01	1.390600e+01	-1.390599e+01
555.416	0.289	-0.328	1.180796e+02	1.442581e+01	-1.442579e+01
555.965	0.272	-0.260	9.408120e+01	1.387158e+01	-1.387156e+01
556.454	0.287	-0.216	9.940049e+01	1.465586e+01	-1.465585e+01
557.063	0.320	-0.322	1.134990e+02	1.386619e+01	-1.386617e+01
557.674	0.291	-0.291	1.238363e+02	1.537749e+01	-1.537747e+01
558.308	0.324	-0.343	1.083392e+02	1.356785e+01	-1.356783e+01
558.887	0.267	-0.254	9.392241e+01	1.400118e+01	-1.400117e+01
559.428	0.339	-0.274	1.173765e+02	1.457534e+01	-1.457532e+01
560.023	0.246	-0.256	9.975276e+01	1.470780e+01	-1.470779e+01
560.632	0.293	-0.364	1.113973e+02	1.372748e+01	-1.372746e+01
561.253	0.374	-0.327	1.039908e+02	1.270457e+01	-1.270455e+01
561.904	0.253	-0.278	9.235394e+01	1.376737e+01	-1.376736e+01
562.492	0.358	-0.335	1.050722e+02	1.283669e+01	-1.283667e+01
563.198	0.303	-0.348	1.119635e+02	1.367860e+01	-1.367858e+01
563.835	0.300	-0.333	1.151091e+02	1.406290e+01	-1.406288e+01
564.400	0.240	-0.265	1.507500e+02	1.801819e+01	-1.801816e+01
564.934	0.252	-0.294	8.965344e+01	1.336480e+01	-1.336479e+01
565.466	0.231	-0.280	9.589771e+01	1.429565e+01	-1.429563e+01
565.960	0.256	-0.263	9.680644e+01	1.445279e+01	-1.445278e+01
566.519	0.388	-0.302	1.056158e+02	1.290310e+01	-1.290308e+01
567.200	0.287	-0.293	9.609200e+01	1.360842e+01	-1.360841e+01
567.776	0.237	-0.289	1.368238e+02	1.699023e+01	-1.699020e+01
568.273	0.292	-0.259	1.321874e+02	1.614936e+01	-1.614934e+01
568.838	0.237	-0.273	9.423111e+01	1.439246e+01	-1.439245e+01
569.389	0.343	-0.313	1.097555e+02	1.362900e+01	-1.362898e+01
569.996	0.250	-0.264	9.735037e+01	1.435359e+01	-1.435358e+01
570.504	0.271	-0.258	1.400340e+02	1.698172e+01	-1.698170e+01
571.106	0.337	-0.332	1.077146e+02	1.337557e+01	-1.337555e+01
571.766	0.350	-0.322	1.058771e+02	1.336455e+01	-1.336453e+01
572.454	0.343	-0.338	1.057407e+02	1.313045e+01	-1.313043e+01
573.088	0.293	-0.291	1.249243e+02	1.526203e+01	-1.526201e+01
573.714	0.345	-0.333	1.075473e+02	1.313907e+01	-1.313905e+01
574.373	0.337	-0.314	1.106492e+02	1.373997e+01	-1.373995e+01
575.003	0.265	-0.293	1.304966e+02	1.594280e+01	-1.594278e+01
575.514	0.268	-0.246	9.946114e+01	1.450796e+01	-1.450795e+01
576.132	0.283	-0.349	1.154252e+02	1.410152e+01	-1.410150e+01
576.743	0.334	-0.328	1.075783e+02	1.357930e+01	-1.357928e+01
577.331	0.270	-0.255	9.166902e+01	1.400114e+01	-1.400113e+01
577.890	0.243	-0.289	9.204213e+01	1.372089e+01	-1.372087e+01
578.410	0.260	-0.277	1.356794e+02	1.657598e+01	-1.657595e+01
579.010	0.324	-0.340	1.072884e+02	1.354270e+01	-1.354268e+01
579.620	0.270	-0.286	8.820718e+01	1.314920e+01	-1.314919e+01
580.243	0.362	-0.353	9.888680e+01	1.226547e+01	-1.226545e+01
580.881	0.312	-0.277	8.170038e+01	1.247857e+01	-1.247856e+01
581.528	0.352	-0.335	1.061533e+02	1.296877e+01	-1.296875e+01
582.148	0.257	-0.268	9.950949e+01	1.436302e+01	-1.436301e+01
582.649	0.301	-0.244	9.836671e+01	1.421843e+01	-1.421841e+01
583.220	0.293	-0.271	8.681896e+01	1.294226e+01	-1.294225e+01
583.826	0.298	-0.313	8.024068e+01	1.196163e+01	-1.196161e+01
584.477	0.262	-0.354	7.954484e+01	1.185789e+01	-1.185788e+01
585.019	0.265	-0.280	8.994299e+01	1.340797e+01	-1.340795e+01
585.584	0.338	-0.300	7.666334e+01	1.142834e+01	-1.142833e+01
586.248	0.356	-0.326	7.186060e+01	1.071239e+01	-1.071238e+01
586.875	0.255	-0.272	9.297986e+01	1.386068e+01	-1.386066e+01
587.366	0.285	-0.236	9.810666e+01	1.431039e+01	-1.431037e+01
587.908	0.279	-0.256	9.143705e+01	1.363069e+01	-1.363067e+01
588.503	0.327	-0.316	7.623928e+01	1.136513e+01	-1.136512e+01
589.182	0.334	-0.352	7.006149e+01	1.070090e+01	-1.070089e+01
589.796	0.300	-0.280	8.442430e+01	1.258528e+01	-1.258527e+01
590.447	0.321	-0.351	7.281095e+01	1.085406e+01	-1.085405e+01
591.114	0.297	-0.345	7.623833e+01	1.136499e+01	-1.136497e+01
591.859	0.372	-0.449	5.866207e+01	8.959797e+00	-8.959788e+00
592.593	0.369	-0.363	6.696357e+01	9.982381e+00	-9.982371e+00
593.295	0.423	-0.333	6.363351e+01	9.719114e+00	-9.719105e+00
594.120	0.421	-0.401	5.956856e+01	8.879993e+00	-8.879984e+00
594.882	0.329	-0.342	7.299759e+01	1.088188e+01	-1.088187e+01
595.592	0.368	-0.381	6.536751e+01	9.744454e+00	-9.744444e+00
596.342	0.381	-0.382	6.414847e+01	9.562728e+00	-9.562719e+00
597.126	0.292	-0.403	7.038325e+01	1.049216e+01	-1.049215e+01
597.696	0.284	-0.277	8.736584e+01	1.302378e+01	-1.302377e+01
598.304	0.342	-0.325	7.338642e+01	1.093985e+01	-1.093984e+01
598.963	0.331	-0.317	7.560354e+01	1.127036e+01	-1.127034e+01
599.753	0.508	-0.459	5.058754e+01	7.541177e+00	-7.541169e+00
600.599	0.269	-0.337	7.930196e+01	1.211225e+01	-1.211223e+01
601.227	0.365	-0.359	6.761700e+01	1.007979e+01	-1.007978e+01
601.947	0.505	-0.354	5.697659e+01	8.493604e+00	-8.493596e+00
602.775	0.364	-0.323	7.005559e+01	1.070000e+01	-1.069999e+01
603.583	0.403	-0.444	5.681021e+01	8.676952e+00	-8.676944e+00
604.400	0.352	-0.415	6.274398e+01	9.583250e+00	-9.583241e+00
605.207	0.401	-0.455	5.721962e+01	8.529833e+00	-8.529824e+00
606.229	0.449	-0.621	4.579365e+01	6.826543e+00	-6.826536e+00
607.052	0.449	-0.375	5.944403e+01	8.861430e+00	-8.861421e+00
607.976	0.450	-0.475	5.200759e+01	7.943420e+00	-7.943412e+00
608.825	0.583	-0.399	4.985878e+01	7.432539e+00	-7.432531e+00
609.841	0.416	-0.433	5.769852e+01	8.601223e+00	-8.601214e+00
610.654	0.397	-0.397	6.170981e+01	9.199193e+00	-9.199184e+00
611.566	0.435	-0.515	5.154022e+01	7.683195e+00	-7.683187e+00
612.436	0.410	-0.435	5.794120e+01	8.637400e+00	-8.637391e+00
613.354	0.508	-0.508	4.568676e+01	7.330238e+00	-7.330231e+00
614.412	0.579	-0.551	4.258983e+01	6.504991e+00	-6.504985e+00
615.347	0.546	-0.356	5.428503e+01	8.092368e+00	-8.092360e+00
616.475	0.470	-0.582	4.656871e+01	6.942083e+00	-6.942076e+00
617.558	0.399	-0.613	4.837038e+01	7.210660e+00	-7.210653e+00
618.457	0.446	-0.500	5.173463e+01	7.712176e+00	-7.712168e+00
619.506	0.512	-0.603	4.313268e+01	6.587905e+00	-6.587898e+00
620.481	0.556	-0.462	4.811657e+01	7.172826e+00	-7.172818e+00
621.781	0.686	-0.745	3.423230e+01	5.103071e+00	-5.103066e+00
623.094	0.791	-0.627	3.453310e+01	5.147912e+00	-5.147906e+00
624.603	0.530	-0.718	3.920648e+01	5.844581e+00	-5.844575e+00
625.853	0.586	-0.720	3.749680e+01	5.589717e+00	-5.589711e+00
627.080	0.642	-0.641	3.817342e+01	5.690581e+00	-5.690575e+00
628.294	0.602	-0.572	4.170147e+01	6.216514e+00	-6.216508e+00
629.528	0.618	-0.631	4.007737e+01	5.909112e+00	-5.909105e+00
630.745	0.573	-0.599	4.176527e+01	6.226025e+00	-6.226018e+00
632.274	0.702	-0.956	2.901767e+01	4.432036e+00	-4.432032e+00
633.812	0.611	-0.836	3.385375e+01	5.046639e+00	-5.046634e+00
635.311	0.962	-0.889	2.646454e+01	3.945117e+00	-3.945113e+00
637.259	0.990	-0.986	2.434256e+01	3.717980e+00	-3.717976e+00
639.227	1.011	-0.978	2.418997e+01	3.694674e+00	-3.694670e+00
641.286	1.117	-1.048	2.261527e+01	3.371300e+00	-3.371296e+00
643.563	1.065	-1.159	2.201837e+01	3.282319e+00	-3.282316e+00
645.660	1.056	-1.032	2.344358e+01	3.494777e+00	-3.494773e+00
647.776	0.910	-1.060	2.443032e+01	3.731384e+00	-3.731380e+00
650.109	1.406	-1.423	1.730977e+01	2.580399e+00	-2.580396e+00
652.627	1.354	-1.112	1.985758e+01	2.960206e+00	-2.960203e+00
655.164	1.088	-1.184	2.155249e+01	3.212870e+00	-3.212866e+00
657.698	1.410	-1.445	1.685007e+01	2.573608e+00	-2.573606e+00
660.458	1.340	-1.350	1.757030e+01	2.750186e+00	-2.750184e+00
663.131	1.088	-1.333	2.022243e+01	3.014595e+00	-3.014592e+00
665.648	1.581	-1.429	1.598374e+01	2.441289e+00	-2.441286e+00
669.058	1.213	-1.829	1.553473e+01	2.431569e+00	-2.431566e+00
671.795	1.600	-1.523	1.568096e+01	2.337590e+00	-2.337587e+00
674.717	1.373	-1.323	1.690228e+01	2.780525e+00	-2.780523e+00
677.383	1.551	-1.294	1.721077e+01	2.565641e+00	-2.565638e+00
680.624	2.686	-1.689	1.119227e+01	1.668452e+00	-1.668451e+00
685.284	1.301	-1.975	9.706636e+00	1.838075e+00	-1.838074e+00
688.175	1.505	-1.591	1.581744e+01	2.357935e+00	-2.357932e+00
691.338	1.989	-1.658	1.342497e+01	2.001285e+00	-2.001282e+00
695.272	1.740	-1.944	8.859165e+00	1.617459e+00	-1.617458e+00
698.751	1.323	-1.739	1.599145e+01	2.383874e+00	-2.383871e+00
702.429	1.744	-2.355	7.962890e+00	1.453822e+00	-1.453821e+00
706.002	2.059	-1.829	9.577032e+00	1.670221e+00	-1.670220e+00
710.124	2.144	-2.064	7.353042e+00	1.444907e+00	-1.444906e+00
714.300	2.267	-2.032	9.871892e+00	1.580774e+00	-1.580772e+00
719.550	3.082	-2.983	5.241508e+00	9.925462e-01	-9.925456e-01
724.312	1.755	-1.680	9.501339e+00	1.734704e+00	-1.734703e+00
729.075	2.407	-3.008	5.870204e+00	1.111598e+00	-1.111597e+00
733.301	2.348	-1.819	7.833882e+00	1.430269e+00	-1.430268e+00
737.948	2.114	-2.299	7.205144e+00	1.364386e+00	-1.364385e+00
742.698	2.603	-2.637	6.229878e+00	1.137418e+00	-1.137417e+00
747.172	1.906	-1.871	9.218324e+00	1.629590e+00	-1.629589e+00
751.643	2.733	-2.565	5.839659e+00	1.147520e+00	-1.147520e+00
757.895	2.014	-3.519	5.745226e+00	1.087931e+00	-1.087931e+00
762.371	1.733	-2.462	7.780270e+00	1.420480e+00	-1.420479e+00
766.591	1.942	-2.486	7.370735e+00	1.345710e+00	-1.345709e+00
771.362	2.881	-2.830	5.119230e+00	1.085156e+00	-1.085156e+00
777.094	2.656	-2.850	5.927570e+00	1.082224e+00	-1.082223e+00
782.148	2.404	-2.398	6.797285e+00	1.241012e+00	-1.241011e+00
787.780	1.794	-3.228	6.499346e+00	1.186616e+00	-1.186615e+00
793.027	3.979	-3.453	4.278096e+00	8.101118e-01	-8.101113e-01
! PC data
820.060	15.463	-14.625	2.150830e+00	4.865771e-01	-4.865771e-01
844.653	10.929	-9.129	3.202922e+00	7.197691e-01	-7.197691e-01
870.426	12.736	-14.844	2.724801e+00	5.698004e-01	-5.698004e-01
893.475	9.745	-10.313	3.368634e+00	7.409357e-01	-7.409357e-01
917.318	18.498	-14.097	2.076905e+00	4.553712e-01	-4.553712e-01
954.929	15.990	-19.113	1.944164e+00	4.289845e-01	-4.289845e-01
995.837	32.749	-24.919	1.115968e+00	2.520407e-01	-2.520407e-01
1083.702	55.206	-55.115	5.848304e-01	1.334214e-01	-1.334214e-01
1224.147	97.794	-85.240	3.467407e-01	7.977747e-02	-7.977747e-02
1433.257	114.340	-111.316	4.067159e-01	7.756085e-02	-7.756085e-02
4858.463	141.315	-120.336	5.960990e-01	1.433698e-01	-1.433698e-01
5175.281	210.923	-175.503	3.902380e-01	9.176064e-02	-9.176064e-02
5503.823	65.827	-117.619	3.200254e-01	7.274092e-02	-7.274092e-02
5623.468	48.983	-53.817	2.311092e-01	5.223406e-02	-5.223406e-02
5703.646	33.995	-31.195	3.708887e-01	8.352648e-02	-8.352648e-02
5770.706	34.632	-33.066	3.546772e-01	7.968556e-02	-7.968556e-02
5837.969	25.037	-32.631	4.352729e-01	9.552279e-02	-9.552279e-02
5907.946	35.294	-44.940	3.017331e-01	6.787128e-02	-6.787128e-02
5982.440	33.512	-39.200	3.349321e-01	7.569954e-02	-7.569954e-02
6074.190	37.039	-58.238	2.539825e-01	5.733516e-02	-5.733516e-02
6150.946	25.474	-39.716	3.673180e-01	8.301921e-02	-8.301921e-02
6217.383	31.748	-40.964	3.322779e-01	7.465309e-02	-7.465309e-02
6291.843	45.044	-42.712	2.732734e-01	6.176377e-02	-6.176377e-02
6377.854	29.238	-40.966	3.447827e-01	7.792592e-02	-7.792592e-02
6483.868	46.083	-76.775	1.925414e-01	4.356927e-02	-4.356927e-02
6575.175	40.024	-45.225	2.777890e-01	6.278437e-02	-6.278437e-02
6659.541	38.399	-44.342	2.853537e-01	6.449410e-02	-6.449410e-02
6730.631	29.991	-32.692	3.831876e-01	8.619352e-02	-8.619352e-02
6810.217	38.161	-49.594	2.722144e-01	6.108593e-02	-6.108593e-02
6884.679	53.963	-36.300	2.650789e-01	5.948469e-02	-5.948469e-02
6989.975	61.496	-51.333	2.112111e-01	4.750943e-02	-4.750943e-02
7093.789	47.944	-42.319	2.636208e-01	5.929838e-02	-5.929838e-02
7186.402	38.072	-44.669	3.007471e-01	6.607534e-02	-6.607534e-02
7281.037	51.245	-56.563	2.539926e-01	5.329025e-02	-5.329025e-02
17540.083	113.929	-84.149	1.201458e-01	2.726416e-02	-2.726416e-02
17762.340	87.241	-108.329	9.767770e-02	2.494558e-02	-2.494558e-02
17907.588	67.359	-58.007	1.911819e-01	4.299143e-02	-4.299143e-02
18076.158	101.880	-101.212	1.173893e-01	2.657796e-02	-2.657796e-02
18276.208	107.429	-98.170	1.162033e-01	2.633943e-02	-2.633943e-02
18473.091	96.087	-89.454	9.738602e-02	2.552788e-02	-2.552788e-02
18684.388	213.243	-115.210	1.014020e-01	1.946030e-02	-1.946030e-02
22353.193	214.418	-236.898	3.949091e-02	1.079404e-02	-1.079404e-02
22680.601	100.131	-112.991	1.178541e-01	2.661914e-02	-2.661914e-02
22880.697	118.171	-99.965	8.673235e-02	2.260281e-02	-2.260281e-02
23147.401	102.198	-148.533	7.429946e-02	1.950404e-02	-1.950404e-02
23397.342	97.972	-147.744	7.605296e-02	1.998518e-02	-1.998518e-02
23641.022	105.023	-145.707	7.452723e-02	1.958425e-02	-1.958425e-02
23920.311	129.118	-174.266	6.179697e-02	1.612123e-02	-1.612123e-02
24172.703	117.427	-123.274	1.025784e-01	2.320492e-02	-2.320492e-02
24484.594	199.176	-194.464	8.211698e-02	1.632662e-02	-1.632662e-02
28031.965	181.455	-129.451	6.010742e-02	1.576008e-02	-1.576008e-02
28417.682	154.284	-204.262	5.505281e-02	1.405805e-02	-1.405805e-02
28739.419	115.872	-167.453	6.555017e-02	1.720493e-02	-1.720493e-02
29084.868	128.968	-229.577	5.541440e-02	1.408183e-02	-1.408183e-02
29453.908	191.184	-240.072	4.263402e-02	1.130700e-02	-1.130700e-02
29774.787	121.036	-129.695	7.427195e-02	1.947400e-02	-1.947400e-02
30054.380	139.811	-158.558	6.243908e-02	1.637144e-02	-1.637144e-02
30308.215	156.759	-114.024	8.258576e-02	1.975019e-02	-1.975019e-02
33835.992	152.305	-151.080	6.319855e-02	1.647752e-02	-1.647752e-02
34206.570	230.536	-218.273	4.228444e-02	1.114011e-02	-1.114011e-02
34723.217	130.101	-286.112	4.603860e-02	1.206599e-02	-1.206599e-02
35046.189	210.805	-192.871	4.749553e-02	1.241191e-02	-1.241191e-02
35859.209	390.672	-602.215	3.332957e-02	6.645772e-03	-6.645772e-03
39786.582	232.270	-316.830	3.954996e-02	1.043231e-02	-1.043231e-02
40263.247	297.184	-244.395	4.347525e-02	1.107615e-02	-1.107615e-02
40966.312	268.584	-405.881	3.263156e-02	8.622928e-03	-8.622928e-03
41730.968	303.752	-496.072	2.880994e-02	7.356393e-03	-7.356393e-03
45563.307	312.437	-309.377	3.161013e-02	8.297754e-03	-8.297754e-03
46339.174	486.838	-463.431	2.000760e-02	5.373603e-03	-5.373603e-03
48657.500	3318.966	-1831.488	2.704507e-02	4.684160e-03	-4.684160e-03
64500.122	356.909	-267.409	2.364928e-02	8.138879e-03	-6.648258e-03
