! WT data
77.440	0.269	-0.265	5.561686e+02	1.023310e+02	-1.801398e+02
77.949	0.261	-0.241	6.047581e+02	1.147358e+02	-1.957040e+02
78.467	0.261	-0.257	5.683392e+02	9.793461e+01	-1.825505e+02
79.009	0.242	-0.281	5.724795e+02	1.011478e+02	-1.715250e+02
79.651	0.369	-0.400	3.896241e+02	8.251667e+01	-7.994393e+01
80.415	0.295	-0.395	4.338038e+02	8.051701e+01	-1.176208e+02
81.036	0.299	-0.325	4.795430e+02	9.589188e+01	-1.117395e+02
81.612	0.267	-0.278	5.500472e+02	9.758382e+01	-1.678590e+02
82.152	0.285	-0.273	5.360311e+02	9.545186e+01	-1.732424e+02
82.792	0.402	-0.354	3.994859e+02	7.573228e+01	-1.288005e+02
83.478	0.309	-0.284	5.010487e+02	9.577212e+01	-1.523555e+02
84.143	0.382	-0.357	3.950029e+02	7.131332e+01	-1.076405e+02
84.825	0.329	-0.300	4.754646e+02	8.464259e+01	-1.092563e+02
85.490	0.338	-0.336	4.547647e+02	9.086650e+01	-8.223380e+01
86.150	0.362	-0.321	4.421311e+02	8.719186e+01	-7.837378e+01
86.906	0.422	-0.394	3.666956e+02	6.198824e+01	-6.583698e+01
87.852	0.475	-0.523	3.037738e+02	4.921722e+01	-5.372296e+01
88.810	0.530	-0.484	2.942536e+02	5.609025e+01	-4.248361e+01
90.050	0.593	-0.709	2.170721e+02	4.470105e+01	-3.008008e+01
91.031	0.541	-0.388	3.184898e+02	5.730855e+01	-4.225136e+01
92.129	0.580	-0.557	2.601840e+02	3.865083e+01	-3.667029e+01
93.293	0.531	-0.585	2.698525e+02	4.011795e+01	-3.607980e+01
94.364	0.542	-0.540	2.855440e+02	4.245261e+01	-3.635458e+01
95.349	0.416	-0.443	3.533525e+02	5.379636e+01	-4.509976e+01
96.167	0.470	-0.402	3.422996e+02	5.264194e+01	-4.463192e+01
97.249	0.529	-0.612	2.524780e+02	3.568434e+01	-3.448433e+01
98.305	0.533	-0.528	2.811041e+02	3.682710e+01	-3.634427e+01
99.333	0.547	-0.496	2.880474e+02	3.732872e+01	-3.685464e+01
100.334	0.500	-0.454	3.170004e+02	4.149601e+01	-4.041671e+01
101.316	0.489	-0.483	3.064557e+02	4.068159e+01	-3.923896e+01
102.497	0.655	-0.692	2.249192e+02	2.936307e+01	-2.813245e+01
103.741	0.498	-0.589	2.027543e+02	2.660526e+01	-2.477157e+01
104.683	0.504	-0.444	2.200164e+02	2.956641e+01	-2.815835e+01
105.631	0.458	-0.444	2.397829e+02	3.090697e+01	-2.929701e+01
106.587	0.522	-0.497	2.102908e+02	2.829517e+01	-2.599189e+01
107.621	0.395	-0.513	2.320426e+02	3.248031e+01	-2.938453e+01
108.558	0.511	-0.542	1.999096e+02	2.818722e+01	-2.535018e+01
109.687	0.542	-0.617	1.815092e+02	2.632589e+01	-2.324085e+01
110.603	0.484	-0.374	2.499887e+02	3.517732e+01	-3.112648e+01
111.767	0.596	-0.680	1.665591e+02	2.350575e+01	-2.093839e+01
113.089	0.554	-0.727	1.643667e+02	2.320622e+01	-2.085062e+01
114.282	0.565	-0.639	1.762290e+02	2.494935e+01	-2.282534e+01
115.552	0.579	-0.704	1.757555e+02	2.431146e+01	-2.231037e+01
116.767	0.739	-0.636	1.629129e+02	2.237936e+01	-2.060779e+01
118.223	0.712	-0.717	1.582503e+02	2.216602e+01	-1.985078e+01
119.669	0.696	-0.735	1.580553e+02	2.144043e+01	-1.976037e+01
120.897	0.574	-0.532	2.043004e+02	2.731949e+01	-2.554510e+01
122.150	0.622	-0.679	1.691432e+02	2.354101e+01	-2.190315e+01
123.355	0.621	-0.583	1.910871e+02	2.484891e+01	-2.334511e+01
124.599	0.429	-0.622	2.150201e+02	2.804917e+01	-2.689552e+01
125.497	0.433	-0.469	2.493164e+02	3.201510e+01	-3.059118e+01
126.442	0.458	-0.512	2.283901e+02	2.937274e+01	-2.826936e+01
127.394	0.372	-0.495	2.510312e+02	3.376035e+01	-3.175182e+01
128.106	0.359	-0.340	3.139033e+02	4.036721e+01	-3.932941e+01
128.838	0.416	-0.372	2.709475e+02	3.596071e+01	-3.521393e+01
129.652	0.349	-0.398	2.910740e+02	3.825132e+01	-3.693036e+01
130.311	0.323	-0.310	3.371625e+02	4.531577e+01	-4.379836e+01
131.013	0.333	-0.379	3.000800e+02	4.029150e+01	-3.899458e+01
131.687	0.363	-0.341	3.087206e+02	4.070635e+01	-3.918921e+01
132.504	0.389	-0.454	2.579186e+02	3.386619e+01	-3.274437e+01
133.303	0.418	-0.409	2.652995e+02	3.414127e+01	-3.324112e+01
134.034	0.320	-0.313	3.434023e+02	4.471772e+01	-4.351561e+01
134.666	0.357	-0.312	3.221835e+02	4.272896e+01	-4.132867e+01
135.391	0.356	-0.368	3.005517e+02	4.219797e+01	-3.810261e+01
136.291	0.536	-0.544	2.071321e+02	3.053246e+01	-2.604216e+01
137.243	0.446	-0.416	2.511994e+02	3.780955e+01	-3.273295e+01
138.059	0.410	-0.371	2.820771e+02	4.181743e+01	-3.581647e+01
138.831	0.428	-0.362	2.738337e+02	4.122886e+01	-3.566676e+01
139.769	0.478	-0.510	2.231185e+02	3.240442e+01	-2.868453e+01
140.930	0.538	-0.684	1.818887e+02	2.629165e+01	-2.334394e+01
141.780	0.480	-0.312	2.833275e+02	4.062159e+01	-3.594837e+01
142.694	0.464	-0.433	2.501604e+02	3.580724e+01	-3.170501e+01
143.771	0.671	-0.614	1.730741e+02	2.514613e+01	-2.191551e+01
145.024	0.526	-0.583	1.987650e+02	2.929902e+01	-2.547149e+01
146.096	0.598	-0.546	1.919666e+02	2.729140e+01	-2.503347e+01
147.126	0.486	-0.432	2.551910e+02	3.440211e+01	-3.246685e+01
148.244	0.551	-0.632	2.021472e+02	2.774168e+01	-2.501003e+01
149.310	0.560	-0.514	2.205904e+02	2.908025e+01	-2.738367e+01
150.502	0.638	-0.633	1.849415e+02	2.410853e+01	-2.337581e+01
151.643	0.595	-0.503	2.082374e+02	2.808376e+01	-2.721375e+01
152.830	0.628	-0.592	1.924893e+02	2.480160e+01	-2.455793e+01
154.119	0.512	-0.661	2.021853e+02	2.572306e+01	-2.576554e+01
155.145	0.486	-0.514	2.307311e+02	3.100503e+01	-2.969701e+01
156.273	0.763	-0.642	1.641426e+02	2.243056e+01	-2.115076e+01
157.713	0.680	-0.677	1.707596e+02	2.240227e+01	-2.237441e+01
159.008	0.615	-0.614	1.920383e+02	2.704015e+01	-2.457529e+01
160.338	0.676	-0.715	1.696924e+02	2.331584e+01	-2.188191e+01
161.841	0.805	-0.827	1.460118e+02	2.022787e+01	-1.859990e+01
163.593	0.997	-0.947	1.192230e+02	1.998756e+01	-1.555137e+01
165.325	0.724	-0.734	1.618293e+02	2.390707e+01	-2.081848e+01
166.431	0.253	-0.382	1.410177e+02	1.797519e+01	-1.794686e+01
166.961	0.330	-0.276	1.304960e+02	1.606447e+01	-1.617022e+01
167.612	0.266	-0.321	1.335289e+02	1.664454e+01	-1.674504e+01
168.150	0.261	-0.272	1.425334e+02	1.847265e+01	-1.857627e+01
168.766	0.362	-0.355	1.104175e+02	1.359793e+01	-1.369400e+01
169.427	0.353	-0.298	1.203927e+02	1.502013e+01	-1.512715e+01
170.092	0.295	-0.312	9.348875e+01	1.357814e+01	-1.365565e+01
170.730	0.281	-0.343	1.267784e+02	1.561273e+01	-1.572296e+01
171.345	0.310	-0.334	1.229235e+02	1.513364e+01	-1.523496e+01
171.994	0.307	-0.339	1.189932e+02	1.523933e+01	-1.534942e+01
172.592	0.388	-0.291	1.119372e+02	1.453210e+01	-1.464545e+01
173.326	0.371	-0.346	9.672577e+01	1.296789e+01	-1.307758e+01
173.990	0.300	-0.293	8.975204e+01	1.346293e+01	-1.354195e+01
174.557	0.271	-0.267	9.896515e+01	1.483822e+01	-1.491644e+01
175.178	0.301	-0.351	1.203948e+02	1.502487e+01	-1.513766e+01
175.841	0.289	-0.362	1.222096e+02	1.513111e+01	-1.523785e+01
176.433	0.296	-0.304	1.320436e+02	1.626681e+01	-1.638890e+01
177.091	0.323	-0.362	9.550381e+01	1.306378e+01	-1.316118e+01
177.695	0.290	-0.281	9.779293e+01	1.436133e+01	-1.445442e+01
178.237	0.323	-0.252	9.583432e+01	1.433187e+01	-1.441890e+01
178.936	0.393	-0.376	1.025735e+02	1.280102e+01	-1.289739e+01
179.613	0.321	-0.284	8.839739e+01	1.325375e+01	-1.332361e+01
180.258	0.422	-0.325	9.755290e+01	1.266668e+01	-1.276209e+01
181.054	0.351	-0.373	1.099499e+02	1.355710e+01	-1.367465e+01
181.717	0.302	-0.312	8.711730e+01	1.307933e+01	-1.317187e+01
182.263	0.345	-0.244	8.948078e+01	1.370061e+01	-1.380388e+01
182.866	0.283	-0.258	9.886648e+01	1.484987e+01	-1.496403e+01
183.522	0.382	-0.374	1.042649e+02	1.304245e+01	-1.318137e+01
184.215	0.357	-0.311	8.014708e+01	1.203655e+01	-1.212682e+01
184.919	0.271	-0.348	8.510999e+01	1.302561e+01	-1.311582e+01
185.509	0.440	-0.318	9.774867e+01	1.259997e+01	-1.271001e+01
186.246	0.302	-0.297	8.529569e+01	1.355421e+01	-1.361959e+01
186.882	0.360	-0.334	9.537531e+01	1.311009e+01	-1.318446e+01
187.621	0.413	-0.379	9.910522e+01	1.230222e+01	-1.239653e+01
188.360	0.305	-0.326	8.926173e+01	1.325497e+01	-1.334817e+01
189.042	0.383	-0.376	1.080896e+02	1.334795e+01	-1.349103e+01
189.800	0.312	-0.375	7.914218e+01	1.210680e+01	-1.218313e+01
190.439	0.313	-0.327	1.269545e+02	1.587079e+01	-1.602635e+01
191.008	0.332	-0.256	9.257032e+01	1.415736e+01	-1.424171e+01
191.624	0.342	-0.285	8.550605e+01	1.333587e+01	-1.341752e+01
192.293	0.260	-0.327	9.257197e+01	1.415787e+01	-1.424259e+01
192.909	0.486	-0.356	9.421481e+01	1.201247e+01	-1.211141e+01
193.648	0.319	-0.254	9.487230e+01	1.450455e+01	-1.458454e+01
194.301	0.418	-0.334	1.091130e+02	1.344248e+01	-1.354408e+01
195.081	0.365	-0.361	1.148113e+02	1.406242e+01	-1.419745e+01
195.855	0.297	-0.410	7.808536e+01	1.171848e+01	-1.179478e+01
196.547	0.445	-0.395	9.682968e+01	1.211251e+01	-1.224167e+01
197.322	0.279	-0.331	9.037793e+01	1.357518e+01	-1.367995e+01
197.917	0.261	-0.315	9.567655e+01	1.437804e+01	-1.449868e+01
198.496	0.360	-0.317	7.742070e+01	1.232910e+01	-1.242457e+01
199.189	0.361	-0.333	7.536821e+01	1.155529e+01	-1.166386e+01
199.946	0.354	-0.397	6.965237e+01	1.066370e+01	-1.074276e+01
200.566	0.293	-0.266	9.498949e+01	1.427205e+01	-1.438801e+01
201.179	0.354	-0.320	7.869854e+01	1.182515e+01	-1.192232e+01
201.825	0.280	-0.292	9.291816e+01	1.395905e+01	-1.407000e+01
202.423	0.260	-0.318	9.177632e+01	1.378556e+01	-1.389243e+01
202.996	0.317	-0.313	8.425737e+01	1.265513e+01	-1.275181e+01
203.636	0.232	-0.323	9.559854e+01	1.434909e+01	-1.444577e+01
204.301	0.385	-0.434	6.389904e+01	9.764396e+00	-9.811861e+00
205.041	0.250	-0.355	8.772564e+01	1.314631e+01	-1.320696e+01
205.662	0.348	-0.371	7.275644e+01	1.112608e+01	-1.119110e+01
206.330	0.357	-0.321	7.828662e+01	1.176689e+01	-1.186860e+01
207.103	0.302	-0.415	7.401167e+01	1.112472e+01	-1.122142e+01
207.769	0.488	-0.364	6.226995e+01	9.357461e+00	-9.435544e+00
208.556	0.391	-0.299	7.687342e+01	1.155130e+01	-1.164677e+01
209.371	0.412	-0.424	6.413969e+01	9.897358e+00	-9.973419e+00
210.170	0.380	-0.387	7.071798e+01	1.082242e+01	-1.089657e+01
211.041	0.475	-0.491	5.530231e+01	8.619047e+00	-8.663577e+00
211.870	0.397	-0.354	7.491907e+01	1.111113e+01	-1.117045e+01
212.634	0.341	-0.367	7.771038e+01	1.164779e+01	-1.170450e+01
213.363	0.428	-0.388	6.738376e+01	1.010367e+01	-1.015770e+01
214.153	0.368	-0.362	7.543557e+01	1.132347e+01	-1.140081e+01
214.809	0.380	-0.287	8.247682e+01	1.238564e+01	-1.247742e+01
215.562	0.269	-0.374	8.443076e+01	1.292012e+01	-1.300748e+01
216.330	0.500	-0.500	5.503307e+01	8.262834e+00	-8.321934e+00
217.319	0.373	-0.488	6.297427e+01	9.632496e+00	-9.691850e+00
218.071	0.419	-0.379	6.888384e+01	1.034283e+01	-1.041736e+01
218.878	0.448	-0.388	6.484955e+01	9.924817e+00	-9.993474e+00
219.833	0.392	-0.506	6.037571e+01	9.236091e+00	-9.294458e+00
220.537	0.361	-0.312	8.198621e+01	1.230975e+01	-1.239782e+01
221.339	0.358	-0.441	6.902238e+01	1.038431e+01	-1.048773e+01
222.161	0.369	-0.465	6.511852e+01	9.987977e+00	-1.008742e+01
222.854	0.266	-0.323	9.362775e+01	1.406103e+01	-1.416635e+01
223.563	0.538	-0.444	5.451000e+01	8.504209e+00	-8.559842e+00
224.542	0.336	-0.440	7.108037e+01	1.068271e+01	-1.077364e+01
225.261	0.425	-0.383	6.727152e+01	1.030324e+01	-1.038524e+01
226.193	0.497	-0.508	5.485104e+01	8.231152e+00	-8.284071e+00
227.127	0.435	-0.437	6.140964e+01	9.578941e+00	-9.639288e+00
228.017	0.365	-0.455	6.624765e+01	1.012764e+01	-1.018259e+01
228.901	0.517	-0.519	5.247433e+01	8.021016e+00	-8.063191e+00
229.876	0.440	-0.458	6.136836e+01	9.206524e+00	-9.262145e+00
230.655	0.431	-0.339	7.068158e+01	1.061414e+01	-1.069248e+01
231.610	0.487	-0.524	5.188627e+01	7.954270e+00	-8.027830e+00
232.507	0.407	-0.410	6.515646e+01	9.789026e+00	-9.867616e+00
233.379	0.424	-0.466	5.981241e+01	8.978400e+00	-9.039843e+00
234.339	0.500	-0.536	5.138588e+01	7.721017e+00	-7.784237e+00
235.288	0.428	-0.449	6.066203e+01	9.110344e+00	-9.178764e+00
236.264	0.407	-0.549	5.569120e+01	8.362567e+00	-8.423648e+00
236.971	0.383	-0.300	7.674834e+01	1.175100e+01	-1.183942e+01
237.870	0.443	-0.516	5.306640e+01	8.439594e+00	-8.489584e+00
238.782	0.393	-0.468	6.089123e+01	9.316948e+00	-9.378555e+00
239.673	0.404	-0.498	5.812885e+01	8.892247e+00	-8.948273e+00
240.513	0.549	-0.437	5.319872e+01	8.132561e+00	-8.176397e+00
241.636	0.593	-0.575	4.554499e+01	6.827971e+00	-6.862981e+00
242.709	0.459	-0.480	5.573383e+01	8.524677e+00	-8.576769e+00
243.551	0.438	-0.382	6.289158e+01	9.808306e+00	-9.867645e+00
244.333	0.325	-0.344	7.826360e+01	1.197095e+01	-1.204444e+01
245.097	0.443	-0.439	6.020566e+01	9.024740e+00	-9.069561e+00
246.051	0.466	-0.511	5.439354e+01	8.153826e+00	-8.194728e+00
246.996	0.383	-0.480	6.156886e+01	9.232323e+00	-9.282398e+00
247.744	0.438	-0.365	6.428638e+01	1.002399e+01	-1.008212e+01
248.711	0.556	-0.529	4.753113e+01	7.408602e+00	-7.447854e+00
249.945	0.559	-0.678	4.234159e+01	6.467051e+00	-6.494474e+00
251.001	0.618	-0.497	4.762641e+01	7.143513e+00	-7.184798e+00
252.154	0.403	-0.535	5.694491e+01	8.713157e+00	-8.770818e+00
253.006	0.436	-0.450	6.104126e+01	9.339740e+00	-9.401271e+00
254.049	0.551	-0.606	4.745764e+01	7.123438e+00	-7.171647e+00
255.110	0.619	-0.511	4.857795e+01	7.293249e+00	-7.344876e+00
256.224	0.460	-0.495	5.744339e+01	8.617192e+00	-8.668578e+00
257.078	0.373	-0.393	7.157208e+01	1.073749e+01	-1.080262e+01
258.113	0.539	-0.661	4.437111e+01	6.918221e+00	-6.957751e+00
259.081	0.413	-0.429	6.521569e+01	9.788868e+00	-9.855021e+00
260.033	0.519	-0.539	5.184467e+01	7.777399e+00	-7.823887e+00
261.178	0.616	-0.626	4.419409e+01	6.633789e+00	-6.678977e+00
262.301	0.443	-0.507	5.776596e+01	8.673874e+00	-8.736898e+00
263.274	0.532	-0.530	4.854847e+01	7.567425e+00	-7.607818e+00
264.435	0.414	-0.629	5.094200e+01	7.646061e+00	-7.697280e+00
265.693	0.807	-0.844	3.216768e+01	4.832110e+00	-4.869918e+00
267.259	0.514	-0.760	4.108624e+01	6.282737e+00	-6.319045e+00
268.392	0.553	-0.618	4.536745e+01	6.802806e+00	-6.839586e+00
269.690	0.729	-0.746	3.600959e+01	5.400840e+00	-5.431670e+00
271.025	0.526	-0.606	4.557223e+01	7.105809e+00	-7.146842e+00
272.138	0.601	-0.587	4.403831e+01	6.734001e+00	-6.772710e+00
273.220	0.603	-0.481	4.910863e+01	7.366828e+00	-7.410686e+00
274.609	0.787	-0.786	3.346249e+01	5.117302e+00	-5.147354e+00
276.078	0.609	-0.682	4.074470e+01	6.237171e+00	-6.282321e+00
277.470	0.715	-0.783	3.513185e+01	5.373792e+00	-5.406980e+00
279.280	0.880	-1.095	2.764336e+01	4.104596e+00	-4.133022e+00
281.099	0.685	-0.939	3.239993e+01	4.955104e+00	-4.984604e+00
282.924	0.851	-1.140	2.643506e+01	4.044628e+00	-4.071108e+00
284.579	0.707	-0.804	3.528182e+01	5.294099e+00	-5.327564e+00
286.240	0.812	-0.955	2.970681e+01	4.545943e+00	-4.576708e+00
287.951	0.896	-0.899	2.966684e+01	4.455193e+00	-4.488332e+00
289.746	0.674	-0.899	3.386202e+01	5.086195e+00	-5.125396e+00
291.303	0.814	-0.883	3.137746e+01	4.709230e+00	-4.740344e+00
293.080	0.811	-0.963	3.002416e+01	4.505504e+00	-4.534429e+00
294.940	0.901	-1.049	2.651083e+01	4.135069e+00	-4.160842e+00
296.873	0.847	-1.032	2.792064e+01	4.271914e+00	-4.299868e+00
298.590	0.862	-0.871	3.027100e+01	4.635583e+00	-4.671521e+00
300.258	0.999	-0.805	2.907705e+01	4.449476e+00	-4.479449e+00
302.121	0.942	-0.864	2.904837e+01	4.443709e+00	-4.471763e+00
303.857	0.760	-0.795	3.423280e+01	5.139960e+00	-5.176918e+00
305.763	1.366	-1.146	2.056892e+01	3.209341e+00	-3.230812e+00
307.878	0.762	-0.748	3.522770e+01	5.286215e+00	-5.319955e+00
309.776	1.403	-1.136	2.095887e+01	3.146565e+00	-3.168708e+00
312.242	0.938	-1.063	2.619867e+01	4.006474e+00	-4.030006e+00
314.443	1.114	-1.263	2.238654e+01	3.362231e+00	-3.387722e+00
316.436	0.703	-0.879	3.363808e+01	5.052864e+00	-5.092236e+00
318.280	1.139	-1.142	2.332447e+01	3.502958e+00	-3.529318e+00
320.990	1.216	-1.570	1.798390e+01	2.914949e+00	-2.928783e+00
323.082	0.815	-0.877	3.144277e+01	4.721276e+00	-4.755544e+00
325.026	1.160	-1.128	2.291389e+01	3.505757e+00	-3.528540e+00
327.185	0.937	-0.999	2.629588e+01	4.183721e+00	-4.210794e+00
329.542	1.163	-1.420	2.060575e+01	3.093980e+00	-3.116343e+00
331.983	1.211	-1.278	2.138639e+01	3.209156e+00	-3.229565e+00
334.238	1.251	-1.044	2.285622e+01	3.497562e+00	-3.521156e+00
336.800	1.459	-1.311	1.894456e+01	2.900005e+00	-2.920975e+00
340.078	1.784	-1.819	1.480507e+01	2.224471e+00	-2.242568e+00
343.135	1.436	-1.274	1.968506e+01	2.955910e+00	-2.977514e+00
345.737	1.123	-1.166	2.329477e+01	3.494958e+00	-3.516423e+00
348.706	1.489	-1.845	1.597522e+01	2.395763e+00	-2.409101e+00
351.986	1.655	-1.791	1.499743e+01	2.337156e+00	-2.348905e+00
354.644	1.290	-1.003	2.321165e+01	3.482091e+00	-3.502943e+00
357.264	1.724	-1.330	1.742604e+01	2.614793e+00	-2.631300e+00
360.614	1.392	-1.625	1.765119e+01	2.648339e+00	-2.664736e+00
364.057	1.778	-2.051	1.370862e+01	2.096450e+00	-2.108814e+00
367.501	1.333	-1.666	1.775581e+01	2.663864e+00	-2.680125e+00
370.180	1.332	-1.345	1.957292e+01	2.993253e+00	-3.010876e+00
373.078	1.305	-1.566	1.797078e+01	2.801561e+00	-2.817038e+00
375.862	1.939	-1.478	1.532499e+01	2.343103e+00	-2.356198e+00
379.100	1.605	-1.299	1.804041e+01	2.759292e+00	-2.776085e+00
382.339	1.421	-1.634	1.741114e+01	2.613376e+00	-2.630991e+00
385.766	2.539	-2.007	1.153040e+01	1.763932e+00	-1.775142e+00
390.460	2.092	-2.155	1.215748e+01	1.896711e+00	-1.909120e+00
394.632	1.846	-2.080	1.353997e+01	2.031547e+00	-2.044187e+00
397.715	1.272	-1.236	2.119338e+01	3.178941e+00	-3.197469e+00
400.714	1.871	-1.727	1.477969e+01	2.217115e+00	-2.230316e+00
404.920	2.349	-2.336	1.118661e+01	1.710661e+00	-1.720614e+00
409.787	2.380	-2.518	1.054111e+01	1.644478e+00	-1.655155e+00
414.577	1.937	-2.410	1.229234e+01	1.918855e+00	-1.932937e+00
418.708	2.769	-2.195	1.062782e+01	1.690650e+00	-1.701239e+00
423.159	2.052	-1.683	9.646688e+00	1.768760e+00	-1.775971e+00
427.675	2.165	-2.464	7.658178e+00	1.404555e+00	-1.410822e+00
431.595	1.953	-1.754	9.463314e+00	1.807520e+00	-1.816415e+00
435.519	2.792	-1.970	1.102607e+01	1.688778e+00	-1.702270e+00
440.940	1.879	-2.629	7.880121e+00	1.445708e+00	-1.452777e+00
445.111	1.804	-2.292	8.676565e+00	1.590823e+00	-1.597227e+00
448.905	1.850	-1.991	9.050359e+00	1.708528e+00	-1.715727e+00
453.160	2.072	-2.404	7.976520e+00	1.463337e+00	-1.470413e+00
458.232	2.120	-3.000	6.870771e+00	1.335708e+00	-1.341138e+00
462.867	2.699	-2.514	7.056677e+00	1.294535e+00	-1.300723e+00
467.738	1.681	-2.173	9.210459e+00	1.689542e+00	-1.697480e+00
473.917	4.320	-4.498	4.026426e+00	7.386475e-01	-7.421878e-01
! PC data
501.362	17.000	-20.610	5.696518e+00	1.216299e+00	-1.216299e+00
541.584	26.924	-23.222	3.891753e+00	8.730613e-01	-8.730613e-01
591.795	21.845	-23.287	4.290527e+00	9.633063e-01	-9.633063e-01
649.816	31.521	-36.176	3.022040e+00	6.615117e-01	-6.615117e-01
721.611	37.453	-40.274	2.512992e+00	5.635255e-01	-5.635255e-01
830.221	69.252	-71.157	1.447626e+00	3.171254e-01	-3.171254e-01
969.576	42.726	-70.103	1.741534e+00	3.926103e-01	-3.926103e-01
1119.835	100.574	-107.533	9.456459e-01	2.125761e-01	-2.125761e-01
1364.023	112.131	-143.615	7.610629e-01	1.715735e-01	-1.715735e-01
1590.284	96.484	-114.130	9.199887e-01	2.066396e-01	-2.066396e-01
1918.438	304.888	-231.670	6.946588e-01	1.120754e-01	-1.120754e-01
5564.782	55.944	-82.817	5.541905e-01	1.244221e-01	-1.244221e-01
5655.503	30.413	-34.777	7.693598e-01	1.680493e-01	-1.680493e-01
5741.780	46.936	-55.863	4.632638e-01	1.039555e-01	-1.039555e-01
5832.786	51.207	-44.070	4.948576e-01	1.108769e-01	-1.108769e-01
5928.038	61.263	-44.044	4.476877e-01	1.003588e-01	-1.003588e-01
6037.239	42.324	-47.939	5.213398e-01	1.168105e-01	-1.168105e-01
6129.143	40.683	-49.580	5.148867e-01	1.153064e-01	-1.153064e-01
6233.664	69.050	-63.837	3.501255e-01	7.884643e-02	-7.884643e-02
6345.521	39.934	-42.808	5.613747e-01	1.259713e-01	-1.259713e-01
6457.732	38.044	-72.277	4.242570e-01	9.534700e-02	-9.534700e-02
6584.190	54.503	-88.414	3.413933e-01	7.496561e-02	-7.496561e-02
6690.660	53.340	-51.967	4.436378e-01	9.970261e-02	-9.970261e-02
6798.986	60.350	-54.986	4.048559e-01	9.084884e-02	-9.084884e-02
6906.383	73.304	-47.047	3.873869e-01	8.728176e-02	-8.728176e-02
7026.494	66.022	-46.807	4.099103e-01	9.207611e-02	-9.207611e-02
7149.089	53.749	-56.573	4.213774e-01	9.484386e-02	-9.484386e-02
7237.264	45.808	-34.426	5.882388e-01	1.317997e-01	-1.317997e-01
7331.558	31.749	-48.485	5.796295e-01	1.300677e-01	-1.300677e-01
7414.120	59.508	-50.814	4.226772e-01	9.508821e-02	-9.508821e-02
7524.170	27.185	-50.542	6.395324e-01	1.401625e-01	-1.401625e-01
7600.066	54.088	-48.712	4.621426e-01	1.036515e-01	-1.036515e-01
7721.867	62.667	-67.713	4.020709e-01	8.595796e-02	-8.595796e-02
7880.140	79.897	-95.605	4.105900e-01	7.552103e-02	-7.552103e-02
11323.545	46.551	-56.249	4.499747e-01	1.008422e-01	-1.008422e-01
11445.129	90.450	-75.033	2.896878e-01	6.368826e-02	-6.368826e-02
11594.696	63.741	-59.118	3.125860e-01	7.005420e-02	-7.005420e-02
11731.972	51.831	-73.535	2.004826e-01	4.511786e-02	-4.511786e-02
11864.448	59.764	-80.646	3.054499e-01	6.864663e-02	-6.864663e-02
11996.456	50.614	-72.244	3.963831e-01	8.668190e-02	-8.668190e-02
12152.006	100.663	-104.937	2.334326e-01	5.134792e-02	-5.134792e-02
12325.678	74.923	-73.008	3.139554e-01	7.039872e-02	-7.039872e-02
12475.788	42.656	-75.188	3.491171e-01	7.815205e-02	-7.815205e-02
12582.840	65.984	-64.396	1.938644e-01	4.345047e-02	-4.345047e-02
12786.971	102.556	-138.146	2.174674e-01	4.897963e-02	-4.897963e-02
12957.276	72.661	-67.749	1.797727e-01	4.040989e-02	-4.040989e-02
13094.343	35.886	-64.407	2.507184e-01	5.639026e-02	-5.639026e-02
13177.214	50.801	-46.985	2.580373e-01	5.793472e-02	-5.793472e-02
13291.284	57.081	-63.270	2.092109e-01	4.691740e-02	-4.691740e-02
13394.966	58.706	-46.601	2.408235e-01	5.397532e-02	-5.397532e-02
13493.514	50.422	-39.841	4.097464e-01	9.183571e-02	-9.183571e-02
13680.342	111.818	-136.406	3.582504e-01	6.812358e-02	-6.812358e-02
17117.492	53.691	-64.153	2.140806e-01	4.808660e-02	-4.808660e-02
17270.151	79.052	-98.967	1.411681e-01	3.170907e-02	-3.170907e-02
17431.878	72.778	-82.676	1.621273e-01	3.631415e-02	-3.631415e-02
17599.102	78.558	-94.446	1.450064e-01	3.262662e-02	-3.262662e-02
17752.299	88.337	-74.639	2.757479e-01	6.209429e-02	-6.209429e-02
17933.315	102.891	-92.679	2.068451e-01	4.642945e-02	-4.642945e-02
18100.684	65.902	-64.478	2.206007e-01	4.829450e-02	-4.829450e-02
18232.367	79.644	-65.780	1.986745e-01	4.470091e-02	-4.470091e-02
18348.100	41.638	-36.089	3.236011e-01	7.256382e-02	-7.256382e-02
18438.235	39.258	-48.498	2.867914e-01	6.427335e-02	-6.427335e-02
18541.516	48.806	-64.023	2.343869e-01	5.122988e-02	-5.122988e-02
18680.997	104.896	-90.675	1.284311e-01	2.884809e-02	-2.884809e-02
18857.296	84.051	-71.403	1.615641e-01	3.631094e-02	-3.631094e-02
19005.628	56.070	-64.282	2.085084e-01	4.688806e-02	-4.688806e-02
19156.899	80.311	-95.202	1.428939e-01	3.216953e-02	-3.216953e-02
19320.799	54.314	-83.588	1.822659e-01	4.094042e-02	-4.094042e-02
19474.072	101.617	-98.959	1.439364e-01	3.019031e-02	-3.019031e-02
23037.436	100.026	-201.168	1.088242e-01	2.459600e-02	-2.459600e-02
23201.713	68.637	-64.251	2.003795e-01	4.392707e-02	-4.392707e-02
23365.142	98.270	-94.793	9.846552e-02	2.560565e-02	-2.560565e-02
23528.812	72.503	-65.399	1.853131e-01	4.150364e-02	-4.150364e-02
23691.139	73.151	-89.825	1.555491e-01	3.494948e-02	-3.494948e-02
23839.585	77.651	-75.295	1.656302e-01	3.723450e-02	-3.723450e-02
24001.415	78.797	-84.179	1.639373e-01	3.597492e-02	-3.597492e-02
24131.833	68.729	-51.622	2.107209e-01	4.732041e-02	-4.732041e-02
24332.490	76.180	-131.927	1.215555e-01	2.737028e-02	-2.737028e-02
24483.968	80.155	-75.299	1.629175e-01	3.664429e-02	-3.664429e-02
24688.502	113.816	-124.379	1.067233e-01	2.395342e-02	-2.395342e-02
24900.538	124.931	-98.220	9.631154e-02	2.353607e-02	-2.353607e-02
25201.199	160.237	-175.730	1.301450e-01	2.246052e-02	-2.246052e-02
28750.898	114.666	-126.036	1.047808e-01	2.362113e-02	-2.362113e-02
28929.233	51.668	-63.669	2.188888e-01	4.910420e-02	-4.910420e-02
29099.953	84.040	-119.052	1.239701e-01	2.788628e-02	-2.788628e-02
29308.229	78.856	-124.236	9.299486e-02	2.420296e-02	-2.420296e-02
29488.372	109.328	-101.287	8.958718e-02	2.343518e-02	-2.343518e-02
29691.973	113.833	-94.274	9.146646e-02	2.382247e-02	-2.382247e-02
29899.109	97.254	-93.302	9.908412e-02	2.578776e-02	-2.578776e-02
30115.271	114.272	-118.909	1.080577e-01	2.432010e-02	-2.432010e-02
30328.531	129.178	-98.987	1.102604e-01	2.481587e-02	-2.481587e-02
30592.050	128.928	-134.341	7.159161e-02	1.863252e-02	-1.863252e-02
30954.952	189.747	-233.975	7.982449e-02	1.553632e-02	-1.553632e-02
34524.183	117.161	-118.526	1.061696e-01	2.395619e-02	-2.395619e-02
34761.387	93.078	-120.043	8.862878e-02	2.300482e-02	-2.300482e-02
34965.220	104.875	-110.754	1.166331e-01	2.621288e-02	-2.621288e-02
35208.984	146.945	-138.889	6.544306e-02	1.711589e-02	-1.711589e-02
35476.281	105.306	-120.353	1.162755e-01	2.557926e-02	-2.557926e-02
35734.058	75.694	-152.472	8.252972e-02	2.153556e-02	-2.153556e-02
35913.589	89.227	-103.836	9.905311e-02	2.573003e-02	-2.573003e-02
36235.231	121.117	-232.415	5.666622e-02	1.431780e-02	-1.431780e-02
36472.050	119.985	-115.703	7.927014e-02	2.066931e-02	-2.066931e-02
36812.848	117.660	-220.813	1.148713e-01	2.072188e-02	-2.072188e-02
40379.475	97.314	-193.421	8.733125e-02	2.257978e-02	-2.257978e-02
40666.516	121.180	-189.726	6.235985e-02	1.621235e-02	-1.621235e-02
40961.621	172.084	-173.925	5.632722e-02	1.473550e-02	-1.473550e-02
41225.528	168.938	-91.823	1.001408e-01	2.257784e-02	-2.257784e-02
41504.331	103.257	-109.865	9.118791e-02	2.365812e-02	-2.365812e-02
41753.655	199.942	-146.067	5.555274e-02	1.460386e-02	-1.460386e-02
42053.514	123.234	-99.917	9.223409e-02	2.326781e-02	-2.326781e-02
42291.455	100.922	-114.707	8.902555e-02	2.316090e-02	-2.316090e-02
42540.258	173.042	-147.880	9.178365e-02	1.926739e-02	-1.926739e-02
46238.657	190.978	-267.181	7.530772e-02	1.963199e-02	-1.963199e-02
46539.484	110.794	-109.849	8.713421e-02	2.272967e-02	-2.272967e-02
46735.230	123.155	-84.952	9.273385e-02	2.409731e-02	-2.409731e-02
46976.384	190.401	-117.998	6.204548e-02	1.611247e-02	-1.611247e-02
47342.115	133.069	-175.331	6.187741e-02	1.615162e-02	-1.615162e-02
47598.406	152.582	-123.222	6.924019e-02	1.806187e-02	-1.806187e-02
47892.922	101.276	-141.934	7.863788e-02	2.048696e-02	-2.048696e-02
48241.892	256.265	-247.695	8.596138e-02	1.484659e-02	-1.484659e-02
52161.207	138.199	-371.814	5.939805e-02	1.559648e-02	-1.559648e-02
52530.036	152.989	-230.630	5.108717e-02	1.336705e-02	-1.336705e-02
52903.097	176.082	-220.073	4.888178e-02	1.281706e-02	-1.281706e-02
53214.099	150.914	-134.920	6.909227e-02	1.798948e-02	-1.798948e-02
53457.499	138.187	-92.486	8.518265e-02	2.214790e-02	-2.214790e-02
53880.371	402.308	-284.685	4.889969e-02	9.742259e-03	-9.742259e-03
57743.036	236.727	-176.979	5.549288e-02	1.447685e-02	-1.447685e-02
58181.768	211.701	-202.005	5.341282e-02	1.400303e-02	-1.400303e-02
58757.193	446.137	-363.724	2.687235e-02	7.107412e-03	-7.107412e-03
59581.198	487.144	-377.867	4.697194e-02	9.149638e-03	-9.149638e-03
63865.294	272.338	-540.030	3.144864e-02	8.355965e-03	-8.355965e-03
64990.350	862.272	-852.718	2.693379e-02	5.226863e-03	-5.226863e-03
69483.990	374.653	-365.914	3.098383e-02	8.137347e-03	-8.137347e-03
70125.273	252.383	-266.631	3.993194e-02	1.048741e-02	-1.048741e-02
70608.429	250.631	-230.774	4.298128e-02	1.127577e-02	-1.127577e-02
71224.030	412.286	-364.970	4.950493e-02	9.466005e-03	-9.466005e-03
75494.436	465.552	-587.014	2.048372e-02	5.445305e-03	-5.445305e-03
76686.150	735.592	-726.162	2.003593e-02	4.289045e-03	-4.289045e-03
94056.678	420.586	-396.794	2.346606e-02	6.215456e-03	-6.215456e-03
