! WT data
149.376	0.391	-0.385	2.321558e+02	3.274675e+01	-3.009849e+01
150.113	0.287	-0.346	2.906945e+02	3.912581e+01	-3.660642e+01
150.701	0.335	-0.300	2.930579e+02	3.925325e+01	-3.635886e+01
151.438	0.437	-0.403	2.192507e+02	3.069689e+01	-2.758828e+01
152.259	0.412	-0.384	2.315143e+02	3.182164e+01	-2.914422e+01
153.042	0.383	-0.372	2.494216e+02	3.212863e+01	-3.054814e+01
153.792	0.393	-0.367	2.423556e+02	3.121892e+01	-3.057912e+01
154.582	0.367	-0.398	2.459413e+02	3.063555e+01	-3.007403e+01
155.377	0.475	-0.427	2.063519e+02	2.615245e+01	-2.559433e+01
156.208	0.321	-0.357	2.745917e+02	3.493509e+01	-3.406834e+01
156.908	0.486	-0.379	2.152657e+02	2.757963e+01	-2.672318e+01
157.788	0.464	-0.394	2.100038e+02	2.950336e+01	-2.722499e+01
158.541	0.269	-0.289	3.331867e+02	4.487391e+01	-4.132605e+01
159.229	0.423	-0.419	2.245743e+02	2.957248e+01	-2.765567e+01
160.066	0.469	-0.414	2.115075e+02	2.850753e+01	-2.623410e+01
160.965	0.346	-0.431	2.348703e+02	3.122694e+01	-3.007002e+01
161.790	0.529	-0.478	1.833404e+02	2.425266e+01	-2.311504e+01
162.811	0.470	-0.492	1.947424e+02	2.506521e+01	-2.437099e+01
163.787	0.516	-0.506	1.827671e+02	2.306765e+01	-2.266871e+01
164.769	0.465	-0.467	2.023768e+02	2.529362e+01	-2.473724e+01
165.612	0.401	-0.377	2.400628e+02	3.056399e+01	-2.978629e+01
166.492	0.429	-0.480	2.030789e+02	2.646838e+01	-2.557548e+01
167.415	0.462	-0.493	1.961908e+02	2.658885e+01	-2.450099e+01
168.355	0.491	-0.478	1.883210e+02	2.634468e+01	-2.405197e+01
169.457	0.544	-0.610	1.598969e+02	2.192700e+01	-2.012615e+01
170.629	0.562	-0.628	1.606223e+02	2.057800e+01	-1.952271e+01
171.707	0.582	-0.516	1.715278e+02	2.199686e+01	-2.101106e+01
172.828	0.525	-0.539	1.712854e+02	2.237707e+01	-2.189626e+01
173.829	0.474	-0.476	1.981880e+02	2.466844e+01	-2.422954e+01
174.884	0.556	-0.581	1.656203e+02	2.064074e+01	-2.024104e+01
176.082	0.568	-0.642	1.522978e+02	1.962043e+01	-1.917239e+01
177.069	0.337	-0.419	1.512281e+02	1.882305e+01	-1.875053e+01
177.727	0.275	-0.321	1.229115e+02	1.551470e+01	-1.551469e+01
178.256	0.248	-0.254	1.495002e+02	1.826440e+01	-1.826439e+01
178.799	0.278	-0.295	1.313236e+02	1.618293e+01	-1.618292e+01
179.306	0.284	-0.230	1.441764e+02	1.790317e+01	-1.790316e+01
179.830	0.262	-0.240	1.740457e+02	1.970684e+01	-1.970683e+01
180.361	0.242	-0.268	1.666311e+02	1.911395e+01	-1.911394e+01
180.854	0.274	-0.251	1.412458e+02	1.753927e+01	-1.753926e+01
181.410	0.227	-0.282	1.694107e+02	1.930619e+01	-1.930618e+01
181.898	0.242	-0.261	1.689832e+02	1.938375e+01	-1.938374e+01
182.395	0.252	-0.255	1.660738e+02	1.932537e+01	-1.932536e+01
182.937	0.308	-0.290	1.240106e+02	1.539908e+01	-1.539907e+01
183.501	0.263	-0.256	1.443804e+02	1.763891e+01	-1.763890e+01
184.012	0.255	-0.247	1.874328e+02	2.045065e+01	-2.045064e+01
184.524	0.251	-0.258	1.566894e+02	1.874797e+01	-1.874796e+01
185.083	0.262	-0.308	1.337133e+02	1.621515e+01	-1.621514e+01
185.588	0.258	-0.243	1.611433e+02	1.914438e+01	-1.914437e+01
186.139	0.228	-0.293	1.438930e+02	1.757936e+01	-1.757935e+01
186.663	0.213	-0.296	1.562128e+02	1.853909e+01	-1.853909e+01
187.135	0.243	-0.259	1.751879e+02	1.971023e+01	-1.971022e+01
187.711	0.295	-0.333	1.159934e+02	1.417088e+01	-1.417087e+01
188.302	0.280	-0.296	1.263753e+02	1.543923e+01	-1.543923e+01
188.839	0.263	-0.257	1.469597e+02	1.771099e+01	-1.771098e+01
189.406	0.352	-0.304	1.109643e+02	1.355648e+01	-1.355647e+01
190.077	0.318	-0.319	1.130405e+02	1.403685e+01	-1.403685e+01
190.665	0.287	-0.270	1.308176e+02	1.598195e+01	-1.598194e+01
191.260	0.290	-0.308	1.218619e+02	1.488783e+01	-1.488783e+01
191.836	0.283	-0.286	1.279552e+02	1.563225e+01	-1.563224e+01
192.390	0.231	-0.271	9.799226e+01	1.479546e+01	-1.479546e+01
192.922	0.288	-0.301	1.237052e+02	1.511303e+01	-1.511302e+01
193.464	0.290	-0.255	1.322501e+02	1.642221e+01	-1.642221e+01
194.021	0.268	-0.267	9.948616e+01	1.421233e+01	-1.421233e+01
194.555	0.307	-0.266	1.256760e+02	1.560587e+01	-1.560587e+01
195.154	0.269	-0.292	1.299862e+02	1.588038e+01	-1.588037e+01
195.694	0.255	-0.271	9.910183e+01	1.430414e+01	-1.430413e+01
196.273	0.342	-0.324	1.082045e+02	1.343635e+01	-1.343634e+01
196.934	0.334	-0.319	1.115697e+02	1.363044e+01	-1.363044e+01
197.557	0.291	-0.289	8.435833e+01	1.257542e+01	-1.257541e+01
198.166	0.370	-0.318	1.045683e+02	1.298482e+01	-1.298481e+01
198.847	0.287	-0.311	1.204441e+02	1.495620e+01	-1.495619e+01
199.368	0.279	-0.234	9.382882e+01	1.433098e+01	-1.433098e+01
199.992	0.363	-0.346	1.016769e+02	1.262578e+01	-1.262577e+01
200.686	0.364	-0.332	1.034973e+02	1.285183e+01	-1.285182e+01
201.389	0.309	-0.339	1.124846e+02	1.374221e+01	-1.374220e+01
201.947	0.313	-0.249	9.669652e+01	1.367497e+01	-1.367497e+01
202.585	0.338	-0.325	1.084939e+02	1.347228e+01	-1.347227e+01
203.239	0.334	-0.315	1.121832e+02	1.370539e+01	-1.370539e+01
203.884	0.328	-0.311	1.140540e+02	1.393394e+01	-1.393394e+01
204.451	0.263	-0.239	9.969088e+01	1.469864e+01	-1.469864e+01
204.998	0.253	-0.284	8.789659e+01	1.375795e+01	-1.375795e+01
205.547	0.291	-0.297	8.043720e+01	1.259038e+01	-1.259037e+01
206.084	0.363	-0.246	9.828220e+01	1.325239e+01	-1.325239e+01
206.713	0.243	-0.266	9.615941e+01	1.433462e+01	-1.433461e+01
207.217	0.247	-0.261	9.829285e+01	1.449251e+01	-1.449251e+01
207.739	0.311	-0.275	8.213575e+01	1.254504e+01	-1.254503e+01
208.334	0.270	-0.285	8.814305e+01	1.313961e+01	-1.313961e+01
208.951	0.399	-0.347	1.005290e+02	1.228160e+01	-1.228159e+01
209.663	0.258	-0.313	8.817441e+01	1.314428e+01	-1.314428e+01
210.210	0.394	-0.289	9.699279e+01	1.275160e+01	-1.275160e+01
210.975	0.312	-0.371	7.370519e+01	1.098734e+01	-1.098733e+01
211.565	0.274	-0.278	9.129888e+01	1.361005e+01	-1.361005e+01
212.122	0.297	-0.283	8.682012e+01	1.294240e+01	-1.294239e+01
212.720	0.286	-0.301	8.576773e+01	1.278552e+01	-1.278551e+01
213.305	0.324	-0.299	7.945988e+01	1.213634e+01	-1.213633e+01
213.879	0.256	-0.251	9.930800e+01	1.480398e+01	-1.480398e+01
214.439	0.380	-0.303	7.370529e+01	1.098735e+01	-1.098735e+01
215.125	0.278	-0.306	8.478998e+01	1.295043e+01	-1.295043e+01
215.791	0.322	-0.388	1.056157e+02	1.290304e+01	-1.290303e+01
216.364	0.254	-0.251	9.965785e+01	1.485614e+01	-1.485613e+01
216.904	0.311	-0.286	8.423449e+01	1.255695e+01	-1.255695e+01
217.513	0.276	-0.297	8.789698e+01	1.310293e+01	-1.310292e+01
218.175	0.363	-0.387	6.605946e+01	1.008962e+01	-1.008961e+01
218.792	0.324	-0.255	8.557378e+01	1.307015e+01	-1.307014e+01
219.426	0.314	-0.311	8.241172e+01	1.215096e+01	-1.215096e+01
220.010	0.288	-0.270	9.011314e+01	1.343329e+01	-1.343329e+01
220.571	0.297	-0.272	8.842339e+01	1.318140e+01	-1.318140e+01
221.138	0.309	-0.270	8.554959e+01	1.306645e+01	-1.306645e+01
221.722	0.338	-0.276	8.059218e+01	1.230928e+01	-1.230928e+01
222.428	0.298	-0.368	7.434504e+01	1.135512e+01	-1.135512e+01
223.058	0.388	-0.333	6.986550e+01	1.041495e+01	-1.041495e+01
223.847	0.377	-0.401	6.362414e+01	9.717659e+00	-9.717656e+00
224.555	0.281	-0.331	8.225445e+01	1.226179e+01	-1.226178e+01
225.146	0.266	-0.311	8.581575e+01	1.310710e+01	-1.310710e+01
225.775	0.268	-0.363	7.970664e+01	1.188198e+01	-1.188198e+01
226.398	0.366	-0.354	6.865131e+01	1.048549e+01	-1.048548e+01
227.048	0.275	-0.284	8.854694e+01	1.352425e+01	-1.352425e+01
227.674	0.323	-0.352	7.465831e+01	1.112942e+01	-1.112942e+01
228.336	0.291	-0.339	8.031951e+01	1.212712e+01	-1.212712e+01
228.908	0.320	-0.281	8.371557e+01	1.247960e+01	-1.247960e+01
229.572	0.314	-0.344	7.514536e+01	1.147736e+01	-1.147735e+01
230.325	0.390	-0.439	5.913731e+01	8.815683e+00	-8.815680e+00
231.065	0.425	-0.349	9.304873e+01	1.155437e+01	-1.155436e+01
231.790	0.314	-0.300	7.972892e+01	1.188530e+01	-1.188530e+01
232.453	0.340	-0.350	7.089142e+01	1.056788e+01	-1.056788e+01
233.113	0.310	-0.320	7.770009e+01	1.158286e+01	-1.158286e+01
233.727	0.349	-0.303	7.494788e+01	1.117259e+01	-1.117258e+01
234.433	0.392	-0.357	6.533524e+01	9.739617e+00	-9.739614e+00
235.125	0.341	-0.299	9.847720e+01	1.293071e+01	-1.293071e+01
235.779	0.395	-0.314	6.911023e+01	1.030236e+01	-1.030236e+01
236.596	0.506	-0.423	5.269404e+01	7.855176e+00	-7.855173e+00
237.413	0.302	-0.310	7.995714e+01	1.191932e+01	-1.191932e+01
238.079	0.399	-0.364	6.411745e+01	9.558080e+00	-9.558077e+00
238.847	0.401	-0.369	6.352540e+01	9.469822e+00	-9.469819e+00
239.626	0.316	-0.378	7.052779e+01	1.051368e+01	-1.051367e+01
240.321	0.350	-0.379	6.708818e+01	1.000093e+01	-1.000093e+01
241.101	0.357	-0.429	6.223695e+01	9.277751e+00	-9.277748e+00
241.760	0.363	-0.302	7.355486e+01	1.096493e+01	-1.096492e+01
242.514	0.314	-0.390	6.946791e+01	1.035568e+01	-1.035568e+01
243.247	0.285	-0.419	6.946650e+01	1.035547e+01	-1.035547e+01
244.085	0.403	-0.553	5.033686e+01	7.688221e+00	-7.688218e+00
244.839	0.242	-0.351	8.117453e+01	1.239822e+01	-1.239822e+01
245.407	0.497	-0.327	5.941411e+01	8.856946e+00	-8.856943e+00
246.408	0.478	-0.504	4.983386e+01	7.428804e+00	-7.428801e+00
247.278	0.444	-0.392	5.852984e+01	8.725127e+00	-8.725124e+00
248.146	0.477	-0.424	5.342084e+01	8.159253e+00	-8.159250e+00
249.121	0.490	-0.499	4.775641e+01	7.475040e+00	-7.475038e+00
249.994	0.338	-0.383	6.792259e+01	1.012532e+01	-1.012531e+01
250.665	0.354	-0.333	7.126748e+01	1.062395e+01	-1.062394e+01
251.490	0.390	-0.471	5.683673e+01	8.472733e+00	-8.472730e+00
252.282	0.403	-0.403	6.072562e+01	9.052455e+00	-9.052452e+00
253.137	0.262	-0.451	6.860034e+01	1.022635e+01	-1.022635e+01
253.841	0.396	-0.442	5.840490e+01	8.706501e+00	-8.706499e+00
254.729	0.407	-0.491	5.447322e+01	8.120400e+00	-8.120397e+00
255.591	0.387	-0.455	5.815873e+01	8.669805e+00	-8.669802e+00
256.381	0.484	-0.404	5.512767e+01	8.217961e+00	-8.217958e+00
257.269	0.427	-0.404	5.890522e+01	8.781084e+00	-8.781082e+00
258.172	0.370	-0.477	5.779225e+01	8.615174e+00	-8.615171e+00
259.007	0.377	-0.465	5.714909e+01	8.728689e+00	-8.728686e+00
259.823	0.439	-0.438	5.579889e+01	8.318021e+00	-8.318018e+00
260.679	0.371	-0.417	6.101842e+01	9.319673e+00	-9.319670e+00
261.543	0.402	-0.493	5.373889e+01	8.207832e+00	-8.207829e+00
262.370	0.451	-0.426	5.579896e+01	8.318030e+00	-8.318027e+00
263.445	0.465	-0.623	4.494918e+01	6.700638e+00	-6.700636e+00
264.319	0.365	-0.409	6.323945e+01	9.427194e+00	-9.427191e+00
265.109	0.475	-0.425	5.436616e+01	8.104441e+00	-8.104438e+00
266.051	0.318	-0.466	6.129437e+01	9.361820e+00	-9.361817e+00
266.885	0.487	-0.516	4.623159e+01	7.417637e+00	-7.417635e+00
267.746	0.349	-0.373	6.775723e+01	1.010067e+01	-1.010066e+01
268.417	0.509	-0.322	5.890616e+01	8.781225e+00	-8.781222e+00
269.387	0.528	-0.461	4.861659e+01	7.425474e+00	-7.425472e+00
270.475	0.413	-0.560	5.029068e+01	7.496904e+00	-7.496901e+00
271.402	0.429	-0.514	5.190447e+01	7.737474e+00	-7.737471e+00
272.398	0.420	-0.567	4.870425e+01	7.438863e+00	-7.438860e+00
273.368	0.453	-0.550	4.877491e+01	7.270946e+00	-7.270943e+00
274.334	0.508	-0.512	4.800871e+01	7.156727e+00	-7.156725e+00
275.334	0.474	-0.492	5.066223e+01	7.552291e+00	-7.552288e+00
276.210	0.558	-0.403	5.094290e+01	7.594131e+00	-7.594128e+00
277.192	0.523	-0.424	5.171047e+01	7.708553e+00	-7.708551e+00
278.441	0.622	-0.726	3.566114e+01	5.446719e+00	-5.446717e+00
279.515	0.392	-0.452	5.803596e+01	8.651504e+00	-8.651501e+00
280.334	0.537	-0.427	5.075527e+01	7.566161e+00	-7.566159e+00
281.400	0.515	-0.530	4.686421e+01	6.986115e+00	-6.986113e+00
282.348	0.508	-0.434	5.109825e+01	7.804511e+00	-7.804509e+00
283.347	0.458	-0.490	5.161141e+01	7.693787e+00	-7.693784e+00
284.290	0.491	-0.486	5.010719e+01	7.469551e+00	-7.469549e+00
285.291	0.474	-0.510	4.974403e+01	7.415414e+00	-7.415411e+00
286.335	0.524	-0.570	4.472919e+01	6.667844e+00	-6.667842e+00
287.360	0.561	-0.501	4.607793e+01	6.868903e+00	-6.868901e+00
288.401	0.526	-0.479	4.868835e+01	7.258042e+00	-7.258040e+00
289.766	0.603	-0.840	3.391918e+01	5.056381e+00	-5.056379e+00
290.761	0.456	-0.391	5.678682e+01	8.673358e+00	-8.673355e+00
291.807	0.758	-0.590	3.566055e+01	5.446628e+00	-5.446627e+00
293.048	0.393	-0.484	5.579847e+01	8.317958e+00	-8.317955e+00
294.008	0.608	-0.566	4.154038e+01	6.344686e+00	-6.344684e+00
295.120	0.574	-0.504	4.672008e+01	6.964629e+00	-6.964626e+00
296.319	0.655	-0.624	3.937670e+01	5.869940e+00	-5.869938e+00
297.549	0.675	-0.576	4.027341e+01	6.003615e+00	-6.003613e+00
298.815	0.555	-0.591	4.396261e+01	6.553569e+00	-6.553567e+00
300.020	0.567	-0.650	4.067225e+01	6.212093e+00	-6.212091e+00
301.098	0.514	-0.511	4.915345e+01	7.327375e+00	-7.327373e+00
302.178	0.613	-0.566	4.270263e+01	6.365742e+00	-6.365740e+00
303.326	0.376	-0.535	5.433556e+01	8.298964e+00	-8.298962e+00
304.442	0.667	-0.740	3.579173e+01	5.335524e+00	-5.335522e+00
305.702	0.563	-0.593	4.355498e+01	6.492803e+00	-6.492800e+00
306.912	0.626	-0.646	3.959524e+01	5.902520e+00	-5.902518e+00
308.311	0.879	-0.773	3.047419e+01	4.542831e+00	-4.542829e+00
309.674	0.498	-0.484	5.128688e+01	7.645408e+00	-7.645405e+00
310.783	0.713	-0.610	3.805215e+01	5.672488e+00	-5.672487e+00
312.187	0.702	-0.691	3.615628e+01	5.389869e+00	-5.389867e+00
313.614	0.699	-0.724	3.415835e+01	5.346613e+00	-5.346611e+00
315.081	0.920	-0.768	2.955071e+01	4.405166e+00	-4.405165e+00
316.668	0.687	-0.667	3.614847e+01	5.388704e+00	-5.388702e+00
318.180	0.753	-0.825	3.101389e+01	4.623285e+00	-4.623283e+00
319.842	0.703	-0.909	2.983544e+01	4.556928e+00	-4.556927e+00
321.019	0.641	-0.474	4.387457e+01	6.540444e+00	-6.540442e+00
322.412	0.695	-0.751	3.383649e+01	5.044054e+00	-5.044052e+00
323.738	0.595	-0.631	3.923225e+01	5.992153e+00	-5.992152e+00
325.082	0.950	-0.749	2.830487e+01	4.323156e+00	-4.323154e+00
326.926	0.895	-0.895	2.734497e+01	4.076353e+00	-4.076352e+00
328.667	0.756	-0.845	3.003440e+01	4.587316e+00	-4.587314e+00
330.202	0.685	-0.779	3.342531e+01	4.982759e+00	-4.982758e+00
331.818	0.734	-0.931	2.953238e+01	4.458977e+00	-4.458976e+00
333.501	0.921	-0.948	2.617429e+01	3.901839e+00	-3.901838e+00
335.381	0.789	-0.958	2.655290e+01	4.260286e+00	-4.260285e+00
336.946	0.849	-0.777	2.957400e+01	4.516996e+00	-4.516995e+00
338.337	0.490	-0.541	4.742971e+01	7.070414e+00	-7.070412e+00
339.739	0.852	-0.911	2.727615e+01	4.166034e+00	-4.166033e+00
341.382	0.675	-0.791	3.338478e+01	4.976716e+00	-4.976715e+00
342.863	0.610	-0.806	3.455866e+01	5.151709e+00	-5.151708e+00
344.195	0.734	-0.723	3.358841e+01	5.007072e+00	-5.007070e+00
345.595	0.714	-0.665	3.549532e+01	5.291338e+00	-5.291337e+00
347.129	0.775	-0.821	3.013464e+01	4.602627e+00	-4.602626e+00
348.667	0.638	-0.762	3.495437e+01	5.210698e+00	-5.210697e+00
349.985	0.688	-0.680	3.577219e+01	5.332611e+00	-5.332610e+00
351.140	0.625	-0.467	4.480257e+01	6.678783e+00	-6.678781e+00
352.560	0.933	-0.795	2.833110e+01	4.223358e+00	-4.223357e+00
354.314	0.940	-0.821	2.778700e+01	4.142248e+00	-4.142247e+00
355.911	0.553	-0.657	3.975111e+01	6.071402e+00	-6.071400e+00
356.980	0.498	-0.516	4.826110e+01	7.194351e+00	-7.194348e+00
358.234	0.661	-0.757	3.391556e+01	5.180107e+00	-5.180106e+00
359.667	0.818	-0.771	3.026922e+01	4.623181e+00	-4.623179e+00
361.280	0.679	-0.796	3.318281e+01	4.946609e+00	-4.946608e+00
362.519	0.543	-0.560	4.436872e+01	6.614109e+00	-6.614106e+00
363.735	0.514	-0.672	4.052518e+01	6.189630e+00	-6.189628e+00
364.903	0.809	-0.654	3.346515e+01	4.988698e+00	-4.988696e+00
366.318	0.506	-0.606	4.401415e+01	6.561252e+00	-6.561250e+00
367.347	0.480	-0.524	4.792605e+01	7.320004e+00	-7.320002e+00
368.478	0.737	-0.651	3.465463e+01	5.292989e+00	-5.292987e+00
369.768	0.715	-0.553	3.858231e+01	5.751521e+00	-5.751519e+00
371.015	0.541	-0.531	4.482846e+01	6.846893e+00	-6.846891e+00
372.118	0.486	-0.562	4.670484e+01	6.962357e+00	-6.962354e+00
373.119	0.420	-0.515	5.229825e+01	7.796175e+00	-7.796172e+00
374.064	0.515	-0.524	4.628563e+01	7.069454e+00	-7.069452e+00
375.268	0.601	-0.689	3.794361e+01	5.656308e+00	-5.656306e+00
376.338	0.589	-0.470	4.543033e+01	6.938820e+00	-6.938817e+00
377.498	0.424	-0.571	4.921088e+01	7.335936e+00	-7.335934e+00
378.414	0.440	-0.492	5.158587e+01	7.878989e+00	-7.878986e+00
379.566	0.559	-0.712	3.852811e+01	5.743440e+00	-5.743438e+00
380.759	0.518	-0.635	4.245173e+01	6.328341e+00	-6.328339e+00
381.874	0.727	-0.597	3.633152e+01	5.549110e+00	-5.549108e+00
383.264	0.527	-0.663	4.111983e+01	6.129792e+00	-6.129790e+00
384.425	0.540	-0.634	4.167988e+01	6.213280e+00	-6.213278e+00
385.467	0.539	-0.502	4.702348e+01	7.009858e+00	-7.009855e+00
386.694	0.639	-0.688	3.687551e+01	5.497085e+00	-5.497083e+00
388.109	0.592	-0.776	3.577208e+01	5.332595e+00	-5.332593e+00
389.365	0.546	-0.664	4.045447e+01	6.030605e+00	-6.030603e+00
390.644	0.503	-0.733	4.046165e+01	5.965754e+00	-5.965752e+00
391.901	0.606	-0.753	3.475502e+01	5.440006e+00	-5.440004e+00
393.047	0.607	-0.540	4.265019e+01	6.357925e+00	-6.357923e+00
394.387	0.549	-0.732	3.621490e+01	5.810507e+00	-5.810506e+00
395.429	0.714	-0.494	3.980984e+01	6.080371e+00	-6.080369e+00
396.739	0.635	-0.596	3.975326e+01	5.926076e+00	-5.926074e+00
398.020	0.633	-0.646	3.826019e+01	5.703501e+00	-5.703499e+00
399.368	0.485	-0.715	4.081447e+01	6.084272e+00	-6.084270e+00
400.318	0.489	-0.465	5.132367e+01	7.650893e+00	-7.650890e+00
401.409	0.566	-0.603	4.041441e+01	6.325838e+00	-6.325836e+00
402.406	0.461	-0.431	5.490702e+01	8.185068e+00	-8.185066e+00
403.482	0.621	-0.615	3.958105e+01	5.900403e+00	-5.900401e+00
404.772	0.744	-0.668	3.404324e+01	5.199609e+00	-5.199607e+00
406.074	0.627	-0.558	4.130419e+01	6.157275e+00	-6.157273e+00
407.324	0.731	-0.623	3.551980e+01	5.425131e+00	-5.425130e+00
408.621	0.679	-0.566	3.929772e+01	5.858167e+00	-5.858165e+00
409.728	0.632	-0.428	4.615577e+01	6.880506e+00	-6.880504e+00
410.860	0.479	-0.500	5.001620e+01	7.455986e+00	-7.455984e+00
411.945	0.666	-0.606	3.847404e+01	5.735380e+00	-5.735378e+00
413.293	0.585	-0.682	3.796480e+01	5.798569e+00	-5.798567e+00
414.501	0.606	-0.623	3.981091e+01	5.934669e+00	-5.934667e+00
415.913	0.712	-0.806	3.224966e+01	4.807502e+00	-4.807501e+00
417.688	1.052	-1.063	2.313636e+01	3.448970e+00	-3.448969e+00
419.498	0.628	-0.758	3.469959e+01	5.299856e+00	-5.299854e+00
420.806	0.631	-0.680	3.667747e+01	5.601948e+00	-5.601946e+00
422.266	0.598	-0.829	3.430032e+01	5.113198e+00	-5.113197e+00
423.422	0.629	-0.558	4.124260e+01	6.148094e+00	-6.148092e+00
424.789	0.833	-0.738	3.115420e+01	4.644201e+00	-4.644199e+00
426.335	0.628	-0.714	3.648384e+01	5.438699e+00	-5.438697e+00
427.788	1.041	-0.825	2.576838e+01	3.935744e+00	-3.935742e+00
429.471	0.608	-0.641	3.918698e+01	5.841659e+00	-5.841657e+00
430.711	0.702	-0.632	3.604099e+01	5.504736e+00	-5.504734e+00
432.046	0.879	-0.634	3.236372e+01	4.824506e+00	-4.824504e+00
433.527	0.684	-0.602	3.738688e+01	5.710300e+00	-5.710298e+00
435.112	0.841	-0.901	2.761072e+01	4.217134e+00	-4.217133e+00
436.463	0.587	-0.510	4.458461e+01	6.646291e+00	-6.646289e+00
437.732	0.584	-0.681	3.801776e+01	5.806658e+00	-5.806657e+00
439.078	0.481	-0.762	3.798709e+01	5.945904e+00	-5.945902e+00
440.397	0.856	-0.838	2.889570e+01	4.307524e+00	-4.307522e+00
441.945	0.593	-0.692	3.743911e+01	5.718277e+00	-5.718276e+00
443.336	0.667	-0.799	3.280415e+01	5.010356e+00	-5.010354e+00
444.825	0.652	-0.822	3.206828e+01	5.019466e+00	-5.019465e+00
446.321	0.851	-0.845	2.886568e+01	4.303048e+00	-4.303046e+00
447.998	0.876	-0.826	2.874500e+01	4.285058e+00	-4.285057e+00
449.948	0.894	-1.074	2.487250e+01	3.707779e+00	-3.707778e+00
451.497	0.872	-0.654	3.206146e+01	4.779448e+00	-4.779446e+00
453.150	0.660	-0.781	3.337149e+01	5.097008e+00	-5.097006e+00
454.942	0.962	-1.132	2.337197e+01	3.484093e+00	-3.484092e+00
456.965	0.985	-1.061	2.350523e+01	3.590081e+00	-3.590080e+00
458.789	0.812	-0.839	2.964311e+01	4.418941e+00	-4.418940e+00
460.669	0.886	-1.068	2.461844e+01	3.760107e+00	-3.760106e+00
462.535	0.945	-0.980	2.498221e+01	3.815668e+00	-3.815666e+00
464.582	0.870	-1.103	2.480525e+01	3.697754e+00	-3.697752e+00
466.344	1.057	-0.891	2.468568e+01	3.770378e+00	-3.770376e+00
468.419	0.955	-1.018	2.437405e+01	3.722780e+00	-3.722779e+00
470.261	0.846	-0.887	2.824319e+01	4.210252e+00	-4.210251e+00
471.840	0.633	-0.733	3.519614e+01	5.375696e+00	-5.375694e+00
473.180	0.695	-0.707	3.369621e+01	5.274276e+00	-5.274275e+00
474.691	0.837	-0.816	2.961123e+01	4.414188e+00	-4.414187e+00
476.570	0.956	-1.042	2.364431e+01	3.700909e+00	-3.700908e+00
478.111	0.610	-0.585	4.093621e+01	6.102419e+00	-6.102417e+00
479.844	0.858	-1.122	2.428628e+01	3.709375e+00	-3.709373e+00
481.447	0.747	-0.746	3.278790e+01	4.887739e+00	-4.887737e+00
483.047	0.840	-0.852	2.892607e+01	4.312051e+00	-4.312050e+00
484.589	0.713	-0.703	3.395853e+01	5.186669e+00	-5.186668e+00
486.332	0.817	-1.030	2.604125e+01	3.977420e+00	-3.977419e+00
488.116	0.963	-0.967	2.535407e+01	3.779567e+00	-3.779565e+00
489.902	0.948	-0.823	2.716718e+01	4.149390e+00	-4.149389e+00
491.633	0.720	-0.783	3.255532e+01	4.853067e+00	-4.853066e+00
493.269	0.835	-0.916	2.747055e+01	4.195725e+00	-4.195724e+00
494.891	0.787	-0.788	3.054342e+01	4.665061e+00	-4.665060e+00
496.564	0.804	-0.886	2.845387e+01	4.345914e+00	-4.345912e+00
498.160	0.778	-0.791	3.118916e+01	4.649413e+00	-4.649411e+00
499.705	0.740	-0.767	3.247838e+01	4.841599e+00	-4.841597e+00
501.110	0.580	-0.666	3.861537e+01	5.897935e+00	-5.897933e+00
502.325	0.686	-0.636	3.702437e+01	5.519275e+00	-5.519273e+00
503.865	0.817	-0.854	2.878687e+01	4.396774e+00	-4.396773e+00
505.441	0.855	-0.758	3.032948e+01	4.521259e+00	-4.521258e+00
507.027	0.914	-0.731	2.922279e+01	4.463355e+00	-4.463354e+00
508.834	0.827	-0.892	2.798249e+01	4.273917e+00	-4.273916e+00
510.395	0.748	-0.734	3.187611e+01	4.989387e+00	-4.989386e+00
511.900	0.630	-0.758	3.526814e+01	5.257472e+00	-5.257471e+00
513.445	0.684	-0.915	3.059976e+01	4.561551e+00	-4.561549e+00
515.051	0.813	-0.922	2.821422e+01	4.205933e+00	-4.205932e+00
516.530	0.761	-0.666	3.430031e+01	5.113196e+00	-5.113194e+00
518.104	0.657	-0.813	3.272525e+01	4.998305e+00	-4.998303e+00
519.414	0.498	-0.653	4.251724e+01	6.338106e+00	-6.338104e+00
520.626	0.757	-0.715	3.326358e+01	4.958649e+00	-4.958647e+00
522.031	0.833	-0.648	3.306334e+01	4.928799e+00	-4.928798e+00
523.502	0.729	-0.639	3.577199e+01	5.332581e+00	-5.332580e+00
524.778	0.665	-0.547	4.039494e+01	6.021731e+00	-6.021729e+00
526.233	0.820	-0.790	3.039642e+01	4.531238e+00	-4.531237e+00
527.779	0.653	-0.726	3.549528e+01	5.291332e+00	-5.291330e+00
528.905	0.404	-0.473	5.579964e+01	8.318132e+00	-8.318129e+00
529.997	0.680	-0.688	3.515109e+01	5.368816e+00	-5.368814e+00
531.381	0.575	-0.704	3.759593e+01	5.742229e+00	-5.742227e+00
532.839	0.670	-0.883	3.096339e+01	4.729206e+00	-4.729204e+00
534.079	0.489	-0.569	4.623368e+01	6.892120e+00	-6.892118e+00
535.253	0.611	-0.685	3.713068e+01	5.671170e+00	-5.671168e+00
536.709	0.706	-0.846	3.045078e+01	4.766287e+00	-4.766286e+00
538.017	0.547	-0.602	4.352996e+01	6.418152e+00	-6.418150e+00
539.186	0.671	-0.623	3.783916e+01	5.640738e+00	-5.640736e+00
540.550	0.851	-0.693	3.169264e+01	4.724466e+00	-4.724465e+00
542.056	0.815	-0.655	3.330373e+01	4.964635e+00	-4.964633e+00
543.741	0.915	-0.870	2.742694e+01	4.088574e+00	-4.088572e+00
545.507	0.782	-0.851	2.944540e+01	4.497355e+00	-4.497354e+00
546.946	0.565	-0.657	4.004261e+01	5.969209e+00	-5.969207e+00
548.095	0.820	-0.583	3.425961e+01	5.232655e+00	-5.232654e+00
549.548	0.723	-0.633	3.610085e+01	5.381605e+00	-5.381604e+00
551.108	0.852	-0.838	2.895704e+01	4.316668e+00	-4.316666e+00
552.545	0.587	-0.584	3.962774e+01	6.358081e+00	-6.358079e+00
554.040	0.870	-0.909	2.750913e+01	4.100825e+00	-4.100824e+00
555.466	0.763	-0.555	3.647875e+01	5.571597e+00	-5.571596e+00
557.015	0.590	-0.787	3.554113e+01	5.298166e+00	-5.298165e+00
558.393	0.773	-0.787	3.136736e+01	4.675976e+00	-4.675975e+00
559.737	0.703	-0.571	3.775245e+01	5.766136e+00	-5.766134e+00
561.668	0.955	-1.228	2.241959e+01	3.342121e+00	-3.342119e+00
563.328	0.805	-0.705	3.183793e+01	4.862779e+00	-4.862778e+00
565.036	0.763	-0.902	2.938984e+01	4.381185e+00	-4.381184e+00
566.581	0.590	-0.782	3.505895e+01	5.354744e+00	-5.354742e+00
567.794	0.718	-0.623	3.648343e+01	5.438637e+00	-5.438635e+00
569.349	0.819	-0.837	2.954765e+01	4.404710e+00	-4.404708e+00
570.871	0.717	-0.703	3.447182e+01	5.138764e+00	-5.138762e+00
572.578	0.875	-0.990	2.624908e+01	3.912988e+00	-3.912986e+00
574.194	0.627	-0.741	3.577292e+01	5.332721e+00	-5.332719e+00
575.739	0.672	-0.919	3.077068e+01	4.587029e+00	-4.587027e+00
577.546	0.890	-1.135	2.417311e+01	3.603520e+00	-3.603519e+00
579.193	0.556	-0.757	3.727516e+01	5.556661e+00	-5.556659e+00
580.539	0.775	-0.790	3.071696e+01	4.691567e+00	-4.691565e+00
582.148	0.677	-0.833	3.240141e+01	4.830125e+00	-4.830123e+00
583.299	0.570	-0.474	4.686360e+01	6.986024e+00	-6.986021e+00
584.596	0.651	-0.726	3.571346e+01	5.392233e+00	-5.392232e+00
585.975	0.717	-0.729	3.383608e+01	5.043992e+00	-5.043991e+00
587.461	0.792	-0.768	3.082212e+01	4.707629e+00	-4.707628e+00
589.273	0.830	-1.020	2.645070e+01	3.943043e+00	-3.943042e+00
590.749	0.692	-0.645	3.658103e+01	5.453186e+00	-5.453184e+00
592.164	0.737	-0.723	3.292430e+01	5.028706e+00	-5.028704e+00
593.578	0.563	-0.676	3.883685e+01	5.931762e+00	-5.931760e+00
594.701	0.572	-0.561	4.318526e+01	6.437689e+00	-6.437687e+00
596.174	0.627	-0.901	3.273555e+01	4.826601e+00	-4.826599e+00
597.641	1.004	-0.839	2.655321e+01	3.958324e+00	-3.958323e+00
599.447	0.724	-0.803	3.150404e+01	4.811782e+00	-4.811781e+00
600.845	0.600	-0.674	3.841974e+01	5.727285e+00	-5.727283e+00
602.338	0.868	-0.893	2.730380e+01	4.170257e+00	-4.170256e+00
604.136	0.828	-0.930	2.784278e+01	4.150563e+00	-4.150562e+00
605.625	0.741	-0.661	3.490978e+01	5.204050e+00	-5.204048e+00
607.300	0.771	-0.933	2.721783e+01	4.366970e+00	-4.366969e+00
609.285	0.879	-1.215	2.337210e+01	3.484113e+00	-3.484112e+00
610.874	0.819	-0.710	3.202413e+01	4.773882e+00	-4.773881e+00
612.796	1.129	-1.103	2.191949e+01	3.267570e+00	-3.267569e+00
614.480	0.723	-0.554	3.764700e+01	5.750030e+00	-5.750028e+00
615.937	0.759	-0.734	3.278735e+01	4.887657e+00	-4.887655e+00
617.353	0.686	-0.657	3.643563e+01	5.431511e+00	-5.431510e+00
618.746	0.764	-0.707	3.326306e+01	4.958572e+00	-4.958570e+00
620.479	0.984	-0.968	2.507667e+01	3.738215e+00	-3.738214e+00
622.302	0.640	-0.840	3.306314e+01	4.928769e+00	-4.928767e+00
623.789	0.823	-0.846	2.932717e+01	4.371843e+00	-4.371842e+00
625.695	1.053	-1.084	2.290480e+01	3.414450e+00	-3.414449e+00
627.576	1.097	-0.828	2.454050e+01	3.841185e+00	-3.841184e+00
629.555	0.806	-0.882	2.898700e+01	4.321133e+00	-4.321132e+00
631.236	0.919	-0.875	2.729070e+01	4.068263e+00	-4.068262e+00
632.871	1.141	-0.716	2.589139e+01	3.954532e+00	-3.954531e+00
634.800	0.826	-0.788	2.980259e+01	4.551910e+00	-4.551909e+00
636.607	0.801	-0.982	2.745395e+01	4.092599e+00	-4.092598e+00
638.275	0.916	-0.866	2.649976e+01	4.147857e+00	-4.147855e+00
639.710	0.543	-0.519	4.607916e+01	6.869085e+00	-6.869083e+00
641.336	0.860	-1.083	2.475371e+01	3.780767e+00	-3.780766e+00
642.987	0.885	-0.791	2.920295e+01	4.353326e+00	-4.353325e+00
644.911	1.003	-1.039	2.354609e+01	3.596321e+00	-3.596320e+00
646.934	0.778	-1.019	2.723660e+01	4.060199e+00	-4.060198e+00
648.617	0.874	-0.906	2.559648e+01	4.210763e+00	-4.210762e+00
650.031	0.438	-0.540	5.001700e+01	7.456106e+00	-7.456104e+00
651.139	0.768	-0.670	3.345398e+01	5.109607e+00	-5.109605e+00
653.087	0.892	-1.181	2.361273e+01	3.519983e+00	-3.519982e+00
654.939	0.933	-0.960	2.540509e+01	3.880257e+00	-3.880256e+00
656.685	0.662	-0.813	3.318356e+01	4.946720e+00	-4.946719e+00
658.109	0.862	-0.762	3.013012e+01	4.491539e+00	-4.491538e+00
659.553	0.580	-0.581	4.139467e+01	6.322431e+00	-6.322429e+00
660.910	0.952	-0.777	2.830154e+01	4.218952e+00	-4.218950e+00
662.731	0.773	-0.869	2.980366e+01	4.442875e+00	-4.442873e+00
664.226	0.821	-0.722	3.172889e+01	4.729871e+00	-4.729870e+00
665.869	0.750	-0.822	3.111875e+01	4.638917e+00	-4.638916e+00
667.372	0.614	-0.753	3.519682e+01	5.375801e+00	-5.375799e+00
668.694	0.716	-0.708	3.438628e+01	5.126012e+00	-5.126010e+00
670.142	0.659	-0.732	3.517738e+01	5.243942e+00	-5.243940e+00
671.692	0.806	-0.891	2.883545e+01	4.298542e+00	-4.298541e+00
673.500	0.905	-1.002	2.432321e+01	3.902543e+00	-3.902542e+00
675.224	0.804	-0.818	3.016333e+01	4.496490e+00	-4.496489e+00
676.873	0.881	-0.845	2.835957e+01	4.227602e+00	-4.227601e+00
678.581	0.948	-0.827	2.612703e+01	4.191957e+00	-4.191956e+00
680.221	0.676	-0.692	3.577205e+01	5.332591e+00	-5.332589e+00
681.471	0.639	-0.574	4.033534e+01	6.012847e+00	-6.012845e+00
682.739	0.544	-0.628	4.174347e+01	6.222759e+00	-6.222757e+00
683.986	0.669	-0.703	3.443937e+01	5.390599e+00	-5.390597e+00
685.283	0.519	-0.628	4.042553e+01	6.486084e+00	-6.486082e+00
686.359	0.620	-0.556	4.017097e+01	6.287735e+00	-6.287733e+00
687.821	0.703	-0.843	3.165559e+01	4.718944e+00	-4.718943e+00
689.292	0.627	-0.768	3.508781e+01	5.230590e+00	-5.230588e+00
690.718	0.644	-0.799	3.391937e+01	5.056409e+00	-5.056407e+00
691.851	0.591	-0.489	4.632675e+01	6.830518e+00	-6.830516e+00
693.084	0.582	-0.642	3.998347e+01	5.960393e+00	-5.960391e+00
694.355	0.615	-0.689	3.687690e+01	5.632408e+00	-5.632406e+00
695.561	0.557	-0.591	4.264887e+01	6.357728e+00	-6.357725e+00
696.613	0.643	-0.495	4.148810e+01	6.493897e+00	-6.493895e+00
697.860	0.804	-0.604	3.477737e+01	5.184312e+00	-5.184310e+00
699.367	0.641	-0.704	3.638710e+01	5.424278e+00	-5.424276e+00
700.625	0.542	-0.617	4.152222e+01	6.341913e+00	-6.341911e+00
701.803	0.670	-0.636	3.747855e+01	5.586980e+00	-5.586979e+00
703.180	0.604	-0.707	3.732599e+01	5.564239e+00	-5.564237e+00
704.351	0.730	-0.567	3.773587e+01	5.625340e+00	-5.625338e+00
705.720	0.757	-0.640	3.504337e+01	5.223965e+00	-5.223964e+00
707.164	0.602	-0.686	3.667526e+01	5.740571e+00	-5.740569e+00
708.589	0.707	-0.823	3.143175e+01	4.800742e+00	-4.800740e+00
709.925	0.762	-0.629	3.395509e+01	5.314798e+00	-5.314796e+00
711.351	0.646	-0.664	3.672681e+01	5.609484e+00	-5.609482e+00
712.668	0.709	-0.671	3.483403e+01	5.320390e+00	-5.320388e+00
713.859	0.420	-0.482	5.331577e+01	8.143205e+00	-8.143203e+00
714.959	0.670	-0.680	3.624375e+01	5.402908e+00	-5.402906e+00
716.138	0.592	-0.509	4.366938e+01	6.669860e+00	-6.669858e+00
717.449	0.760	-0.719	3.252868e+01	4.968282e+00	-4.968280e+00
718.996	1.029	-0.787	2.600699e+01	4.070727e+00	-4.070725e+00
720.759	0.781	-0.733	3.176359e+01	4.851425e+00	-4.851424e+00
722.096	0.803	-0.557	3.600599e+01	5.367464e+00	-5.367462e+00
723.786	0.876	-0.888	2.775870e+01	4.138030e+00	-4.138028e+00
725.297	0.891	-0.635	3.206128e+01	4.779420e+00	-4.779419e+00
726.965	0.646	-0.777	3.438618e+01	5.125997e+00	-5.125995e+00
728.314	0.561	-0.702	3.874447e+01	5.775693e+00	-5.775691e+00
730.006	0.817	-1.131	2.468540e+01	3.770334e+00	-3.770333e+00
731.989	1.026	-1.166	2.232888e+01	3.328598e+00	-3.328597e+00
733.604	0.704	-0.589	3.783939e+01	5.640772e+00	-5.640770e+00
735.079	0.565	-0.771	3.663034e+01	5.460537e+00	-5.460535e+00
736.345	0.635	-0.701	3.662996e+01	5.460481e+00	-5.460479e+00
737.991	0.938	-1.010	2.468602e+01	3.770430e+00	-3.770429e+00
739.620	0.708	-0.692	3.495454e+01	5.210724e+00	-5.210722e+00
740.961	0.752	-0.632	3.474437e+01	5.306696e+00	-5.306694e+00
742.416	0.662	-0.703	3.524326e+01	5.382893e+00	-5.382891e+00
743.968	0.682	-0.891	3.111860e+01	4.638895e+00	-4.638893e+00
745.397	0.846	-0.746	3.020219e+01	4.612943e+00	-4.612941e+00
747.021	0.623	-0.779	3.490997e+01	5.204079e+00	-5.204077e+00
748.546	0.764	-0.901	2.887903e+01	4.410851e+00	-4.410849e+00
750.148	0.841	-0.839	2.914108e+01	4.344102e+00	-4.344100e+00
751.918	0.840	-0.928	2.732818e+01	4.226249e+00	-4.226247e+00
753.455	0.601	-0.698	3.852051e+01	5.679548e+00	-5.679546e+00
754.707	0.762	-0.651	3.404322e+01	5.199605e+00	-5.199603e+00
756.615	1.130	-1.146	2.150793e+01	3.206217e+00	-3.206216e+00
758.572	0.891	-0.827	2.847659e+01	4.245047e+00	-4.245045e+00
760.166	0.882	-0.703	3.087377e+01	4.602397e+00	-4.602396e+00
761.961	0.916	-0.913	2.675932e+01	3.989050e+00	-3.989049e+00
763.683	0.771	-0.805	3.104814e+01	4.628390e+00	-4.628389e+00
765.322	0.945	-0.868	2.699573e+01	4.024292e+00	-4.024290e+00
767.220	0.840	-0.954	2.729080e+01	4.068279e+00	-4.068277e+00
768.898	0.547	-0.838	3.535800e+01	5.270867e+00	-5.270865e+00
770.366	1.158	-0.922	2.230484e+01	3.578705e+00	-3.578704e+00
772.576	0.765	-1.052	2.694296e+01	4.016425e+00	-4.016424e+00
774.049	0.679	-0.709	3.465451e+01	5.292971e+00	-5.292970e+00
775.994	1.040	-1.266	2.122609e+01	3.164204e+00	-3.164203e+00
777.941	1.018	-0.907	2.542404e+01	3.789998e+00	-3.789997e+00
779.947	0.860	-0.988	2.647644e+01	3.946881e+00	-3.946880e+00
781.755	1.333	-0.948	2.108498e+01	3.220422e+00	-3.220421e+00
784.136	0.953	-1.048	2.445223e+01	3.645129e+00	-3.645128e+00
786.391	1.453	-1.301	1.777051e+01	2.649076e+00	-2.649075e+00
788.852	1.144	-1.008	2.233934e+01	3.412008e+00	-3.412007e+00
791.248	1.350	-1.251	1.881591e+01	2.804915e+00	-2.804914e+00
793.745	1.187	-1.148	2.060268e+01	3.146758e+00	-3.146757e+00
796.048	0.985	-1.116	2.329291e+01	3.472307e+00	-3.472306e+00
798.080	1.134	-1.047	2.243825e+01	3.344902e+00	-3.344901e+00
799.943	0.901	-0.729	3.003197e+01	4.476909e+00	-4.476908e+00
802.016	1.561	-1.172	1.759834e+01	2.687890e+00	-2.687889e+00
804.739	1.095	-1.163	2.130120e+01	3.253448e+00	-3.253447e+00
807.110	1.309	-1.276	1.794500e+01	2.879190e+00	-2.879189e+00
809.538	0.897	-1.119	2.427928e+01	3.619347e+00	-3.619346e+00
811.568	1.065	-1.132	2.188672e+01	3.342877e+00	-3.342875e+00
814.220	1.287	-1.588	1.702254e+01	2.537574e+00	-2.537573e+00
816.802	1.301	-1.294	1.852675e+01	2.829691e+00	-2.829690e+00
819.272	1.422	-1.169	1.856492e+01	2.835521e+00	-2.835520e+00
822.334	1.293	-1.641	1.668186e+01	2.486788e+00	-2.486787e+00
824.943	1.994	-1.316	1.453253e+01	2.219631e+00	-2.219631e+00
828.321	1.273	-1.385	1.745282e+01	2.800222e+00	-2.800221e+00
831.035	1.511	-1.441	1.658154e+01	2.471834e+00	-2.471833e+00
834.280	1.604	-1.734	1.466352e+01	2.185912e+00	-2.185911e+00
837.691	1.333	-1.807	1.558576e+01	2.323391e+00	-2.323390e+00
840.739	1.807	-1.716	1.389344e+01	2.071115e+00	-2.071115e+00
844.245	1.550	-1.698	1.480349e+01	2.261017e+00	-2.261016e+00
847.225	1.418	-1.430	1.598796e+01	2.630109e+00	-2.630108e+00
850.394	1.726	-1.751	1.334421e+01	2.141015e+00	-2.141014e+00
853.665	1.599	-1.545	1.529756e+01	2.336480e+00	-2.336479e+00
857.121	1.922	-1.857	1.295143e+01	1.930688e+00	-1.930688e+00
861.123	1.471	-2.080	9.188021e+00	1.677497e+00	-1.677497e+00
864.125	2.085	-1.532	9.687733e+00	1.743289e+00	-1.743289e+00
867.565	1.741	-1.354	1.580987e+01	2.356800e+00	-2.356799e+00
871.304	1.498	-1.998	1.431044e+01	2.109962e+00	-2.109961e+00
874.908	2.141	-2.106	9.731644e+00	1.578683e+00	-1.578683e+00
879.123	2.123	-2.074	9.644496e+00	1.610225e+00	-1.610225e+00
882.954	1.973	-1.708	1.329565e+01	1.982002e+00	-1.982001e+00
886.419	1.637	-1.492	1.536705e+01	2.347093e+00	-2.347092e+00
890.190	2.474	-2.134	1.049062e+01	1.602290e+00	-1.602289e+00
894.273	2.083	-1.608	9.701828e+00	1.715059e+00	-1.715059e+00
898.125	1.787	-1.769	1.416193e+01	2.111140e+00	-2.111139e+00
901.432	1.959	-1.519	9.411799e+00	1.815015e+00	-1.815014e+00
904.994	1.966	-1.603	1.371358e+01	2.044303e+00	-2.044303e+00
908.869	2.979	-1.910	1.001073e+01	1.492314e+00	-1.492313e+00
913.361	1.788	-1.512	9.628737e+00	1.823321e+00	-1.823320e+00
916.873	1.909	-1.724	9.280350e+00	1.666802e+00	-1.666802e+00
920.692	1.963	-1.910	9.547235e+00	1.637339e+00	-1.637339e+00
924.724	2.004	-2.069	7.954565e+00	1.506295e+00	-1.506295e+00
928.406	2.063	-1.679	8.974486e+00	1.638511e+00	-1.638511e+00
933.064	2.350	-2.595	9.922275e+00	1.495842e+00	-1.495841e+00
937.479	2.183	-2.066	7.679637e+00	1.402105e+00	-1.402105e+00
941.915	2.171	-2.253	6.989511e+00	1.373469e+00	-1.373469e+00
946.308	2.708	-2.222	6.100391e+00	1.244668e+00	-1.244668e+00
951.237	2.905	-2.221	6.365204e+00	1.162123e+00	-1.162123e+00
956.366	1.934	-2.224	7.642582e+00	1.447218e+00	-1.447217e+00
960.215	2.360	-1.915	7.631735e+00	1.393359e+00	-1.393359e+00
964.767	1.519	-2.192	8.791543e+00	1.605110e+00	-1.605110e+00
968.318	2.162	-2.031	7.780587e+00	1.420536e+00	-1.420536e+00
972.506	2.108	-2.027	7.891052e+00	1.440704e+00	-1.440704e+00
977.191	2.798	-2.577	5.912282e+00	1.119564e+00	-1.119564e+00
981.722	2.534	-1.733	7.647839e+00	1.396299e+00	-1.396299e+00
987.100	2.475	-2.845	6.133585e+00	1.119835e+00	-1.119835e+00
993.177	2.550	-3.602	5.303309e+00	9.682483e-01	-9.682481e-01
! PC data
1008.782	5.697	-6.840	6.582137e+00	1.294250e+00	-1.294250e+00
1023.243	6.280	-8.764	4.539616e+00	9.708519e-01	-9.708519e-01
1040.542	11.547	-11.019	2.900179e+00	6.359614e-01	-6.359614e-01
1061.930	7.710	-9.842	3.792452e+00	8.316223e-01	-8.316223e-01
1084.883	12.337	-15.243	2.498645e+00	5.377011e-01	-5.377011e-01
1105.002	9.769	-7.782	4.101959e+00	8.578551e-01	-8.578551e-01
1132.395	14.971	-17.624	2.123640e+00	4.577153e-01	-4.577153e-01
1158.977	15.970	-11.611	2.401579e+00	5.257710e-01	-5.257710e-01
1197.361	12.688	-22.414	1.953232e+00	4.183712e-01	-4.183712e-01
1228.130	19.529	-18.081	1.901437e+00	4.000266e-01	-4.000266e-01
1261.170	14.069	-13.511	2.272059e+00	5.106534e-01	-5.106534e-01
1296.292	14.050	-21.053	1.997903e+00	4.266141e-01	-4.266141e-01
1338.971	21.517	-28.630	1.256247e+00	2.833145e-01	-2.833145e-01
1399.278	33.920	-38.790	1.115018e+00	2.198235e-01	-2.198235e-01
4779.572	84.682	-201.476	1.857847e-01	4.183810e-02	-4.183810e-02
4910.444	41.565	-46.191	2.727679e-01	6.135372e-02	-6.135372e-02
5014.704	52.641	-62.695	2.265969e-01	4.857041e-02	-4.857041e-02
5138.942	46.247	-71.597	2.027341e-01	4.554711e-02	-4.554711e-02
5250.776	49.749	-65.587	2.084691e-01	4.683556e-02	-4.683556e-02
5349.354	38.927	-48.828	2.841114e-01	6.227737e-02	-6.227737e-02
5427.077	43.945	-38.796	2.889733e-01	6.476884e-02	-6.476884e-02
5520.733	68.133	-49.710	2.114492e-01	4.666493e-02	-4.666493e-02
5636.545	55.121	-47.679	2.330733e-01	5.230141e-02	-5.230141e-02
5747.623	46.843	-55.957	2.301815e-01	5.189761e-02	-5.189761e-02
5869.584	52.754	-75.119	1.865060e-01	4.185175e-02	-4.185175e-02
5979.690	57.984	-57.352	2.057490e-01	4.633400e-02	-4.633400e-02
6108.182	54.859	-70.507	1.883871e-01	4.262618e-02	-4.262618e-02
6280.738	80.380	-117.698	1.256618e-01	2.763846e-02	-2.763846e-02
6449.255	54.780	-88.137	1.671903e-01	3.756169e-02	-3.756169e-02
6594.302	55.157	-90.267	1.639066e-01	3.708699e-02	-3.708699e-02
6717.994	89.426	-68.535	1.514728e-01	3.403053e-02	-3.403053e-02
6871.421	33.785	-64.000	2.462436e-01	5.532214e-02	-5.532214e-02
7002.085	63.588	-96.880	1.500394e-01	3.370850e-02	-3.370850e-02
7133.803	84.805	-68.129	1.730776e-01	3.709871e-02	-3.709871e-02
10704.096	155.036	-141.621	1.080240e-01	2.438381e-02	-2.438381e-02
10972.400	107.376	-113.267	1.369458e-01	3.077760e-02	-3.077760e-02
11240.225	130.398	-160.450	7.699057e-02	2.009167e-02	-2.009167e-02
11509.563	179.489	-138.939	7.475084e-02	1.892689e-02	-1.892689e-02
11835.507	109.291	-146.455	8.814946e-02	2.293677e-02	-2.293677e-02
12076.224	154.408	-131.426	1.046732e-01	2.357590e-02	-2.357590e-02
12355.303	116.031	-124.671	9.206973e-02	2.412065e-02	-2.412065e-02
12770.563	232.310	-299.229	8.339533e-02	1.541883e-02	-1.541883e-02
16646.631	135.922	-295.268	6.922889e-02	1.824298e-02	-1.824298e-02
16892.545	85.579	-109.991	9.410228e-02	2.458436e-02	-2.458436e-02
17134.705	99.164	-156.582	7.172485e-02	1.871811e-02	-1.871811e-02
17370.071	164.676	-136.201	6.019143e-02	1.587867e-02	-1.587867e-02
17676.237	126.792	-141.490	6.779100e-02	1.772955e-02	-1.772955e-02
17965.588	110.739	-162.559	6.661774e-02	1.740398e-02	-1.740398e-02
18178.584	130.923	-102.258	7.875798e-02	2.053151e-02	-2.053151e-02
18526.947	258.939	-217.439	6.887494e-02	1.339730e-02	-1.339730e-02
22456.854	196.359	-129.591	6.030175e-02	1.573118e-02	-1.573118e-02
22797.245	116.729	-144.032	7.569752e-02	1.964576e-02	-1.964576e-02
23075.542	91.670	-161.568	8.300769e-02	2.089254e-02	-2.089254e-02
23409.422	68.698	-242.209	6.326836e-02	1.647096e-02	-1.647096e-02
23773.880	170.601	-295.760	4.224026e-02	1.097958e-02	-1.097958e-02
24276.334	294.963	-331.854	4.378290e-02	9.653216e-03	-9.653216e-03
28864.794	414.988	-492.659	2.934814e-02	7.731366e-03	-7.731366e-03
29740.107	615.302	-460.325	3.594081e-02	7.976533e-03	-7.976533e-03
34575.140	297.159	-244.420	3.748759e-02	9.808317e-03	-9.808317e-03
35137.626	331.414	-265.327	3.414558e-02	8.962589e-03	-8.962589e-03
35855.383	285.607	-386.344	3.863626e-02	8.998373e-03	-8.998373e-03
40096.472	211.729	-740.519	4.401184e-02	1.150141e-02	-1.150141e-02
41048.000	877.409	-739.798	2.377361e-02	4.491721e-03	-4.491721e-03
45648.899	341.680	-411.399	3.021715e-02	7.925637e-03	-7.925637e-03
46458.281	487.585	-467.702	2.274266e-02	6.030838e-03	-6.030838e-03
47433.029	275.050	-487.163	3.504115e-02	8.374924e-03	-8.374924e-03
51427.176	226.778	-405.064	3.706335e-02	9.707114e-03	-9.707114e-03
52019.620	416.616	-365.666	2.942281e-02	7.736653e-03	-7.736653e-03
52948.130	543.673	-511.895	2.968133e-02	6.738076e-03	-6.738076e-03
57291.507	294.766	-592.822	2.426233e-02	6.404574e-03	-6.404574e-03
58362.848	913.342	-776.574	2.288227e-02	4.531257e-03	-4.531257e-03
63243.629	394.400	-760.742	2.701604e-02	7.158922e-03	-7.158922e-03
64413.988	648.184	-775.959	2.330858e-02	5.678250e-03	-5.678250e-03
69609.668	1237.086	-1330.274	1.314598e-02	3.362464e-03	-3.362464e-03
74563.085	429.795	-511.426	2.735140e-02	7.248129e-03	-7.248129e-03
75872.862	757.283	-879.982	1.795970e-02	3.930767e-03	-3.930767e-03
80458.787	492.878	-528.387	1.845958e-02	4.881458e-03	-4.881458e-03
81620.730	792.687	-669.065	1.707402e-02	3.915618e-03	-3.915618e-03
86331.379	581.854	-709.651	1.690011e-02	4.495806e-03	-4.495806e-03
87611.574	587.900	-698.340	1.895345e-02	4.567092e-03	-4.567092e-03
92110.950	638.583	-652.682	1.586189e-02	4.205622e-03	-4.205622e-03
93483.372	499.748	-733.839	1.884849e-02	4.679523e-03	-4.679523e-03
97917.214	452.826	-654.078	1.901111e-02	5.016423e-03	-5.016423e-03
99089.989	676.613	-719.949	1.662090e-02	4.038076e-03	-4.038076e-03
104490.852	1060.297	-1399.372	1.216112e-02	2.714106e-03	-2.714106e-03
110145.678	1189.022	-1042.475	1.290660e-02	2.824106e-03	-2.824106e-03
116068.211	1051.961	-948.864	1.631229e-02	3.285014e-03	-3.285014e-03
121851.634	1052.598	-780.238	1.370884e-02	3.301487e-03	-3.301487e-03
127531.363	1154.631	-1326.087	1.323995e-02	2.838321e-03	-2.838321e-03
