! WT data
106.986	0.712	-0.707	4.736062e+01	8.050321e+00	-7.489294e+00
108.643	0.702	-0.945	3.964940e+01	7.145212e+00	-6.705385e+00
110.115	0.654	-0.769	4.724155e+01	8.039603e+00	-7.919183e+00
111.443	0.799	-0.674	4.499285e+01	7.705525e+00	-7.839107e+00
113.317	0.686	-1.075	3.817540e+01	6.306951e+00	-6.606316e+00
114.805	0.886	-0.802	3.982465e+01	6.501564e+00	-6.851525e+00
116.513	0.632	-0.821	4.408929e+01	7.254773e+00	-7.612751e+00
117.979	0.724	-0.834	3.800323e+01	6.209273e+00	-6.492263e+00
119.509	0.799	-0.805	3.637373e+01	6.009691e+00	-6.255924e+00
121.015	0.749	-0.706	4.069773e+01	6.589791e+00	-6.855324e+00
122.979	0.989	-1.215	2.686897e+01	4.310559e+00	-4.463892e+00
124.875	0.699	-0.907	3.740010e+01	5.866395e+00	-6.071541e+00
126.614	1.013	-1.040	2.924795e+01	4.556002e+00	-4.702679e+00
128.217	0.709	-0.589	4.539990e+01	7.184481e+00	-7.404604e+00
129.895	1.052	-0.969	2.917211e+01	4.624736e+00	-4.768919e+00
132.136	0.837	-1.188	2.870102e+01	4.629951e+00	-4.769048e+00
133.942	0.628	-0.970	3.690581e+01	5.826514e+00	-6.001202e+00
135.576	1.274	-1.006	2.585156e+01	4.074137e+00	-4.194279e+00
138.060	1.234	-1.209	2.392786e+01	3.788462e+00	-3.905104e+00
140.242	0.902	-0.949	3.172500e+01	4.914839e+00	-5.065397e+00
142.339	1.117	-1.195	2.501835e+01	3.939352e+00	-4.054469e+00
144.166	0.926	-0.709	3.590205e+01	5.549326e+00	-5.715717e+00
146.395	1.134	-1.303	2.408321e+01	3.724398e+00	-3.836565e+00
148.779	1.180	-1.250	2.432613e+01	3.765012e+00	-3.879314e+00
151.281	1.093	-1.321	2.431658e+01	3.868254e+00	-3.992899e+00
153.545	1.126	-1.171	2.592993e+01	4.054579e+00	-4.190118e+00
155.891	1.460	-1.221	2.221322e+01	3.487076e+00	-3.608380e+00
158.916	1.522	-1.564	1.979528e+01	3.133405e+00	-3.253712e+00
161.617	1.150	-1.179	2.849247e+01	4.485044e+00	-4.670741e+00
164.539	1.562	-1.772	1.863620e+01	3.147795e+00	-3.281854e+00
167.317	1.499	-1.216	2.356828e+01	3.899015e+00	-4.100103e+00
170.238	1.539	-1.422	2.196624e+01	3.561571e+00	-3.744034e+00
173.425	1.568	-1.648	2.025494e+01	3.313502e+00	-3.489765e+00
176.289	1.024	-1.296	2.808402e+01	4.660004e+00	-4.885325e+00
178.779	1.557	-1.465	2.155440e+01	3.588122e+00	-3.738466e+00
183.027	2.353	-2.691	1.291526e+01	2.202216e+00	-2.268456e+00
187.420	1.929	-2.040	1.644799e+01	2.805339e+00	-2.885706e+00
191.481	2.081	-2.132	1.537652e+01	2.696684e+00	-2.782204e+00
195.894	2.292	-2.332	1.453689e+01	2.532440e+00	-2.552065e+00
200.874	2.364	-2.688	1.380601e+01	2.377414e+00	-2.357559e+00
206.564	2.822	-3.325	1.185363e+01	2.065155e+00	-2.001893e+00
211.600	2.084	-2.215	1.691772e+01	3.023395e+00	-2.837252e+00
216.286	2.424	-2.602	9.508949e+00	2.032906e+00	-1.896449e+00
221.750	3.633	-3.040	1.098165e+01	2.013493e+00	-1.786094e+00
228.650	3.177	-3.267	9.542563e+00	1.901763e+00	-1.711018e+00
234.110	3.423	-2.283	8.642920e+00	1.808666e+00	-1.679134e+00
240.377	2.945	-2.844	1.293313e+01	2.377721e+00	-2.091393e+00
245.385	3.011	-2.063	9.932996e+00	2.053281e+00	-1.888751e+00
250.766	2.883	-2.369	8.593967e+00	1.986221e+00	-1.793268e+00
256.736	4.470	-3.088	9.758773e+00	1.685600e+00	-1.549168e+00
264.090	2.861	-2.883	7.883898e+00	1.816205e+00	-1.682238e+00
269.619	2.693	-2.668	9.110308e+00	1.936695e+00	-1.752478e+00
275.352	2.562	-3.041	8.765499e+00	1.827871e+00	-1.703863e+00
281.719	3.349	-3.805	6.840385e+00	1.463453e+00	-1.363598e+00
288.393	3.225	-3.325	1.071523e+01	1.986952e+00	-1.845353e+00
294.981	3.006	-3.363	7.416540e+00	1.555966e+00	-1.485887e+00
301.423	3.110	-3.435	6.950643e+00	1.549693e+00	-1.459435e+00
307.647	3.647	-3.114	6.895602e+00	1.512804e+00	-1.423543e+00
315.923	3.493	-4.629	5.495757e+00	1.180674e+00	-1.129796e+00
322.654	2.070	-3.239	8.498175e+00	1.709696e+00	-1.674796e+00
327.429	2.843	-2.705	8.132924e+00	1.631652e+00	-1.615419e+00
334.742	3.052	-4.470	5.681080e+00	1.222501e+00	-1.210854e+00
341.869	4.164	-4.075	5.458724e+00	1.144327e+00	-1.139143e+00
350.540	3.866	-4.507	5.728103e+00	1.144687e+00	-1.135834e+00
358.493	3.721	-4.087	5.811323e+00	1.281580e+00	-1.224035e+00
366.011	3.809	-3.797	6.142850e+00	1.290173e+00	-1.270211e+00
373.186	3.935	-3.366	6.547241e+00	1.340921e+00	-1.324750e+00
380.634	3.307	-3.513	7.150795e+00	1.433766e+00	-1.402744e+00
388.321	4.601	-4.380	4.715110e+00	1.013622e+00	-1.008498e+00
398.619	5.314	-5.697	4.458940e+00	9.265154e-01	-8.677398e-01
408.953	4.711	-5.020	4.764304e+00	1.027195e+00	-9.772262e-01
419.409	3.829	-5.744	4.792938e+00	1.006437e+00	-9.926458e-01
426.899	3.278	-3.661	6.481292e+00	1.359073e+00	-1.351323e+00
! PC data
443.839	7.411	-5.126	7.119129e+00	1.594148e+00	-1.594148e+00
457.255	6.532	-6.005	7.279781e+00	1.632441e+00	-1.632441e+00
472.760	8.578	-8.973	5.672101e+00	1.212424e+00	-1.212424e+00
488.468	7.914	-7.130	5.993306e+00	1.345873e+00	-1.345873e+00
510.568	13.395	-14.186	3.586626e+00	7.686373e-01	-7.686373e-01
530.426	6.073	-6.463	8.635893e+00	1.771172e+00	-1.771172e+00
547.511	11.554	-11.012	3.988648e+00	8.982616e-01	-8.982616e-01
571.301	10.330	-12.236	3.979919e+00	8.962957e-01	-8.962957e-01
597.738	11.473	-16.108	3.438870e+00	7.504229e-01	-7.504229e-01
623.205	8.572	-13.994	4.181951e+00	9.175362e-01	-9.175362e-01
646.379	17.993	-14.602	2.769512e+00	6.210443e-01	-6.210443e-01
680.169	11.784	-15.797	3.595357e+00	7.675228e-01	-7.675228e-01
710.305	16.750	-18.352	2.483501e+00	5.657619e-01	-5.657619e-01
745.796	18.869	-18.740	2.389903e+00	5.366832e-01	-5.366832e-01
786.268	18.514	-21.604	2.199870e+00	4.982682e-01	-4.982682e-01
841.757	25.708	-36.975	1.420989e+00	3.213908e-01	-3.213908e-01
898.106	22.013	-30.641	1.790630e+00	3.934056e-01	-3.934056e-01
951.319	23.961	-31.200	1.771809e+00	3.802031e-01	-3.802031e-01
1007.658	27.797	-32.379	1.625101e+00	3.491751e-01	-3.491751e-01
1065.016	40.645	-29.560	1.259625e+00	2.840791e-01	-2.840791e-01
1141.552	36.820	-35.892	1.218026e+00	2.758816e-01	-2.758816e-01
1237.380	58.836	-59.008	7.987003e-01	1.761954e-01	-1.761954e-01
1333.057	55.930	-36.841	9.571889e-01	2.168023e-01	-2.168023e-01
1454.997	61.863	-66.010	7.007848e-01	1.582722e-01	-1.582722e-01
1570.901	51.268	-54.040	8.480669e-01	1.918107e-01	-1.918107e-01
1671.555	55.920	-49.387	8.987832e-01	1.971965e-01	-1.971965e-01
1777.387	47.874	-49.912	9.587244e-01	2.129512e-01	-2.129512e-01
1898.451	99.815	-73.190	5.152531e-01	1.173789e-01	-1.173789e-01
2079.975	53.687	-81.709	6.587409e-01	1.487766e-01	-1.487766e-01
2198.927	127.783	-65.265	5.058092e-01	1.101110e-01	-1.101110e-01
5705.265	116.944	-116.237	8.032664e-02	2.086639e-02	-2.086639e-02
5900.667	94.546	-78.458	1.443758e-01	3.238129e-02	-3.238129e-02
6082.569	88.157	-87.356	1.415145e-01	3.176362e-02	-3.176362e-02
6279.638	94.181	-108.912	9.705688e-02	2.447226e-02	-2.447226e-02
6469.469	92.398	-95.651	9.845966e-02	2.575956e-02	-2.575956e-02
6644.052	78.283	-82.185	1.535800e-01	3.462937e-02	-3.462937e-02
6854.501	80.956	-132.166	1.212874e-01	2.671703e-02	-2.671703e-02
7042.993	105.587	-107.535	8.683836e-02	2.258083e-02	-2.258083e-02
7264.944	126.846	-116.364	7.547932e-02	1.978772e-02	-1.978772e-02
7488.600	133.862	-96.811	8.051044e-02	2.099928e-02	-2.099928e-02
7864.982	243.882	-242.519	7.093022e-02	1.356563e-02	-1.356563e-02
11545.865	136.472	-176.943	6.185848e-02	1.613830e-02	-1.613830e-02
11863.973	294.753	-181.637	4.051018e-02	1.056873e-02	-1.056873e-02
12586.774	346.713	-428.048	2.459288e-02	6.468496e-03	-6.468496e-03
13501.466	389.800	-567.979	3.622341e-02	7.056588e-03	-7.056588e-03
18203.459	1471.727	-905.193	1.314368e-02	2.812551e-03	-2.812551e-03
