! WT data
79.840	0.329	-0.350	2.171437e+02	2.733569e+01	-2.685495e+01
80.456	0.377	-0.286	2.203566e+02	2.811237e+01	-2.758091e+01
81.254	0.466	-0.420	1.584494e+02	2.170470e+01	-2.115603e+01
82.111	0.336	-0.391	2.028090e+02	2.602651e+01	-2.512627e+01
82.861	0.438	-0.414	1.731708e+02	2.190209e+01	-2.142582e+01
83.622	0.339	-0.323	2.229806e+02	2.803730e+01	-2.757503e+01
84.321	0.407	-0.360	1.924561e+02	2.429200e+01	-2.380631e+01
85.185	0.415	-0.457	1.677442e+02	2.169805e+01	-2.102205e+01
86.064	0.437	-0.465	1.636054e+02	2.074003e+01	-2.024476e+01
86.982	0.461	-0.480	1.582332e+02	1.966294e+01	-1.933808e+01
87.946	0.438	-0.503	1.582336e+02	1.997455e+01	-1.936370e+01
88.802	0.478	-0.418	1.645810e+02	2.120714e+01	-2.039942e+01
89.812	0.490	-0.531	1.405275e+02	1.836825e+01	-1.801663e+01
90.658	0.471	-0.357	1.766031e+02	2.248546e+01	-2.210149e+01
91.643	0.477	-0.514	1.474363e+02	1.885657e+01	-1.845895e+01
92.500	0.389	-0.380	1.918450e+02	2.428652e+01	-2.373875e+01
93.277	0.462	-0.389	1.718033e+02	2.226668e+01	-2.154252e+01
94.150	0.511	-0.411	1.614528e+02	2.034545e+01	-1.975867e+01
95.000	0.465	-0.339	1.850306e+02	2.333706e+01	-2.264649e+01
95.962	0.471	-0.497	1.495691e+02	1.963789e+01	-1.898321e+01
97.148	0.498	-0.715	1.218596e+02	1.570401e+01	-1.537666e+01
98.098	0.488	-0.452	1.541039e+02	2.006224e+01	-1.953806e+01
99.227	0.625	-0.642	1.110977e+02	1.515955e+01	-1.462761e+01
100.290	0.505	-0.438	1.536990e+02	2.010597e+01	-1.949805e+01
101.380	0.526	-0.584	1.337296e+02	1.691589e+01	-1.654628e+01
102.534	0.504	-0.629	1.309988e+02	1.678577e+01	-1.623250e+01
103.517	0.609	-0.478	1.353329e+02	1.752623e+01	-1.696776e+01
104.588	0.518	-0.463	1.500671e+02	1.965639e+01	-1.884470e+01
105.626	0.506	-0.520	1.446226e+02	1.874017e+01	-1.794197e+01
106.585	0.351	-0.453	1.863001e+02	2.492063e+01	-2.286737e+01
107.390	0.474	-0.453	1.616268e+02	2.131824e+01	-1.984035e+01
108.344	0.371	-0.481	1.757986e+02	2.289057e+01	-2.156844e+01
109.277	0.606	-0.561	1.248882e+02	1.698618e+01	-1.588074e+01
110.387	0.544	-0.504	1.429670e+02	1.878141e+01	-1.755018e+01
111.535	0.570	-0.605	1.302628e+02	1.715943e+01	-1.599040e+01
112.549	0.510	-0.444	1.561567e+02	2.158998e+01	-2.009386e+01
113.614	0.633	-0.555	1.288238e+02	1.751741e+01	-1.599777e+01
114.800	0.458	-0.552	1.487418e+02	2.007131e+01	-1.891479e+01
115.822	0.537	-0.565	1.377522e+02	1.845271e+01	-1.731109e+01
116.827	0.548	-0.468	1.520783e+02	2.039100e+01	-1.866660e+01
118.000	0.592	-0.625	1.246618e+02	1.690556e+01	-1.566498e+01
119.069	0.412	-0.477	1.746975e+02	2.275235e+01	-2.153653e+01
120.180	0.534	-0.699	1.253068e+02	1.682617e+01	-1.538046e+01
121.299	0.387	-0.585	1.259852e+02	1.596467e+01	-1.542107e+01
121.954	0.313	-0.268	9.856578e+01	1.389437e+01	-1.389476e+01
122.614	0.318	-0.347	1.124267e+02	1.373534e+01	-1.373588e+01
123.196	0.262	-0.263	1.398025e+02	1.752035e+01	-1.752099e+01
123.771	0.372	-0.313	1.081680e+02	1.338387e+01	-1.338438e+01
124.362	0.291	-0.219	1.538499e+02	1.847894e+01	-1.847968e+01
124.965	0.364	-0.312	1.106514e+02	1.351844e+01	-1.351896e+01
125.665	0.314	-0.336	1.113992e+02	1.439186e+01	-1.439235e+01
126.303	0.318	-0.325	1.131271e+02	1.436061e+01	-1.436112e+01
126.930	0.403	-0.309	1.020973e+02	1.296047e+01	-1.296092e+01
127.616	0.275	-0.284	1.339109e+02	1.636007e+01	-1.636069e+01
128.162	0.302	-0.271	1.293308e+02	1.600237e+01	-1.600297e+01
128.734	0.276	-0.270	1.369628e+02	1.673295e+01	-1.673360e+01
129.297	0.370	-0.287	1.128607e+02	1.396449e+01	-1.396500e+01
129.954	0.390	-0.287	1.071908e+02	1.360705e+01	-1.360754e+01
130.686	0.272	-0.342	1.218783e+02	1.489005e+01	-1.489062e+01
131.306	0.326	-0.348	1.098805e+02	1.359574e+01	-1.359624e+01
132.004	0.353	-0.371	1.013001e+02	1.269512e+01	-1.269557e+01
132.735	0.339	-0.378	1.058655e+02	1.283827e+01	-1.283876e+01
133.330	0.248	-0.256	1.507525e+02	1.828174e+01	-1.828246e+01
133.905	0.264	-0.328	1.250232e+02	1.546939e+01	-1.546998e+01
134.486	0.289	-0.316	1.224494e+02	1.515092e+01	-1.515149e+01
135.116	0.269	-0.341	9.877366e+01	1.344158e+01	-1.344200e+01
135.728	0.301	-0.343	1.127823e+02	1.431684e+01	-1.431734e+01
136.334	0.273	-0.305	9.721370e+01	1.384193e+01	-1.384232e+01
136.975	0.307	-0.367	1.098465e+02	1.359153e+01	-1.359204e+01
137.642	0.317	-0.361	1.125659e+02	1.371959e+01	-1.372010e+01
138.277	0.246	-0.318	1.300643e+02	1.629991e+01	-1.630047e+01
138.813	0.275	-0.289	1.313362e+02	1.625049e+01	-1.625107e+01
139.341	0.259	-0.254	9.803121e+01	1.461377e+01	-1.461414e+01
139.845	0.328	-0.245	1.305453e+02	1.594888e+01	-1.594947e+01
140.443	0.277	-0.271	9.981294e+01	1.425914e+01	-1.425952e+01
141.066	0.345	-0.346	1.062651e+02	1.331734e+01	-1.331780e+01
141.744	0.268	-0.334	1.231763e+02	1.524081e+01	-1.524134e+01
142.362	0.367	-0.350	1.033257e+02	1.278469e+01	-1.278514e+01
143.027	0.371	-0.298	1.107592e+02	1.370444e+01	-1.370493e+01
143.641	0.263	-0.243	9.802316e+01	1.489177e+01	-1.489211e+01
144.224	0.348	-0.321	1.118307e+02	1.366249e+01	-1.366299e+01
144.895	0.318	-0.322	1.156820e+02	1.431356e+01	-1.431408e+01
145.571	0.364	-0.358	1.005903e+02	1.276916e+01	-1.276961e+01
146.278	0.317	-0.343	1.133374e+02	1.384661e+01	-1.384715e+01
146.907	0.266	-0.312	8.565877e+01	1.301338e+01	-1.301370e+01
147.510	0.275	-0.337	1.222360e+02	1.493373e+01	-1.493428e+01
148.031	0.282	-0.246	9.373257e+01	1.423995e+01	-1.424030e+01
148.609	0.281	-0.295	1.285320e+02	1.590355e+01	-1.590415e+01
149.110	0.321	-0.220	9.157426e+01	1.391207e+01	-1.391242e+01
149.691	0.249	-0.260	1.456177e+02	1.801762e+01	-1.801832e+01
150.209	0.242	-0.269	9.840234e+01	1.466914e+01	-1.466955e+01
150.770	0.347	-0.320	1.110546e+02	1.374102e+01	-1.374154e+01
151.342	0.308	-0.224	9.445309e+01	1.408038e+01	-1.408074e+01
151.959	0.248	-0.309	8.893861e+01	1.351167e+01	-1.351202e+01
152.534	0.312	-0.327	1.148820e+02	1.439728e+01	-1.439783e+01
153.186	0.362	-0.341	1.064605e+02	1.300644e+01	-1.300695e+01
153.862	0.346	-0.314	7.504270e+01	1.140056e+01	-1.140083e+01
154.518	0.320	-0.310	9.637650e+01	1.319820e+01	-1.319859e+01
155.153	0.339	-0.315	1.131745e+02	1.400329e+01	-1.400379e+01
155.800	0.290	-0.308	1.227584e+02	1.538434e+01	-1.538490e+01
156.361	0.294	-0.270	8.782996e+01	1.334323e+01	-1.334356e+01
156.892	0.291	-0.238	9.509878e+01	1.417664e+01	-1.417700e+01
157.427	0.273	-0.244	9.705843e+01	1.446877e+01	-1.446913e+01
158.011	0.307	-0.310	8.023308e+01	1.218910e+01	-1.218941e+01
158.622	0.359	-0.305	9.927807e+01	1.292509e+01	-1.292553e+01
159.341	0.368	-0.360	1.008459e+02	1.263822e+01	-1.263868e+01
159.987	0.316	-0.278	8.456230e+01	1.260593e+01	-1.260625e+01
160.628	0.261	-0.325	8.584731e+01	1.279749e+01	-1.279781e+01
161.152	0.261	-0.263	9.574172e+01	1.427247e+01	-1.427282e+01
161.732	0.210	-0.319	9.509684e+01	1.417633e+01	-1.417667e+01
162.269	0.361	-0.327	7.298132e+01	1.087951e+01	-1.087977e+01
162.981	0.286	-0.351	7.664232e+01	1.186804e+01	-1.186831e+01
163.544	0.234	-0.277	9.701147e+01	1.473808e+01	-1.473843e+01
164.103	0.254	-0.325	8.692112e+01	1.295757e+01	-1.295790e+01
164.671	0.299	-0.315	7.837787e+01	1.237295e+01	-1.237322e+01
165.217	0.273	-0.247	9.536602e+01	1.448811e+01	-1.448846e+01
165.859	0.285	-0.370	7.676550e+01	1.144365e+01	-1.144394e+01
166.474	0.405	-0.330	1.008647e+02	1.248019e+01	-1.248064e+01
167.187	0.377	-0.308	9.946385e+01	1.273523e+01	-1.273567e+01
167.874	0.366	-0.310	7.327979e+01	1.113274e+01	-1.113301e+01
168.521	0.287	-0.281	8.729265e+01	1.326158e+01	-1.326189e+01
169.165	0.278	-0.357	7.687201e+01	1.190361e+01	-1.190388e+01
169.808	0.300	-0.366	7.553523e+01	1.126023e+01	-1.126051e+01
170.397	0.284	-0.288	8.647936e+01	1.313804e+01	-1.313835e+01
171.030	0.311	-0.349	9.983290e+01	1.299732e+01	-1.299775e+01
171.681	0.263	-0.340	8.095383e+01	1.253570e+01	-1.253600e+01
172.295	0.318	-0.351	7.405936e+01	1.125118e+01	-1.125146e+01
172.849	0.331	-0.236	8.855600e+01	1.320129e+01	-1.320163e+01
173.549	0.275	-0.369	7.469696e+01	1.179188e+01	-1.179214e+01
174.183	0.327	-0.358	7.185026e+01	1.112600e+01	-1.112626e+01
174.849	0.431	-0.339	6.527652e+01	1.010807e+01	-1.010831e+01
175.600	0.353	-0.320	7.587322e+01	1.152675e+01	-1.152704e+01
176.303	0.308	-0.350	7.639256e+01	1.182938e+01	-1.182966e+01
176.885	0.280	-0.274	9.221803e+01	1.400987e+01	-1.401021e+01
177.520	0.391	-0.356	1.021522e+02	1.263950e+01	-1.263997e+01
178.281	0.280	-0.369	7.857481e+01	1.193717e+01	-1.193746e+01
178.913	0.231	-0.352	8.870376e+01	1.322332e+01	-1.322365e+01
179.422	0.267	-0.277	9.372470e+01	1.423876e+01	-1.423911e+01
180.006	0.385	-0.317	7.260710e+01	1.103055e+01	-1.103082e+01
180.687	0.327	-0.295	8.312810e+01	1.239213e+01	-1.239243e+01
181.374	0.423	-0.360	6.612472e+01	9.857384e+00	-9.857624e+00
182.134	0.263	-0.337	8.633482e+01	1.287016e+01	-1.287047e+01
182.768	0.301	-0.371	7.697047e+01	1.147419e+01	-1.147447e+01
183.393	0.342	-0.324	7.779379e+01	1.159693e+01	-1.159721e+01
184.094	0.349	-0.359	1.088436e+02	1.329758e+01	-1.329810e+01
184.684	0.279	-0.241	9.822220e+01	1.492203e+01	-1.492241e+01
185.285	0.321	-0.323	7.706978e+01	1.170853e+01	-1.170881e+01
185.934	0.238	-0.328	8.755704e+01	1.330175e+01	-1.330207e+01
186.502	0.336	-0.330	7.552445e+01	1.125863e+01	-1.125891e+01
187.137	0.283	-0.300	8.611616e+01	1.283756e+01	-1.283787e+01
187.759	0.380	-0.338	6.891876e+01	1.047020e+01	-1.047045e+01
188.487	0.274	-0.347	8.093440e+01	1.206511e+01	-1.206541e+01
189.180	0.328	-0.420	6.437434e+01	1.016232e+01	-1.016254e+01
189.797	0.234	-0.289	9.333407e+01	1.445277e+01	-1.445311e+01
190.408	0.409	-0.377	6.390523e+01	9.526521e+00	-9.526756e+00
191.076	0.295	-0.259	9.082361e+01	1.353932e+01	-1.353966e+01
191.729	0.387	-0.358	6.741315e+01	1.004946e+01	-1.004972e+01
192.435	0.265	-0.319	8.488980e+01	1.289655e+01	-1.289685e+01
193.100	0.377	-0.401	6.463648e+01	9.635528e+00	-9.635763e+00
193.811	0.303	-0.334	7.890066e+01	1.176194e+01	-1.176224e+01
194.424	0.312	-0.310	7.955343e+01	1.208585e+01	-1.208614e+01
194.997	0.264	-0.261	9.574964e+01	1.427366e+01	-1.427402e+01
195.524	0.333	-0.263	8.431833e+01	1.256956e+01	-1.256987e+01
196.171	0.310	-0.313	8.070903e+01	1.203151e+01	-1.203180e+01
196.745	0.321	-0.265	8.586054e+01	1.279946e+01	-1.279978e+01
197.417	0.364	-0.351	6.826412e+01	1.057070e+01	-1.057096e+01
198.111	0.270	-0.330	8.262442e+01	1.255240e+01	-1.255271e+01
198.755	0.397	-0.375	6.323090e+01	9.791298e+00	-9.791526e+00
199.549	0.308	-0.396	6.929973e+01	1.073105e+01	-1.073129e+01
200.138	0.239	-0.281	9.889082e+01	1.458081e+01	-1.458118e+01
200.735	0.252	-0.358	8.235615e+01	1.227706e+01	-1.227737e+01
201.309	0.353	-0.323	7.433882e+01	1.108189e+01	-1.108216e+01
202.057	0.357	-0.394	6.598400e+01	1.002436e+01	-1.002460e+01
202.813	0.361	-0.399	6.615635e+01	9.862108e+00	-9.862358e+00
203.609	0.352	-0.436	6.285591e+01	9.549137e+00	-9.549368e+00
204.334	0.451	-0.373	6.101108e+01	9.095088e+00	-9.095317e+00
205.127	0.402	-0.342	6.661516e+01	1.012025e+01	-1.012050e+01
205.977	0.448	-0.448	5.444789e+01	8.431247e+00	-8.431440e+00
206.721	0.285	-0.295	8.665236e+01	1.291749e+01	-1.291781e+01
207.384	0.372	-0.379	6.502996e+01	1.006987e+01	-1.007010e+01
208.092	0.303	-0.335	7.868710e+01	1.173010e+01	-1.173039e+01
208.723	0.281	-0.328	8.325755e+01	1.250517e+01	-1.250548e+01
209.364	0.275	-0.360	8.088622e+01	1.192614e+01	-1.192645e+01
209.990	0.330	-0.352	7.165189e+01	1.109528e+01	-1.109553e+01
210.588	0.269	-0.268	9.220407e+01	1.400774e+01	-1.400808e+01
211.232	0.465	-0.375	5.899479e+01	8.962552e+00	-8.962768e+00
212.027	0.357	-0.330	7.318446e+01	1.090980e+01	-1.091008e+01
212.720	0.274	-0.336	8.000901e+01	1.238938e+01	-1.238966e+01
213.337	0.260	-0.343	8.332941e+01	1.242213e+01	-1.242243e+01
214.012	0.341	-0.415	6.646738e+01	9.908476e+00	-9.908728e+00
214.818	0.412	-0.465	5.648333e+01	8.581005e+00	-8.581211e+00
215.530	0.276	-0.300	8.718726e+01	1.299723e+01	-1.299755e+01
216.211	0.374	-0.404	6.003123e+01	9.854529e+00	-9.854726e+00
217.020	0.384	-0.436	6.038982e+01	9.174476e+00	-9.174690e+00
217.840	0.408	-0.436	5.957430e+01	8.880901e+00	-8.881123e+00
218.814	0.391	-0.566	5.173861e+01	7.860181e+00	-7.860368e+00
219.579	0.368	-0.374	6.771762e+01	1.009484e+01	-1.009508e+01
220.443	0.449	-0.496	5.317932e+01	7.927584e+00	-7.927782e+00
221.304	0.404	-0.413	6.113218e+01	9.355050e+00	-9.355273e+00
222.240	0.489	-0.532	4.849513e+01	7.367430e+00	-7.367606e+00
223.157	0.284	-0.428	7.059553e+01	1.052386e+01	-1.052412e+01
223.852	0.394	-0.411	6.158274e+01	9.355713e+00	-9.355937e+00
224.685	0.355	-0.440	6.317274e+01	9.417335e+00	-9.417575e+00
225.469	0.414	-0.429	5.872336e+01	8.921313e+00	-8.921527e+00
226.243	0.391	-0.360	6.691527e+01	9.975233e+00	-9.975476e+00
226.970	0.317	-0.336	7.584741e+01	1.152281e+01	-1.152308e+01
227.677	0.365	-0.390	6.661369e+01	9.930289e+00	-9.930544e+00
228.437	0.404	-0.395	5.933080e+01	9.550115e+00	-9.550324e+00
229.255	0.407	-0.415	6.027854e+01	9.157577e+00	-9.157796e+00
230.122	0.414	-0.460	5.589930e+01	8.655991e+00	-8.656184e+00
230.852	0.349	-0.316	7.554043e+01	1.126101e+01	-1.126129e+01
231.538	0.398	-0.337	6.743023e+01	1.024407e+01	-1.024432e+01
232.464	0.453	-0.527	5.054204e+01	7.678399e+00	-7.678584e+00
233.357	0.467	-0.440	5.539549e+01	8.257954e+00	-8.258158e+00
234.211	0.503	-0.387	5.650340e+01	8.423112e+00	-8.423320e+00
235.119	0.477	-0.405	5.614649e+01	8.529839e+00	-8.530050e+00
236.064	0.405	-0.468	5.671825e+01	8.616699e+00	-8.616909e+00
236.937	0.395	-0.468	5.825093e+01	8.683629e+00	-8.683851e+00
237.831	0.398	-0.499	5.605502e+01	8.356273e+00	-8.356483e+00
238.663	0.359	-0.434	6.242359e+01	9.483454e+00	-9.483680e+00
239.372	0.264	-0.350	8.069550e+01	1.225935e+01	-1.225964e+01
239.998	0.520	-0.362	5.694011e+01	8.488223e+00	-8.488441e+00
240.919	0.391	-0.400	6.346839e+01	9.461406e+00	-9.461645e+00
241.747	0.451	-0.436	5.660043e+01	8.437581e+00	-8.437793e+00
242.581	0.336	-0.383	6.891078e+01	1.046900e+01	-1.046925e+01
243.262	0.544	-0.345	5.648575e+01	8.420479e+00	-8.420686e+00
244.180	0.367	-0.373	6.789159e+01	1.012078e+01	-1.012104e+01
244.955	0.483	-0.408	5.637301e+01	8.403684e+00	-8.403901e+00
245.904	0.525	-0.466	4.925961e+01	7.627845e+00	-7.628022e+00
246.781	0.361	-0.352	7.043110e+01	1.049935e+01	-1.049962e+01
247.643	0.427	-0.500	5.343562e+01	8.117998e+00	-8.118196e+00
248.396	0.348	-0.326	7.451953e+01	1.110883e+01	-1.110912e+01
249.151	0.392	-0.407	6.291291e+01	9.378588e+00	-9.378813e+00
250.056	0.415	-0.513	5.411977e+01	8.067775e+00	-8.067972e+00
250.861	0.288	-0.390	7.414730e+01	1.105334e+01	-1.105361e+01
251.580	0.429	-0.431	5.848881e+01	8.719079e+00	-8.719292e+00
252.252	0.305	-0.243	9.041253e+01	1.373555e+01	-1.373587e+01
253.025	0.362	-0.469	6.049271e+01	9.017812e+00	-9.018039e+00
253.800	0.448	-0.413	5.753534e+01	8.740826e+00	-8.741034e+00
254.647	0.393	-0.399	6.348335e+01	9.463625e+00	-9.463854e+00
255.379	0.469	-0.339	6.222487e+01	9.276016e+00	-9.276236e+00
256.409	0.450	-0.561	4.973609e+01	7.414285e+00	-7.414463e+00
257.342	0.486	-0.483	5.183504e+01	7.727187e+00	-7.727379e+00
258.406	0.460	-0.579	4.837349e+01	7.211164e+00	-7.211343e+00
259.408	0.471	-0.541	4.823072e+01	7.468517e+00	-7.468686e+00
260.386	0.408	-0.507	5.494174e+01	8.190307e+00	-8.190505e+00
261.232	0.480	-0.438	5.238644e+01	8.269867e+00	-8.270047e+00
262.257	0.432	-0.545	5.143969e+01	7.668249e+00	-7.668437e+00
263.220	0.523	-0.532	4.762266e+01	7.099239e+00	-7.099417e+00
264.253	0.531	-0.510	4.758488e+01	7.229145e+00	-7.229318e+00
265.384	0.514	-0.599	4.511188e+01	6.724952e+00	-6.725122e+00
266.588	0.504	-0.690	4.208649e+01	6.273946e+00	-6.274103e+00
267.467	0.408	-0.375	6.418188e+01	9.567758e+00	-9.567991e+00
268.450	0.451	-0.576	4.894328e+01	7.296104e+00	-7.296284e+00
269.211	0.247	-0.310	9.022308e+01	1.344979e+01	-1.345013e+01
269.956	0.528	-0.498	4.894600e+01	7.296506e+00	-7.296682e+00
270.965	0.406	-0.480	5.673220e+01	8.457213e+00	-8.457417e+00
272.082	0.591	-0.711	3.859644e+01	5.753671e+00	-5.753811e+00
273.253	0.493	-0.580	4.685342e+01	6.984563e+00	-6.984735e+00
274.258	0.498	-0.512	4.973977e+01	7.414837e+00	-7.415017e+00
275.198	0.421	-0.442	5.825285e+01	8.683897e+00	-8.684104e+00
276.073	0.363	-0.454	6.067440e+01	9.217700e+00	-9.217906e+00
276.964	0.529	-0.528	4.756400e+01	7.090481e+00	-7.090649e+00
277.976	0.541	-0.483	4.904938e+01	7.311917e+00	-7.312094e+00
279.076	0.591	-0.558	4.186460e+01	6.608856e+00	-6.608996e+00
280.088	0.468	-0.421	5.569910e+01	8.461856e+00	-8.462051e+00
281.199	0.508	-0.643	4.366656e+01	6.509487e+00	-6.509645e+00
282.238	0.517	-0.531	4.796620e+01	7.150451e+00	-7.150630e+00
283.233	0.563	-0.478	4.829417e+01	7.199341e+00	-7.199520e+00
284.424	0.516	-0.628	4.268429e+01	6.609655e+00	-6.609807e+00
285.443	0.454	-0.503	5.176320e+01	7.863917e+00	-7.864103e+00
286.358	0.422	-0.461	5.696082e+01	8.491296e+00	-8.491502e+00
287.342	0.397	-0.562	5.092021e+01	7.884979e+00	-7.885154e+00
288.334	0.671	-0.595	3.967961e+01	5.915139e+00	-5.915282e+00
289.677	0.508	-0.672	4.261358e+01	6.352513e+00	-6.352665e+00
290.710	0.443	-0.525	5.193399e+01	7.741935e+00	-7.742126e+00
291.679	0.499	-0.526	4.834530e+01	7.344668e+00	-7.344845e+00
292.780	0.654	-0.602	4.001168e+01	5.964652e+00	-5.964803e+00
294.029	0.504	-0.596	4.672433e+01	6.889196e+00	-6.889371e+00
295.011	0.403	-0.477	5.706646e+01	8.507046e+00	-8.507254e+00
295.945	0.379	-0.532	5.359869e+01	8.299745e+00	-8.299932e+00
296.753	0.390	-0.429	6.140831e+01	9.154300e+00	-9.154527e+00
297.797	0.640	-0.654	3.830179e+01	5.818847e+00	-5.818988e+00
298.942	0.555	-0.506	4.739514e+01	7.065319e+00	-7.065493e+00
300.047	0.610	-0.550	4.332557e+01	6.458655e+00	-6.458813e+00
301.160	0.644	-0.504	4.254563e+01	6.588181e+00	-6.588329e+00
302.414	0.572	-0.609	4.132909e+01	6.399800e+00	-6.399943e+00
303.408	0.475	-0.422	5.604905e+01	8.355373e+00	-8.355573e+00
304.523	0.463	-0.640	4.491321e+01	6.823256e+00	-6.823415e+00
305.429	0.430	-0.443	5.753499e+01	8.576889e+00	-8.577098e+00
306.313	0.571	-0.454	4.834410e+01	7.344482e+00	-7.344656e+00
307.433	0.455	-0.549	5.008821e+01	7.466776e+00	-7.466955e+00
308.286	0.553	-0.399	5.129567e+01	7.943118e+00	-7.943293e+00
309.374	0.445	-0.535	4.980618e+01	7.712476e+00	-7.712649e+00
310.460	0.544	-0.641	4.241565e+01	6.323008e+00	-6.323161e+00
311.563	0.550	-0.559	4.534443e+01	6.759610e+00	-6.759773e+00
312.669	0.492	-0.556	4.796151e+01	7.149745e+00	-7.149918e+00
313.651	0.387	-0.490	5.648315e+01	8.580972e+00	-8.581172e+00
314.653	0.500	-0.616	4.441176e+01	6.747072e+00	-6.747227e+00
315.810	0.651	-0.657	3.843468e+01	5.729557e+00	-5.729696e+00
317.044	0.730	-0.583	3.773207e+01	5.732291e+00	-5.732425e+00
318.351	0.470	-0.578	4.727774e+01	7.182481e+00	-7.182652e+00
319.467	0.519	-0.645	4.319391e+01	6.439026e+00	-6.439183e+00
320.742	0.613	-0.757	3.668725e+01	5.469066e+00	-5.469201e+00
321.940	0.456	-0.585	4.828989e+01	7.198697e+00	-7.198871e+00
323.008	0.578	-0.612	4.162358e+01	6.323492e+00	-6.323640e+00
324.251	0.543	-0.665	4.100295e+01	6.229208e+00	-6.229355e+00
325.352	0.656	-0.557	4.141350e+01	6.173619e+00	-6.173771e+00
326.543	0.449	-0.535	5.107340e+01	7.613649e+00	-7.613840e+00
327.570	0.580	-0.578	4.276642e+01	6.497118e+00	-6.497273e+00
328.588	0.583	-0.438	4.850376e+01	7.368739e+00	-7.368914e+00
329.741	0.718	-0.570	3.901015e+01	5.815347e+00	-5.815492e+00
331.078	0.476	-0.618	4.592614e+01	6.846326e+00	-6.846490e+00
331.977	0.521	-0.423	5.318874e+01	7.928977e+00	-7.929165e+00
333.073	0.591	-0.575	4.312067e+01	6.428108e+00	-6.428262e+00
334.256	0.701	-0.593	3.885089e+01	5.791604e+00	-5.791745e+00
335.513	0.559	-0.556	4.440890e+01	6.746641e+00	-6.746799e+00
336.726	0.673	-0.654	3.786450e+01	5.644559e+00	-5.644696e+00
337.883	0.508	-0.483	5.071311e+01	7.559937e+00	-7.560124e+00
338.935	0.699	-0.544	3.925756e+01	6.079026e+00	-6.079166e+00
340.250	0.676	-0.616	3.977274e+01	5.864229e+00	-5.864377e+00
341.560	0.659	-0.635	3.829987e+01	5.818555e+00	-5.818693e+00
342.999	0.581	-0.780	3.692416e+01	5.504382e+00	-5.504518e+00
344.367	0.747	-0.787	3.276912e+01	4.884980e+00	-4.885101e+00
345.649	0.550	-0.535	4.628398e+01	6.899676e+00	-6.899847e+00
346.938	0.698	-0.739	3.494186e+01	5.208876e+00	-5.209006e+00
348.293	0.505	-0.656	4.323634e+01	6.445358e+00	-6.445519e+00
349.554	0.680	-0.756	3.448644e+01	5.239217e+00	-5.239343e+00
350.719	0.492	-0.485	5.142611e+01	7.666231e+00	-7.666425e+00
351.856	0.722	-0.645	3.676165e+01	5.480160e+00	-5.480299e+00
353.141	0.644	-0.564	4.158015e+01	6.198468e+00	-6.198626e+00
354.389	0.656	-0.603	3.930815e+01	5.971736e+00	-5.971881e+00
355.812	0.590	-0.767	3.700444e+01	5.516352e+00	-5.516489e+00
357.390	0.792	-0.987	2.783285e+01	4.228394e+00	-4.228494e+00
358.938	0.720	-0.757	3.353319e+01	5.094396e+00	-5.094517e+00
360.227	0.559	-0.569	4.389932e+01	6.669231e+00	-6.669391e+00
361.457	0.487	-0.671	4.337228e+01	6.465623e+00	-6.465786e+00
362.646	0.593	-0.702	3.964671e+01	5.845652e+00	-5.845804e+00
363.943	0.670	-0.704	3.738703e+01	5.512477e+00	-5.512622e+00
365.479	0.675	-0.866	3.167406e+01	4.904728e+00	-4.904845e+00
366.798	0.747	-0.644	3.611927e+01	5.384401e+00	-5.384539e+00
368.170	0.738	-0.625	3.635335e+01	5.522843e+00	-5.522980e+00
369.602	0.681	-0.695	3.654446e+01	5.447784e+00	-5.447922e+00
371.002	0.535	-0.719	3.892652e+01	6.027767e+00	-6.027907e+00
372.133	0.525	-0.596	4.356010e+01	6.745275e+00	-6.745430e+00
373.324	0.620	-0.666	3.907174e+01	5.824528e+00	-5.824671e+00
374.728	1.021	-0.783	2.746140e+01	4.171964e+00	-4.172064e+00
376.608	0.798	-0.860	2.987742e+01	4.539009e+00	-4.539119e+00
378.020	0.605	-0.613	4.006146e+01	6.203515e+00	-6.203660e+00
379.219	0.691	-0.593	3.856603e+01	5.858992e+00	-5.859133e+00
380.628	0.737	-0.718	3.403959e+01	5.171329e+00	-5.171452e+00
382.093	0.696	-0.727	3.530955e+01	5.263686e+00	-5.263814e+00
383.617	0.947	-0.828	2.790048e+01	4.238666e+00	-4.238764e+00
385.608	0.827	-1.044	2.646852e+01	4.021122e+00	-4.021216e+00
387.157	0.702	-0.721	3.480692e+01	5.287899e+00	-5.288022e+00
388.629	0.796	-0.770	3.210132e+01	4.785425e+00	-4.785540e+00
390.341	0.661	-0.917	3.184798e+01	4.747659e+00	-4.747773e+00
391.882	0.855	-0.880	2.897323e+01	4.319113e+00	-4.319217e+00
393.464	0.751	-0.726	3.403513e+01	5.073703e+00	-5.073825e+00
394.752	0.490	-0.538	4.887396e+01	7.285766e+00	-7.285942e+00
396.150	0.956	-0.907	2.659634e+01	4.040540e+00	-4.040635e+00
397.825	0.783	-0.720	3.247611e+01	5.028919e+00	-5.029032e+00
399.310	0.770	-0.701	3.415017e+01	5.090855e+00	-5.090980e+00
400.891	0.710	-0.811	3.303133e+01	4.924067e+00	-4.924189e+00
402.465	0.898	-0.864	2.812007e+01	4.272031e+00	-4.272133e+00
404.211	0.881	-0.848	2.905532e+01	4.331354e+00	-4.331461e+00
405.952	0.577	-0.861	3.395507e+01	5.257934e+00	-5.258053e+00
407.363	1.084	-0.834	2.619862e+01	3.905495e+00	-3.905589e+00
409.330	0.818	-0.883	2.912539e+01	4.424755e+00	-4.424857e+00
410.951	0.787	-0.803	3.159864e+01	4.710491e+00	-4.710605e+00
412.576	0.714	-0.837	3.193371e+01	4.851400e+00	-4.851514e+00
414.010	0.756	-0.720	3.403516e+01	5.073711e+00	-5.073835e+00
415.702	0.931	-0.935	2.692987e+01	4.014506e+00	-4.014605e+00
417.450	0.662	-0.817	3.399421e+01	5.067606e+00	-5.067731e+00
418.687	0.711	-0.576	3.907245e+01	5.824634e+00	-5.824777e+00
420.257	0.801	-0.859	2.984611e+01	4.534251e+00	-4.534358e+00
421.926	0.754	-0.868	3.053359e+01	4.638691e+00	-4.638800e+00
423.711	0.985	-1.030	2.457778e+01	3.733879e+00	-3.733967e+00
425.638	1.010	-0.942	2.575191e+01	3.838905e+00	-3.838999e+00
427.584	0.750	-0.936	2.937408e+01	4.462540e+00	-4.462645e+00
429.093	0.698	-0.759	3.400128e+01	5.165508e+00	-5.165629e+00
430.626	0.781	-0.834	2.977629e+01	4.700567e+00	-4.700668e+00
432.405	0.813	-0.998	2.734711e+01	4.154596e+00	-4.154691e+00
434.006	0.639	-0.788	3.421005e+01	5.297416e+00	-5.297534e+00
435.355	0.653	-0.710	3.686978e+01	5.496274e+00	-5.496408e+00
436.840	0.689	-0.832	3.303190e+01	4.924153e+00	-4.924276e+00
438.354	0.771	-0.825	3.148524e+01	4.693590e+00	-4.693708e+00
440.107	0.815	-0.982	2.796283e+01	4.168493e+00	-4.168596e+00
441.783	0.742	-0.861	3.135179e+01	4.673693e+00	-4.673807e+00
443.340	0.819	-0.816	3.030017e+01	4.603229e+00	-4.603337e+00
445.349	1.004	-1.189	2.258382e+01	3.430955e+00	-3.431035e+00
446.945	0.723	-0.592	3.822576e+01	5.698413e+00	-5.698551e+00
448.622	0.824	-0.954	2.827714e+01	4.215346e+00	-4.215449e+00
450.324	0.828	-0.879	2.903699e+01	4.411327e+00	-4.411432e+00
452.170	1.063	-1.018	2.345335e+01	3.631748e+00	-3.631832e+00
453.983	0.718	-0.750	3.423574e+01	5.103613e+00	-5.103739e+00
455.596	0.795	-0.895	2.888273e+01	4.472487e+00	-4.472590e+00
457.396	0.879	-1.005	2.667090e+01	3.975903e+00	-3.976001e+00
459.220	0.795	-0.945	2.846783e+01	4.324861e+00	-4.324964e+00
460.847	1.014	-0.831	2.684821e+01	4.078807e+00	-4.078904e+00
462.606	0.656	-0.746	3.533136e+01	5.367575e+00	-5.367703e+00
463.977	0.842	-0.715	3.227782e+01	4.811740e+00	-4.811859e+00
465.458	0.615	-0.640	4.006114e+01	5.972021e+00	-5.972170e+00
467.178	0.839	-1.105	2.547135e+01	3.869633e+00	-3.869726e+00
468.868	0.935	-0.850	2.775692e+01	4.216860e+00	-4.216962e+00
470.704	0.850	-0.902	2.867320e+01	4.274389e+00	-4.274495e+00
472.466	0.868	-0.911	2.824412e+01	4.210425e+00	-4.210529e+00
474.237	0.765	-0.904	2.968955e+01	4.510465e+00	-4.510571e+00
475.991	0.851	-0.988	2.754001e+01	4.136469e+00	-4.136568e+00
477.806	0.685	-0.964	3.047663e+01	4.543230e+00	-4.543341e+00
479.412	0.880	-0.921	2.791683e+01	4.161633e+00	-4.161734e+00
481.156	1.036	-0.864	2.607585e+01	3.961467e+00	-3.961560e+00
483.036	0.860	-0.844	2.907001e+01	4.416343e+00	-4.416446e+00
484.692	0.800	-0.796	3.059471e+01	4.737583e+00	-4.737690e+00
486.577	0.838	-1.085	2.613267e+01	3.895665e+00	-3.895760e+00
488.286	0.859	-0.870	2.906320e+01	4.332527e+00	-4.332632e+00
489.935	0.710	-0.790	3.351024e+01	4.995458e+00	-4.995580e+00
491.264	0.566	-0.619	4.181143e+01	6.352034e+00	-6.352184e+00
493.203	1.117	-1.374	2.017826e+01	3.008026e+00	-3.008100e+00
495.342	1.001	-1.022	2.449104e+01	3.720702e+00	-3.720790e+00
497.428	0.742	-1.085	2.711380e+01	4.119152e+00	-4.119248e+00
498.936	0.987	-0.765	2.867906e+01	4.275260e+00	-4.275363e+00
501.232	0.945	-1.309	2.197795e+01	3.338911e+00	-3.338990e+00
502.819	0.719	-0.642	3.692664e+01	5.504752e+00	-5.504888e+00
504.888	1.586	-1.350	1.687558e+01	2.563755e+00	-2.563816e+00
507.561	1.101	-1.087	2.263629e+01	3.438929e+00	-3.439011e+00
509.636	0.973	-0.974	2.544988e+01	3.866372e+00	-3.866464e+00
511.750	0.878	-1.141	2.488577e+01	3.709788e+00	-3.709880e+00
513.541	1.170	-0.913	2.377659e+01	3.612165e+00	-3.612252e+00
515.931	1.107	-1.220	2.097907e+01	3.248610e+00	-3.248689e+00
518.054	0.939	-1.016	2.570365e+01	3.831719e+00	-3.831822e+00
520.150	1.229	-1.157	2.106475e+01	3.140182e+00	-3.140263e+00
522.471	1.212	-1.092	2.181295e+01	3.251715e+00	-3.251796e+00
524.616	0.857	-0.933	2.807930e+01	4.185856e+00	-4.185959e+00
526.244	0.761	-0.771	3.234061e+01	4.913216e+00	-4.913332e+00
528.211	1.199	-1.207	2.089563e+01	3.114966e+00	-3.115042e+00
530.702	1.438	-1.292	1.815360e+01	2.757911e+00	-2.757975e+00
533.262	1.409	-1.123	1.985289e+01	2.959520e+00	-2.959590e+00
535.550	1.098	-0.879	2.506556e+01	3.807984e+00	-3.808072e+00
538.031	1.052	-1.384	2.063445e+01	3.076032e+00	-3.076107e+00
540.161	0.975	-1.078	2.447835e+01	3.649052e+00	-3.649141e+00
542.260	1.579	-1.124	1.859672e+01	2.772261e+00	-2.772328e+00
545.101	0.957	-1.262	2.232983e+01	3.392371e+00	-3.392453e+00
547.159	1.370	-1.101	2.033735e+01	3.031747e+00	-3.031826e+00
549.658	1.162	-1.129	2.193370e+01	3.269717e+00	-3.269800e+00
552.138	1.272	-1.318	1.940316e+01	2.892478e+00	-2.892548e+00
554.695	0.913	-1.284	2.254895e+01	3.425656e+00	-3.425735e+00
557.034	1.292	-1.427	1.848874e+01	2.756165e+00	-2.756233e+00
559.214	0.852	-0.888	2.887218e+01	4.304053e+00	-4.304161e+00
561.035	1.001	-0.968	2.441322e+01	3.853941e+00	-3.854028e+00
562.813	0.908	-0.777	2.938905e+01	4.464818e+00	-4.464928e+00
565.314	1.542	-1.593	1.556676e+01	2.410511e+00	-2.410568e+00
567.913	1.045	-1.058	2.388687e+01	3.560879e+00	-3.560968e+00
570.423	1.120	-1.465	1.916421e+01	2.911445e+00	-2.911513e+00
572.589	0.819	-1.045	2.695594e+01	4.018390e+00	-4.018487e+00
574.667	0.842	-1.259	2.392040e+01	3.565874e+00	-3.565960e+00
576.964	0.919	-1.455	2.117683e+01	3.156883e+00	-3.156958e+00
579.211	1.177	-1.328	1.977768e+01	3.004643e+00	-3.004713e+00
582.044	1.596	-1.656	1.501358e+01	2.324851e+00	-2.324905e+00
585.178	1.299	-1.538	1.745938e+01	2.652447e+00	-2.652510e+00
587.988	1.154	-1.511	1.885912e+01	2.811377e+00	-2.811444e+00
590.538	1.487	-1.395	1.693882e+01	2.622973e+00	-2.623032e+00
593.380	1.355	-1.355	1.854460e+01	2.764493e+00	-2.764562e+00
595.803	1.281	-1.069	2.138037e+01	3.187230e+00	-3.187310e+00
598.501	1.572	-1.416	1.670556e+01	2.556449e+00	-2.556510e+00
601.741	1.468	-1.667	1.580294e+01	2.400797e+00	-2.400853e+00
604.391	1.329	-1.183	2.000751e+01	2.982570e+00	-2.982641e+00
607.083	1.400	-1.363	1.793148e+01	2.724167e+00	-2.724231e+00
609.849	1.371	-1.365	1.810637e+01	2.750737e+00	-2.750802e+00
612.456	1.256	-1.236	2.016592e+01	3.006185e+00	-3.006259e+00
615.256	1.202	-1.544	1.804915e+01	2.742044e+00	-2.742107e+00
618.099	1.540	-1.642	1.580149e+01	2.355567e+00	-2.355623e+00
621.505	1.827	-1.866	1.360913e+01	2.028747e+00	-2.028795e+00
624.347	1.218	-1.015	2.218794e+01	3.370812e+00	-3.370890e+00
626.792	1.151	-1.227	2.112823e+01	3.149639e+00	-3.149715e+00
628.897	0.993	-0.954	2.582140e+01	3.849263e+00	-3.849356e+00
631.240	1.253	-1.350	1.903334e+01	2.891563e+00	-2.891632e+00
634.040	1.272	-1.548	1.782314e+01	2.656943e+00	-2.657008e+00
636.693	1.559	-1.381	1.710048e+01	2.549212e+00	-2.549273e+00
639.336	1.113	-1.084	2.254812e+01	3.425529e+00	-3.425608e+00
641.873	1.350	-1.424	1.708660e+01	2.750321e+00	-2.750377e+00
644.489	1.157	-1.267	2.044534e+01	3.106074e+00	-3.106145e+00
647.085	1.396	-1.439	1.748063e+01	2.655673e+00	-2.655735e+00
649.851	1.150	-1.371	1.965210e+01	2.985566e+00	-2.985635e+00
652.299	0.983	-1.298	2.203581e+01	3.284934e+00	-3.285013e+00
654.673	1.496	-1.391	1.740583e+01	2.594731e+00	-2.594794e+00
657.254	1.140	-1.084	2.227732e+01	3.384391e+00	-3.384471e+00
659.857	1.516	-1.464	1.638427e+01	2.537101e+00	-2.537159e+00
662.779	1.382	-1.406	1.802798e+01	2.687480e+00	-2.687547e+00
665.917	1.726	-1.755	1.381752e+01	2.181273e+00	-2.181321e+00
669.314	1.576	-1.671	1.547949e+01	2.307568e+00	-2.307626e+00
672.543	1.496	-1.653	1.596048e+01	2.379271e+00	-2.379329e+00
675.553	1.710	-1.514	1.536825e+01	2.334759e+00	-2.334814e+00
679.431	1.722	-2.169	1.291759e+01	1.925658e+00	-1.925705e+00
682.879	1.632	-1.725	1.475762e+01	2.241992e+00	-2.242044e+00
686.375	1.319	-1.864	1.511537e+01	2.386154e+00	-2.386206e+00
689.168	1.579	-1.474	1.646214e+01	2.454054e+00	-2.454114e+00
692.562	1.736	-1.815	1.415276e+01	2.109788e+00	-2.109839e+00
695.746	1.374	-1.448	1.755740e+01	2.667336e+00	-2.667398e+00
698.620	1.325	-1.500	1.827508e+01	2.724314e+00	-2.724380e+00
701.510	1.157	-1.565	1.820335e+01	2.873633e+00	-2.873698e+00
703.818	1.368	-1.151	2.054807e+01	3.063158e+00	-3.063236e+00
706.723	1.603	-1.537	1.623934e+01	2.467098e+00	-2.467158e+00
710.061	1.756	-1.734	1.419258e+01	2.156151e+00	-2.156202e+00
713.745	1.135	-1.928	1.640484e+01	2.445512e+00	-2.445571e+00
716.535	1.673	-1.654	1.510639e+01	2.251948e+00	-2.252001e+00
720.166	1.714	-1.958	1.368639e+01	2.040263e+00	-2.040312e+00
723.509	1.307	-1.629	1.687611e+01	2.563833e+00	-2.563892e+00
726.232	1.096	-1.416	2.000620e+01	2.982374e+00	-2.982445e+00
728.974	1.563	-1.646	1.565942e+01	2.334389e+00	-2.334445e+00
732.332	1.899	-1.795	1.341445e+01	2.037935e+00	-2.037981e+00
735.636	1.484	-1.406	1.714812e+01	2.605159e+00	-2.605221e+00
738.195	1.236	-1.075	2.174878e+01	3.242150e+00	-3.242232e+00
741.242	1.278	-1.811	1.604092e+01	2.436952e+00	-2.437011e+00
744.545	1.798	-2.025	1.314567e+01	1.959659e+00	-1.959707e+00
747.963	1.742	-1.620	1.452062e+01	2.248514e+00	-2.248565e+00
751.432	2.058	-1.727	1.328163e+01	1.979926e+00	-1.979974e+00
755.639	1.905	-2.150	1.204205e+01	1.864709e+00	-1.864751e+00
759.042	1.676	-1.498	1.538326e+01	2.382094e+00	-2.382147e+00
762.867	2.153	-2.149	1.151611e+01	1.749536e+00	-1.749575e+00
766.626	1.554	-1.605	1.590568e+01	2.371099e+00	-2.371156e+00
769.862	1.754	-1.682	1.421148e+01	2.200645e+00	-2.200694e+00
773.405	1.541	-1.790	1.508718e+01	2.249086e+00	-2.249141e+00
777.010	2.069	-2.064	1.181100e+01	1.828932e+00	-1.828974e+00
781.118	1.564	-2.039	1.394688e+01	2.079098e+00	-2.079150e+00
784.392	1.768	-1.710	1.424338e+01	2.163867e+00	-2.163918e+00
787.979	1.485	-1.819	1.521225e+01	2.267727e+00	-2.267781e+00
791.203	1.821	-1.739	1.411743e+01	2.104522e+00	-2.104573e+00
795.042	1.986	-2.019	1.236862e+01	1.879054e+00	-1.879099e+00
799.094	1.795	-2.066	1.283017e+01	1.949173e+00	-1.949220e+00
802.531	1.404	-1.642	1.626249e+01	2.470613e+00	-2.470671e+00
806.284	1.918	-2.348	1.161268e+01	1.764208e+00	-1.764248e+00
810.263	2.249	-2.062	1.165915e+01	1.738058e+00	-1.738100e+00
814.433	1.429	-1.921	1.436066e+01	2.267012e+00	-2.267061e+00
817.519	1.927	-1.656	1.402668e+01	2.090992e+00	-2.091042e+00
821.695	2.307	-2.249	1.071610e+01	1.659384e+00	-1.659421e+00
825.818	1.811	-1.816	1.326158e+01	2.093508e+00	-2.093553e+00
829.615	1.904	-1.986	1.292246e+01	1.926385e+00	-1.926431e+00
833.861	1.710	-2.342	1.240067e+01	1.848599e+00	-1.848644e+00
838.068	2.291	-2.496	1.034840e+01	1.572137e+00	-1.572173e+00
842.428	1.660	-2.069	1.328604e+01	2.018425e+00	-2.018470e+00
845.912	1.892	-1.823	1.352997e+01	2.016948e+00	-2.016997e+00
849.670	1.859	-1.867	1.329843e+01	2.020311e+00	-2.020360e+00
853.474	1.980	-1.945	1.262329e+01	1.917742e+00	-1.917787e+00
857.510	1.970	-2.056	9.808653e+00	1.673969e+00	-1.674000e+00
861.436	1.426	-1.957	9.483050e+00	1.833462e+00	-1.833487e+00
865.298	2.220	-2.436	1.064070e+01	1.616543e+00	-1.616580e+00
869.594	1.660	-2.076	1.345164e+01	2.005269e+00	-2.005317e+00
873.568	1.908	-2.314	1.190409e+01	1.774572e+00	-1.774613e+00
877.537	1.755	-2.061	1.260595e+01	1.990009e+00	-1.990051e+00
881.431	2.385	-2.140	1.095101e+01	1.663686e+00	-1.663724e+00
885.793	1.994	-1.977	1.265738e+01	1.886866e+00	-1.886910e+00
889.608	1.807	-1.821	1.326261e+01	2.093669e+00	-2.093712e+00
893.317	2.252	-1.902	1.209916e+01	1.803652e+00	-1.803695e+00
897.416	2.106	-1.847	1.253314e+01	1.904046e+00	-1.904091e+00
901.567	1.817	-2.045	8.489405e+00	1.594690e+00	-1.594714e+00
905.607	2.550	-2.222	1.053314e+01	1.570201e+00	-1.570238e+00
910.475	1.678	-2.318	1.239835e+01	1.883567e+00	-1.883610e+00
914.516	2.503	-2.363	9.722534e+00	1.512351e+00	-1.512384e+00
919.070	2.223	-2.052	1.175592e+01	1.752483e+00	-1.752524e+00
923.703	1.469	-2.409	1.277434e+01	1.940687e+00	-1.940731e+00
927.615	2.089	-2.443	1.093364e+01	1.661049e+00	-1.661087e+00
931.846	1.928	-2.142	8.055355e+00	1.513156e+00	-1.513179e+00
935.804	1.607	-2.029	1.362384e+01	2.069747e+00	-2.069795e+00
939.145	1.640	-1.735	9.927948e+00	1.812598e+00	-1.812628e+00
942.669	2.193	-1.883	1.233103e+01	1.838218e+00	-1.838262e+00
947.137	2.306	-2.275	7.157668e+00	1.344530e+00	-1.344550e+00
951.274	1.620	-1.831	9.708254e+00	1.772487e+00	-1.772515e+00
955.082	2.424	-2.188	1.074340e+01	1.632146e+00	-1.632183e+00
959.760	2.247	-2.254	1.100668e+01	1.672143e+00	-1.672181e+00
964.135	1.971	-2.128	1.208647e+01	1.836187e+00	-1.836229e+00
968.299	2.079	-2.193	1.176640e+01	1.754046e+00	-1.754087e+00
972.725	2.028	-2.347	7.495414e+00	1.407974e+00	-1.407995e+00
976.600	1.880	-1.847	8.989699e+00	1.641296e+00	-1.641322e+00
980.150	1.985	-1.670	8.972864e+00	1.685505e+00	-1.685530e+00
983.888	1.963	-1.754	9.724203e+00	1.737108e+00	-1.737137e+00
987.562	2.553	-1.711	9.952929e+00	1.614589e+00	-1.614621e+00
991.762	1.800	-1.646	9.723640e+00	1.775296e+00	-1.775324e+00
995.082	2.617	-1.520	7.927404e+00	1.489121e+00	-1.489143e+00
999.354	2.523	-1.656	9.277673e+00	1.621729e+00	-1.621757e+00
1004.370	1.863	-2.492	7.693131e+00	1.404575e+00	-1.404597e+00
1008.081	2.653	-1.849	7.444398e+00	1.359163e+00	-1.359184e+00
1012.964	2.405	-2.230	1.084537e+01	1.616745e+00	-1.616782e+00
1017.069	1.990	-1.700	8.887089e+00	1.669392e+00	-1.669417e+00
1020.926	1.703	-1.868	9.384384e+00	1.713356e+00	-1.713383e+00
1024.898	1.989	-2.269	7.702281e+00	1.446832e+00	-1.446854e+00
1028.795	2.186	-1.908	1.210191e+01	1.838531e+00	-1.838572e+00
1033.259	2.159	-2.278	1.132658e+01	1.688481e+00	-1.688520e+00
1037.664	2.225	-2.246	1.124117e+01	1.675749e+00	-1.675788e+00
1041.971	1.942	-2.083	8.326800e+00	1.520267e+00	-1.520291e+00
1045.846	2.128	-1.933	1.219866e+01	1.853230e+00	-1.853272e+00
1050.211	1.996	-2.237	1.170588e+01	1.778367e+00	-1.778407e+00
1053.798	2.423	-1.591	9.739767e+00	1.646332e+00	-1.646363e+00
1058.414	1.612	-2.193	8.804939e+00	1.607565e+00	-1.607591e+00
1061.788	2.096	-1.761	8.500744e+00	1.596819e+00	-1.596843e+00
1066.564	1.375	-2.680	8.086783e+00	1.519059e+00	-1.519082e+00
1070.068	1.964	-2.130	8.183995e+00	1.494195e+00	-1.494219e+00
1074.006	2.230	-1.974	7.968306e+00	1.454816e+00	-1.454839e+00
1078.815	1.795	-2.578	7.660319e+00	1.398586e+00	-1.398609e+00
1082.584	1.640	-1.975	9.267799e+00	1.692071e+00	-1.692097e+00
1086.689	1.712	-2.464	7.852917e+00	1.475129e+00	-1.475151e+00
1090.486	2.384	-2.085	7.176640e+00	1.387539e+00	-1.387558e+00
1095.007	1.606	-2.138	8.759717e+00	1.645466e+00	-1.645491e+00
1099.113	2.396	-2.500	6.843582e+00	1.249469e+00	-1.249489e+00
1103.233	1.978	-1.725	9.653547e+00	1.706533e+00	-1.706563e+00
1107.533	1.977	-2.322	6.794377e+00	1.480711e+00	-1.480727e+00
1111.292	1.727	-1.783	9.659508e+00	1.783335e+00	-1.783363e+00
1115.001	2.291	-1.981	7.508328e+00	1.451668e+00	-1.451690e+00
1119.586	2.422	-2.294	6.952350e+00	1.305963e+00	-1.305983e+00
1123.720	1.912	-1.712	9.047830e+00	1.699587e+00	-1.699613e+00
1127.976	2.236	-2.344	7.316454e+00	1.335804e+00	-1.335825e+00
1132.913	2.846	-2.701	6.039960e+00	1.102747e+00	-1.102765e+00
1137.892	1.681	-2.133	8.596051e+00	1.614723e+00	-1.614747e+00
1142.076	2.608	-2.503	9.832762e+00	1.465794e+00	-1.465829e+00
1146.928	2.551	-2.243	1.033311e+01	1.569815e+00	-1.569852e+00
1152.241	2.179	-2.762	6.782177e+00	1.238258e+00	-1.238277e+00
1156.169	2.752	-1.749	7.444359e+00	1.359156e+00	-1.359177e+00
1161.694	2.312	-2.773	6.590131e+00	1.203194e+00	-1.203213e+00
1166.168	1.293	-2.162	9.490908e+00	1.782816e+00	-1.782843e+00
1169.911	2.100	-2.450	7.365636e+00	1.344782e+00	-1.344803e+00
1173.832	2.381	-1.822	7.803156e+00	1.465781e+00	-1.465803e+00
1178.732	2.008	-2.520	7.241840e+00	1.360342e+00	-1.360363e+00
1183.172	1.901	-2.432	7.734432e+00	1.412116e+00	-1.412139e+00
1187.020	1.987	-1.947	8.335844e+00	1.565845e+00	-1.565869e+00
1190.918	1.988	-1.912	8.592313e+00	1.568743e+00	-1.568768e+00
1195.857	1.927	-2.951	6.721905e+00	1.262674e+00	-1.262693e+00
1199.422	2.360	-1.637	8.381992e+00	1.530344e+00	-1.530369e+00
1204.204	1.745	-2.422	7.869901e+00	1.478319e+00	-1.478341e+00
1208.306	1.514	-2.357	8.285065e+00	1.601843e+00	-1.601866e+00
1212.536	1.882	-2.715	7.288670e+00	1.330731e+00	-1.330752e+00
1216.564	1.675	-2.147	8.205213e+00	1.633492e+00	-1.633514e+00
1220.826	3.167	-2.587	5.698985e+00	1.070524e+00	-1.070540e+00
1225.805	2.068	-1.812	8.450458e+00	1.587373e+00	-1.587397e+00
1230.184	1.892	-2.311	7.802952e+00	1.465743e+00	-1.465765e+00
1234.420	2.236	-2.345	7.157855e+00	1.344565e+00	-1.344585e+00
1239.362	2.335	-2.706	6.648287e+00	1.213812e+00	-1.213832e+00
1244.136	2.102	-2.439	7.380313e+00	1.347462e+00	-1.347483e+00
1249.162	2.285	-2.925	6.432524e+00	1.174419e+00	-1.174437e+00
1254.015	2.237	-2.568	6.823966e+00	1.281846e+00	-1.281866e+00
1258.621	2.445	-2.369	6.960296e+00	1.270778e+00	-1.270798e+00
1263.325	2.642	-2.258	6.692430e+00	1.257137e+00	-1.257156e+00
1268.136	2.292	-2.170	7.509292e+00	1.371010e+00	-1.371031e+00
1273.102	2.530	-2.674	6.438582e+00	1.175525e+00	-1.175543e+00
1278.619	2.080	-2.986	6.470990e+00	1.215541e+00	-1.215559e+00
1282.972	1.819	-2.273	8.187980e+00	1.494923e+00	-1.494947e+00
1287.258	2.137	-2.467	7.121320e+00	1.337702e+00	-1.337722e+00
1291.063	2.101	-1.667	8.701482e+00	1.634527e+00	-1.634551e+00
1295.857	1.667	-2.693	7.355118e+00	1.422045e+00	-1.422065e+00
1300.181	2.862	-2.657	5.941531e+00	1.116085e+00	-1.116102e+00
1305.157	1.847	-2.113	8.460854e+00	1.544742e+00	-1.544766e+00
1311.260	3.211	-4.256	4.487447e+00	8.192960e-01	-8.193086e-01
1317.940	2.596	-3.469	5.170009e+00	1.029244e+00	-1.029257e+00
1322.963	1.860	-2.428	7.814671e+00	1.426765e+00	-1.426788e+00
1327.465	2.463	-2.641	6.424241e+00	1.206759e+00	-1.206777e+00
1333.371	3.332	-3.443	4.946123e+00	9.030391e-01	-9.030530e-01
1338.894	3.135	-2.191	6.290384e+00	1.148468e+00	-1.148486e+00
1344.957	2.369	-2.927	6.190776e+00	1.162905e+00	-1.162922e+00
1350.115	3.233	-2.790	5.444865e+00	1.022789e+00	-1.022804e+00
1355.760	2.438	-2.412	6.909156e+00	1.261440e+00	-1.261460e+00
1361.264	2.967	-3.066	5.316318e+00	1.027862e+00	-1.027876e+00
1366.995	2.160	-2.765	6.512815e+00	1.259194e+00	-1.259211e+00
1371.146	2.392	-1.990	7.319463e+00	1.415152e+00	-1.415171e+00
1376.618	2.700	-3.081	5.672830e+00	1.065611e+00	-1.065627e+00
1381.916	2.625	-2.598	6.414563e+00	1.171140e+00	-1.171158e+00
! PC data
4790.933	31.956	-35.742	1.069237e+00	2.292368e-01	-2.292368e-01
4856.829	28.743	-33.940	1.093799e+00	2.407905e-01	-2.407905e-01
4911.880	23.838	-26.308	1.295678e+00	2.910576e-01	-2.910576e-01
4971.653	39.285	-35.935	8.661450e-01	1.951681e-01	-1.951681e-01
5047.771	25.850	-36.833	1.031402e+00	2.324054e-01	-2.324054e-01
5104.414	44.426	-30.794	8.586177e-01	1.946717e-01	-1.946717e-01
5179.799	26.710	-30.959	1.187739e+00	2.603234e-01	-2.603234e-01
5228.932	20.201	-22.424	1.516994e+00	3.402509e-01	-3.402509e-01
5287.604	34.241	-38.471	9.431851e-01	2.067231e-01	-2.067231e-01
5355.884	38.674	-34.039	9.519268e-01	2.095586e-01	-2.095586e-01
5436.238	36.046	-41.680	8.840620e-01	1.937648e-01	-1.937648e-01
5511.096	36.408	-38.812	8.724523e-01	1.950863e-01	-1.950863e-01
5585.581	29.620	-38.077	9.642510e-01	2.172743e-01	-2.172743e-01
5651.503	41.426	-36.301	8.901387e-01	1.948117e-01	-1.948117e-01
5729.385	33.748	-36.457	9.370066e-01	2.117880e-01	-2.117880e-01
5795.063	43.290	-31.930	8.767599e-01	1.960495e-01	-1.960495e-01
5864.519	36.517	-26.166	1.039520e+00	2.335150e-01	-2.335150e-01
5962.164	44.180	-61.128	6.223155e-01	1.404425e-01	-1.404425e-01
6076.982	39.684	-70.638	5.883681e-01	1.329866e-01	-1.329866e-01
6148.902	50.505	-32.236	8.240000e-01	1.816634e-01	-1.816634e-01
6237.285	29.821	-37.877	1.014833e+00	2.234069e-01	-2.234069e-01
6310.788	51.596	-43.683	6.820065e-01	1.534399e-01	-1.534399e-01
6411.674	48.496	-49.290	7.000417e-01	1.538822e-01	-1.538822e-01
6496.234	41.662	-36.065	8.312400e-01	1.870149e-01	-1.870149e-01
6573.605	26.975	-35.708	1.040825e+00	2.338081e-01	-2.338081e-01
6663.007	60.432	-62.427	5.217551e-01	1.188485e-01	-1.188485e-01
6813.907	57.463	-90.469	4.374902e-01	9.857952e-02	-9.857952e-02
6932.361	39.302	-60.991	6.424489e-01	1.445401e-01	-1.445401e-01
7080.968	86.246	-109.304	6.367406e-01	1.030919e-01	-1.030919e-01
10548.425	31.859	-35.839	3.538340e-01	7.930228e-02	-7.930228e-02
10612.989	37.499	-32.706	3.444820e-01	7.738489e-02	-7.738489e-02
10675.297	32.860	-24.808	4.147965e-01	9.328830e-02	-9.328830e-02
10746.985	41.406	-38.829	3.283162e-01	7.029152e-02	-7.029152e-02
10825.353	30.735	-36.963	3.545850e-01	7.947060e-02	-7.947060e-02
10897.185	41.645	-41.097	3.040480e-01	6.664099e-02	-6.664099e-02
10972.657	36.378	-33.827	3.576808e-01	7.856922e-02	-7.856922e-02
11041.986	34.746	-32.952	3.554165e-01	7.974898e-02	-7.974898e-02
11102.135	24.743	-25.403	5.274143e-01	1.125629e-01	-1.125629e-01
11175.871	38.764	-48.992	2.731576e-01	6.129158e-02	-6.129158e-02
11252.729	37.125	-38.094	3.178303e-01	7.156334e-02	-7.156334e-02
11325.689	39.385	-35.835	3.179627e-01	7.151026e-02	-7.151026e-02
11403.294	31.985	-38.220	3.417006e-01	7.667138e-02	-7.667138e-02
11470.778	34.706	-35.499	3.587420e-01	7.854228e-02	-7.854228e-02
11542.783	25.384	-37.299	4.018294e-01	8.797574e-02	-8.797574e-02
11612.349	56.111	-44.182	2.513578e-01	5.497131e-02	-5.497131e-02
11702.048	24.080	-33.588	4.167432e-01	9.329402e-02	-9.329402e-02
11756.205	22.577	-30.077	4.549369e-01	1.021976e-01	-1.021976e-01
11824.886	41.652	-46.104	2.729001e-01	6.130463e-02	-6.130463e-02
11901.629	35.114	-35.091	3.410431e-01	7.661235e-02	-7.661235e-02
11983.098	46.416	-46.355	2.581894e-01	5.799999e-02	-5.799999e-02
12081.501	48.306	-51.987	2.373960e-01	5.363909e-02	-5.363909e-02
12197.073	65.622	-67.266	3.114518e-01	7.036015e-02	-7.036015e-02
12335.091	68.014	-72.396	2.950597e-01	6.642683e-02	-6.642683e-02
12491.904	81.700	-88.798	2.434664e-01	5.474946e-02	-5.474946e-02
12646.396	47.559	-72.793	3.156367e-01	7.105933e-02	-7.105933e-02
12749.833	56.951	-55.878	2.121812e-01	4.766466e-02	-4.766466e-02
12886.241	63.458	-79.456	3.090516e-01	5.119002e-02	-5.119002e-02
16234.936	44.003	-70.979	2.697778e-01	6.096885e-02	-6.096885e-02
16354.373	54.946	-75.434	1.823875e-01	4.121893e-02	-4.121893e-02
16496.516	50.706	-87.196	1.714151e-01	3.878526e-02	-3.878526e-02
16625.750	79.433	-78.528	1.494721e-01	3.386058e-02	-3.386058e-02
16767.204	58.330	-62.021	1.980305e-01	4.443760e-02	-4.443760e-02
16909.128	119.499	-83.594	1.994175e-01	4.553470e-02	-4.553470e-02
17099.092	54.901	-70.465	2.601541e-01	5.708712e-02	-5.708712e-02
17240.174	71.780	-86.181	1.496496e-01	3.386049e-02	-3.386049e-02
17377.170	72.687	-65.216	1.803020e-01	3.974537e-02	-3.974537e-02
17552.906	120.103	-103.049	1.061801e-01	2.396788e-02	-2.396788e-02
17718.745	59.571	-45.737	2.260466e-01	5.078424e-02	-5.078424e-02
17859.755	56.464	-81.439	1.718328e-01	3.878755e-02	-3.878755e-02
17984.754	69.367	-68.536	1.931781e-01	4.375795e-02	-4.375795e-02
18229.030	115.941	-174.909	1.735611e-01	3.961873e-02	-3.961873e-02
18410.379	59.958	-65.408	1.883235e-01	4.266177e-02	-4.266177e-02
18587.224	146.378	-116.887	1.704907e-01	2.800357e-02	-2.800357e-02
22118.602	106.042	-104.572	1.147865e-01	2.606934e-02	-2.606934e-02
22322.374	72.768	-97.730	1.415457e-01	3.203082e-02	-3.203082e-02
22495.330	122.962	-100.189	1.082574e-01	2.467575e-02	-2.467575e-02
22684.836	61.330	-66.543	1.888328e-01	4.262916e-02	-4.262916e-02
22870.444	101.381	-124.278	1.069416e-01	2.434638e-02	-2.434638e-02
23049.451	62.783	-77.627	1.804107e-01	3.981904e-02	-3.981904e-02
23196.556	91.190	-84.322	1.374099e-01	3.109493e-02	-3.109493e-02
23416.608	86.768	-128.861	8.396426e-02	2.195752e-02	-2.195752e-02
23592.560	101.372	-89.184	1.259801e-01	2.850844e-02	-2.850844e-02
23811.451	100.619	-117.518	8.247094e-02	2.156700e-02	-2.156700e-02
24025.692	109.529	-113.622	1.129918e-01	2.496735e-02	-2.496735e-02
24336.466	182.357	-201.245	1.194890e-01	1.964138e-02	-1.964138e-02
28037.865	122.939	-185.461	5.953356e-02	1.557768e-02	-1.557768e-02
28279.991	88.920	-119.187	8.837338e-02	2.298170e-02	-2.298170e-02
28488.549	128.587	-119.638	7.325286e-02	1.926688e-02	-1.926688e-02
28731.395	118.922	-114.259	1.047760e-01	2.368180e-02	-2.368180e-02
29053.990	144.845	-203.673	5.222554e-02	1.375056e-02	-1.375056e-02
29393.693	141.123	-194.858	5.444507e-02	1.423153e-02	-1.423153e-02
29696.117	142.085	-161.301	6.018150e-02	1.576348e-02	-1.576348e-02
30069.632	232.404	-231.431	7.099714e-02	1.383557e-02	-1.383557e-02
33981.301	377.177	-317.350	4.041961e-02	1.062936e-02	-1.062936e-02
34706.072	244.134	-347.594	4.501513e-02	1.178802e-02	-1.178802e-02
35104.929	176.243	-154.723	8.349236e-02	2.173813e-02	-2.173813e-02
35657.900	428.119	-376.728	4.113089e-02	9.869635e-03	-9.869635e-03
39671.749	127.597	-245.993	5.123349e-02	1.333516e-02	-1.333516e-02
40089.666	211.144	-290.320	3.839783e-02	1.002315e-02	-1.002315e-02
40442.243	116.820	-141.434	7.423475e-02	1.928863e-02	-1.928863e-02
40813.336	227.134	-254.272	3.937514e-02	1.035004e-02	-1.035004e-02
41504.737	365.636	-464.268	4.411769e-02	8.330395e-03	-8.330395e-03
45448.840	213.638	-222.635	5.166204e-02	1.301703e-02	-1.301703e-02
45863.406	245.376	-200.927	4.668424e-02	1.219329e-02	-1.219329e-02
46415.172	227.668	-306.391	3.878793e-02	1.019522e-02	-1.019522e-02
46906.308	175.314	-263.467	4.736139e-02	1.233771e-02	-1.233771e-02
47347.013	308.766	-265.390	3.838345e-02	9.835558e-03	-9.835558e-03
51297.070	269.142	-302.526	3.929725e-02	1.033145e-02	-1.033145e-02
51843.155	176.882	-276.943	4.795555e-02	1.250358e-02	-1.250358e-02
52720.062	719.099	-700.026	2.650781e-02	5.292304e-03	-5.292304e-03
