! WT data
129.355	2.189	-2.362	6.974752e+00	1.320757e+00	-1.320757e+00
134.453	2.583	-2.909	5.624700e+00	1.105279e+00	-1.105279e+00
139.781	2.559	-2.745	5.822775e+00	1.144202e+00	-1.144201e+00
145.483	2.964	-3.144	5.194700e+00	9.836819e-01	-9.836814e-01
151.228	2.141	-2.781	6.614855e+00	1.207704e+00	-1.207704e+00
155.825	4.279	-2.455	4.835719e+00	8.828792e-01	-8.828788e-01
! PC data
175.407	6.926	-13.132	3.613289e+00	7.753840e-01	-7.753840e-01
186.199	3.657	-3.865	9.707894e+00	2.069730e+00	-2.069730e+00
195.332	4.553	-5.477	9.563992e+00	1.777738e+00	-1.777738e+00
206.133	6.289	-6.248	5.492203e+00	1.206695e+00	-1.206695e+00
218.063	6.895	-5.641	5.552078e+00	1.221521e+00	-1.221521e+00
236.094	6.415	-11.136	4.386240e+00	9.157304e-01	-9.157304e-01
251.237	8.823	-8.728	3.772591e+00	8.459909e-01	-8.459909e-01
274.841	17.814	-14.781	2.125060e+00	4.637262e-01	-4.637262e-01
310.362	12.380	-17.707	2.194923e+00	4.943258e-01	-4.943258e-01
338.713	24.147	-15.970	1.637295e+00	3.671580e-01	-3.671580e-01
399.624	30.932	-36.765	1.019827e+00	2.240666e-01	-2.240666e-01
471.357	31.911	-40.801	9.047756e-01	2.034751e-01	-2.034751e-01
570.621	88.099	-67.354	4.219571e-01	9.475805e-02	-9.475805e-02
689.553	34.358	-30.832	1.002118e+00	2.253664e-01	-2.253664e-01
786.776	62.499	-62.866	5.188460e-01	1.171877e-01	-1.171877e-01
899.748	47.312	-50.473	6.637535e-01	1.497012e-01	-1.497012e-01
1012.685	97.349	-65.625	3.954669e-01	8.893662e-02	-8.893662e-02
1203.382	59.598	-93.347	2.348280e-01	5.305173e-02	-5.305173e-02
1324.153	46.641	-61.173	2.924245e-01	6.627497e-02	-6.627497e-02
1400.752	37.738	-29.959	7.216101e-01	1.480198e-01	-1.480198e-01
5226.539	49.105	-51.187	2.484254e-01	5.609567e-02	-5.609567e-02
5362.007	91.655	-86.363	1.395291e-01	3.135227e-02	-3.135227e-02
5520.501	61.034	-66.838	1.934201e-01	4.372893e-02	-4.372893e-02
5643.186	68.728	-61.652	1.878547e-01	4.241851e-02	-4.241851e-02
5821.239	88.752	-109.325	1.306512e-01	2.864322e-02	-2.864322e-02
6002.864	65.087	-92.873	1.580986e-01	3.565563e-02	-3.565563e-02
6144.295	101.675	-76.344	1.445197e-01	3.186917e-02	-3.186917e-02
6338.388	118.195	-92.418	1.170438e-01	2.665830e-02	-2.665830e-02
6568.896	98.300	-112.313	1.189844e-01	2.660571e-02	-2.660571e-02
6762.137	75.555	-94.941	1.455388e-01	3.286338e-02	-3.286338e-02
6929.770	113.385	-92.078	1.605957e-01	3.259505e-02	-3.259505e-02
51161.625	259.426	-302.211	3.392064e-02	8.868823e-03	-8.868823e-03
51707.688	217.332	-286.637	3.777050e-02	9.887285e-03	-9.887285e-03
52220.301	181.106	-295.282	3.993689e-02	1.046068e-02	-1.046068e-02
52827.150	318.921	-425.744	3.934093e-02	8.286556e-03	-8.286556e-03
! PC upper limits
1856295.638	122.142	-122.142	2.1207e-01	0.0000e+00	0.0000e+00
