! PC data
26837.014	63.964	-51.372	2.116562e-01	4.759117e-02	-4.759117e-02
26990.942	67.998	-89.963	1.554593e-01	3.519024e-02	-3.519024e-02
27128.994	62.834	-70.054	1.858585e-01	4.188377e-02	-4.188377e-02
27260.877	58.824	-69.049	1.924712e-01	4.366620e-02	-4.366620e-02
27384.494	48.036	-64.793	2.187476e-01	4.902199e-02	-4.902199e-02
27531.751	76.290	-99.222	1.463644e-01	3.217679e-02	-3.217679e-02
27674.442	79.023	-66.401	1.667731e-01	3.787858e-02	-3.787858e-02
27869.599	102.002	-116.134	1.113048e-01	2.525187e-02	-2.525187e-02
28074.950	104.758	-103.349	1.166332e-01	2.625436e-02	-2.625436e-02
28296.834	126.083	-117.126	9.926610e-02	2.264778e-02	-2.264778e-02
28518.765	92.200	-95.847	1.287518e-01	2.924292e-02	-2.924292e-02
28734.511	92.074	-123.546	1.133693e-01	2.577814e-02	-2.577814e-02
32676.775	108.378	-102.236	1.166478e-01	2.646578e-02	-2.646578e-02
32882.657	95.559	-97.504	1.280692e-01	2.892319e-02	-2.892319e-02
33061.637	117.164	-83.421	9.199979e-02	2.414612e-02	-2.414612e-02
33319.150	87.816	-140.349	1.078008e-01	2.442082e-02	-2.442082e-02
33499.319	83.159	-92.353	1.406475e-01	3.164232e-02	-3.164232e-02
33710.876	79.709	-128.398	8.876742e-02	2.320207e-02	-2.320207e-02
33905.371	90.813	-114.786	1.197073e-01	2.701399e-02	-2.701399e-02
34110.815	111.027	-114.631	9.238334e-02	2.269057e-02	-2.269057e-02
34379.376	145.842	-157.534	1.056346e-01	2.090011e-02	-2.090011e-02
38513.581	84.370	-111.200	9.536087e-02	2.485210e-02	-2.485210e-02
38719.992	98.603	-122.040	1.127479e-01	2.540717e-02	-2.540717e-02
38919.433	109.776	-100.838	8.770416e-02	2.292807e-02	-2.292807e-02
39142.922	74.336	-113.712	9.820770e-02	2.556747e-02	-2.556747e-02
39362.862	87.575	-145.605	7.948391e-02	2.084419e-02	-2.084419e-02
39678.178	188.466	-227.740	9.174165e-02	1.667645e-02	-1.667645e-02
44648.847	259.398	-297.223	6.538047e-02	1.273234e-02	-1.273234e-02
45374.981	156.779	-114.011	6.912605e-02	1.816615e-02	-1.816615e-02
45620.544	184.510	-88.785	6.819185e-02	1.788318e-02	-1.788318e-02
78982.288	150.076	-150.803	6.574815e-02	1.714194e-02	-1.714194e-02
79295.857	174.995	-163.493	5.847551e-02	1.529855e-02	-1.529855e-02
79759.078	265.892	-288.226	3.561667e-02	9.372187e-03	-9.372187e-03
80231.602	111.797	-206.632	6.386356e-02	1.666016e-02	-1.666016e-02
80605.166	159.461	-261.767	4.678762e-02	1.225486e-02	-1.225486e-02
81055.652	210.422	-291.024	5.474388e-02	1.212350e-02	-1.212350e-02
109929.924	255.048	-304.080	3.655727e-02	9.345440e-03	-9.345440e-03
