! PC data
2919.553	78.064	-122.521	1.628680e-01	3.664731e-02	-3.664731e-02
3112.299	90.916	-114.683	1.661829e-01	3.739320e-02	-3.739320e-02
3265.341	58.226	-62.125	2.802686e-01	6.319630e-02	-6.319630e-02
3458.286	146.098	-134.720	1.190853e-01	2.696514e-02	-2.696514e-02
3727.619	107.438	-123.234	1.466071e-01	3.323207e-02	-3.323207e-02
3964.332	116.442	-129.275	1.367051e-01	3.098754e-02	-3.098754e-02
4206.268	77.598	-125.494	1.643292e-01	3.732798e-02	-3.732798e-02
4388.110	91.326	-104.244	1.741470e-01	3.951635e-02	-3.951635e-02
4606.694	93.386	-127.258	1.523434e-01	3.442339e-02	-3.442339e-02
4781.934	61.063	-81.854	2.352369e-01	5.293121e-02	-5.293121e-02
5000.302	191.201	-157.305	1.101052e-01	2.323191e-02	-2.323191e-02
8921.734	91.375	-264.848	7.713301e-02	2.041129e-02	-2.041129e-02
9132.309	71.356	-119.200	1.310326e-01	2.951481e-02	-2.951481e-02
9343.372	80.936	-139.707	9.100307e-02	2.281310e-02	-2.281310e-02
9530.842	109.095	-106.534	8.684709e-02	2.268829e-02	-2.268829e-02
9749.203	123.914	-109.266	1.070291e-01	2.416126e-02	-2.416126e-02
10028.573	132.885	-155.456	6.461798e-02	1.693098e-02	-1.693098e-02
10256.862	117.717	-95.404	9.382128e-02	2.375822e-02	-2.375822e-02
10568.412	154.684	-193.833	5.709801e-02	1.509451e-02	-1.509451e-02
10829.391	141.926	-106.295	9.506046e-02	2.207928e-02	-2.207928e-02
14690.195	175.223	-256.525	5.061809e-02	1.316691e-02	-1.316691e-02
15068.942	225.226	-203.524	4.492251e-02	1.170548e-02	-1.170548e-02
15475.269	122.283	-181.101	6.897540e-02	1.791126e-02	-1.791126e-02
15841.081	242.890	-243.529	4.182951e-02	1.064471e-02	-1.064471e-02
16368.689	384.729	-284.718	5.329961e-02	1.021589e-02	-1.021589e-02
20641.633	201.989	-420.479	3.909523e-02	1.032770e-02	-1.032770e-02
20976.292	143.134	-132.670	6.948226e-02	1.811870e-02	-1.811870e-02
21331.611	178.956	-212.184	4.886265e-02	1.268981e-02	-1.268981e-02
21689.149	230.109	-178.583	4.956633e-02	1.254145e-02	-1.254145e-02
22265.076	268.465	-345.817	3.250079e-02	8.310259e-03	-8.310259e-03
26258.887	256.576	-264.944	3.628297e-02	9.483637e-03	-9.483637e-03
27096.017	281.961	-580.554	2.174694e-02	5.734672e-03	-5.734672e-03
27825.299	487.896	-447.321	3.636056e-02	7.095827e-03	-7.095827e-03
32121.888	307.905	-349.010	2.869412e-02	7.530993e-03	-7.530993e-03
32971.326	325.998	-541.532	2.159991e-02	5.702654e-03	-5.702654e-03
33761.761	332.878	-464.437	2.357169e-02	6.204846e-03	-6.204846e-03
38859.917	1015.917	-1302.779	1.477285e-02	3.047927e-03	-3.047927e-03
44704.391	950.893	-1368.407	1.348304e-02	2.804866e-03	-2.804866e-03
50518.461	919.114	-1244.649	1.256627e-02	2.866613e-03	-2.866613e-03
55889.293	1329.714	-741.316	1.500718e-02	3.101688e-03	-3.101688e-03
67682.116	1096.863	-1279.170	1.313662e-02	2.932784e-03	-2.932784e-03
76718.249	3620.385	-4536.483	1.062234e-02	1.958858e-03	-1.958858e-03
85137.333	983.487	-1392.105	7.980807e-03	2.418302e-03	-2.021820e-03
