! WT data
85.014	0.730	-0.736	3.432785e+01	5.324616e+00	-5.327503e+00
86.584	0.891	-0.839	2.997320e+01	4.472982e+00	-4.476235e+00
88.237	0.507	-0.763	4.080369e+01	6.090778e+00	-6.096124e+00
89.781	0.784	-1.036	2.847833e+01	4.253324e+00	-4.258576e+00
91.320	0.801	-0.756	3.329576e+01	4.974866e+00	-4.982494e+00
93.140	0.929	-1.019	2.660606e+01	3.978289e+00	-3.986901e+00
95.103	0.759	-1.034	2.978832e+01	4.543161e+00	-4.554925e+00
97.054	1.261	-1.191	2.259609e+01	3.384423e+00	-3.397931e+00
99.435	1.150	-1.120	2.404786e+01	3.678859e+00	-3.702237e+00
101.623	0.990	-1.038	2.731403e+01	4.106071e+00	-4.142439e+00
104.416	1.869	-1.804	1.497926e+01	2.302191e+00	-2.331198e+00
107.755	2.101	-1.470	1.627005e+01	2.462822e+00	-2.506067e+00
111.386	1.644	-1.530	1.750542e+01	2.815608e+00	-2.869450e+00
115.421	1.848	-2.392	1.385336e+01	2.119868e+00	-2.175090e+00
119.987	1.980	-2.718	1.280054e+01	1.969181e+00	-2.025163e+00
123.949	2.406	-1.982	1.350963e+01	2.123094e+00	-2.183551e+00
128.723	2.813	-2.368	1.143402e+01	1.767357e+00	-1.820315e+00
133.335	2.695	-1.799	1.296463e+01	2.048451e+00	-2.110071e+00
138.701	2.485	-2.671	1.136469e+01	1.757775e+00	-1.810807e+00
143.830	2.656	-2.644	9.311880e+00	1.550974e+00	-1.588371e+00
! PC data
156.206	6.866	-5.671	5.848462e+00	1.225697e+00	-1.225697e+00
172.228	8.396	-9.156	4.018715e+00	8.590675e-01	-8.590675e-01
185.676	4.976	-5.053	7.235235e+00	1.516331e+00	-1.516331e+00
206.851	16.396	-16.199	2.102842e+00	4.507141e-01	-4.507141e-01
237.356	15.979	-14.109	2.081478e+00	4.661115e-01	-4.661115e-01
270.601	20.344	-17.266	1.845046e+00	3.954593e-01	-3.954593e-01
315.891	25.200	-24.946	1.444968e+00	3.024457e-01	-3.024457e-01
365.696	30.556	-24.605	1.151544e+00	2.593816e-01	-2.593816e-01
423.168	23.230	-26.916	1.247597e+00	2.806057e-01	-2.806057e-01
485.917	45.728	-39.519	9.605524e-01	1.892277e-01	-1.892277e-01
3945.152	42.203	-60.597	4.286443e-01	9.383511e-02	-9.383511e-02
4077.704	85.163	-90.350	2.451925e-01	5.556592e-02	-5.556592e-02
4228.976	56.750	-66.109	3.497736e-01	7.864773e-02	-7.864773e-02
4339.350	76.757	-53.624	3.295484e-01	7.434869e-02	-7.434869e-02
4482.342	74.175	-66.235	3.005815e-01	6.758673e-02	-6.758673e-02
4642.053	59.888	-85.537	2.930659e-01	6.567717e-02	-6.567717e-02
4780.115	57.221	-78.174	3.141714e-01	7.080033e-02	-7.080033e-02
4903.497	64.220	-66.160	3.227220e-01	7.264608e-02	-7.264608e-02
5041.675	43.886	-73.958	3.616939e-01	7.926286e-02	-7.926286e-02
5143.488	57.410	-57.927	2.089664e-01	4.709962e-02	-4.709962e-02
5239.825	43.813	-38.928	2.902583e-01	6.534770e-02	-6.534770e-02
5324.719	34.139	-41.080	3.207331e-01	7.188089e-02	-7.188089e-02
5397.772	58.871	-38.914	2.471093e-01	5.538074e-02	-5.538074e-02
5506.595	47.834	-49.951	2.467156e-01	5.529251e-02	-5.529251e-02
5590.985	43.678	-36.556	3.034113e-01	6.792175e-02	-6.792175e-02
5663.853	30.985	-29.190	4.066018e-01	9.112530e-02	-9.112530e-02
5749.455	35.647	-54.617	2.674165e-01	5.999998e-02	-5.999998e-02
5830.786	54.608	-45.685	2.414086e-01	5.416459e-02	-5.416459e-02
5953.646	39.562	-68.252	2.251278e-01	5.062674e-02	-5.062674e-02
6032.288	38.647	-39.080	3.106218e-01	7.001208e-02	-7.001208e-02
6113.896	29.751	-42.961	3.392416e-01	7.611531e-02	-7.611531e-02
6241.097	73.041	-97.450	2.151202e-01	3.951402e-02	-3.951402e-02
38668.850	99.926	-123.225	8.686469e-02	2.256728e-02	-2.256728e-02
38919.142	173.078	-150.366	5.905985e-02	1.545301e-02	-1.545301e-02
39245.332	137.737	-153.112	6.646434e-02	1.726731e-02	-1.726731e-02
39477.160	189.235	-94.092	6.746815e-02	1.751260e-02	-1.751260e-02
39842.207	145.124	-175.812	5.925960e-02	1.549147e-02	-1.549147e-02
40113.759	237.132	-126.428	5.241454e-02	1.366556e-02	-1.366556e-02
40459.077	117.472	-108.185	8.482129e-02	2.209506e-02	-2.209506e-02
40781.178	226.616	-204.629	5.612530e-02	1.304813e-02	-1.304813e-02
50342.731	172.869	-170.634	5.898992e-02	1.540517e-02	-1.540517e-02
50656.684	147.257	-141.084	7.000416e-02	1.817768e-02	-1.817768e-02
50994.504	183.027	-190.563	5.361526e-02	1.397497e-02	-1.397497e-02
51431.201	245.277	-253.670	6.537524e-02	1.337615e-02	-1.337615e-02
126535.897	509.628	-1082.507	2.218851e-02	4.441411e-03	-4.441411e-03
137691.505	632.949	-715.981	1.863705e-02	4.750446e-03	-4.750446e-03
