! WT data
139.529	172.085	-71.294	5.670310e-01	1.107197e-01	-1.088777e-01
405.125	38.016	-93.511	8.127723e-01	1.613471e-01	-1.605622e-01
470.200	14.227	-27.059	1.983609e+00	3.676839e-01	-3.657720e-01
488.198	2.244	-3.772	5.361728e+00	1.009276e+00	-9.922501e-01
496.120	7.649	-5.678	4.562764e+00	8.564295e-01	-8.438574e-01
506.004	2.644	-2.236	6.443088e+00	1.250608e+00	-1.232883e+00
517.548	2.151	-8.899	6.743992e+00	1.288798e+00	-1.252200e+00
522.527	2.235	-2.828	6.209498e+00	1.230663e+00	-1.193609e+00
526.797	1.660	-2.035	8.508577e+00	1.654316e+00	-1.628739e+00
530.679	1.955	-2.222	1.158108e+01	1.803617e+00	-1.761003e+00
534.498	1.707	-1.864	9.333594e+00	1.731553e+00	-1.700278e+00
538.371	1.824	-2.166	1.151458e+01	1.926245e+00	-1.876134e+00
542.019	2.148	-1.823	1.177504e+01	1.965378e+00	-1.883539e+00
545.934	1.736	-1.767	1.381008e+01	2.163576e+00	-2.102797e+00
549.332	1.560	-1.662	1.501501e+01	2.334441e+00	-2.282276e+00
552.707	1.512	-1.815	1.429777e+01	2.285915e+00	-2.225547e+00
555.580	1.229	-1.361	1.836311e+01	2.945460e+00	-2.860434e+00
558.168	1.294	-1.359	1.793229e+01	2.886768e+00	-2.795580e+00
561.177	1.533	-1.715	1.464254e+01	2.374348e+00	-2.286399e+00
564.083	1.397	-1.372	1.718348e+01	2.751530e+00	-2.675690e+00
566.310	1.003	-0.831	2.637475e+01	4.060475e+00	-3.999814e+00
568.850	1.373	-1.536	1.663165e+01	2.553178e+00	-2.520511e+00
571.011	0.916	-0.788	2.838440e+01	4.394872e+00	-4.310326e+00
573.007	0.985	-1.080	2.342138e+01	3.649573e+00	-3.561858e+00
574.862	0.753	-0.870	2.981576e+01	4.648010e+00	-4.534751e+00
576.569	0.846	-0.955	2.686982e+01	4.189288e+00	-4.086812e+00
578.300	0.823	-0.885	2.785127e+01	4.443973e+00	-4.333297e+00
580.123	0.721	-1.000	2.764965e+01	4.431438e+00	-4.306225e+00
581.627	0.896	-0.784	2.832265e+01	4.556829e+00	-4.414838e+00
583.392	0.757	-0.869	2.875332e+01	4.759798e+00	-4.591017e+00
585.179	0.973	-1.030	2.414781e+01	3.880870e+00	-3.697778e+00
586.982	0.681	-0.830	3.202634e+01	5.213955e+00	-4.918349e+00
588.560	0.722	-0.897	2.938004e+01	4.866042e+00	-4.609188e+00
589.960	0.980	-0.678	2.868612e+01	4.714886e+00	-4.492693e+00
591.605	0.673	-0.665	3.615759e+01	5.776090e+00	-5.529434e+00
593.064	0.671	-0.786	3.264546e+01	5.287615e+00	-5.096236e+00
594.240	0.508	-0.505	4.698905e+01	7.579661e+00	-7.328711e+00
595.344	0.592	-0.596	4.070687e+01	6.407243e+00	-6.204656e+00
596.578	0.506	-0.642	4.145249e+01	6.637141e+00	-6.454498e+00
597.894	0.504	-0.811	3.679545e+01	5.746326e+00	-5.598576e+00
598.793	0.473	-0.395	5.385706e+01	8.758431e+00	-8.565292e+00
599.780	0.604	-0.514	4.257531e+01	6.761678e+00	-6.617142e+00
600.879	0.474	-0.495	4.989327e+01	7.737349e+00	-7.579314e+00
601.897	0.542	-0.543	4.383077e+01	6.929297e+00	-6.805102e+00
602.943	0.428	-0.505	5.189285e+01	8.031403e+00	-7.879437e+00
603.889	0.547	-0.518	4.463629e+01	7.080380e+00	-6.935535e+00
604.791	0.316	-0.354	7.212737e+01	1.123474e+01	-1.096797e+01
605.479	0.405	-0.372	6.222384e+01	9.717711e+00	-9.467663e+00
606.294	0.482	-0.410	5.427501e+01	8.504021e+00	-8.264296e+00
607.273	0.451	-0.497	4.930997e+01	8.087902e+00	-7.857218e+00
608.348	0.467	-0.624	4.361639e+01	7.007895e+00	-6.796710e+00
609.257	0.408	-0.443	5.688665e+01	8.946665e+00	-8.669245e+00
610.088	0.415	-0.423	5.773407e+01	9.075406e+00	-8.797403e+00
611.037	0.471	-0.534	4.919718e+01	7.652842e+00	-7.417161e+00
611.808	0.291	-0.299	8.190304e+01	1.286143e+01	-1.247736e+01
612.467	0.395	-0.368	6.232351e+01	9.990842e+00	-9.706891e+00
613.249	0.380	-0.387	6.203423e+01	9.960200e+00	-9.665252e+00
613.956	0.351	-0.327	7.136928e+01	1.124011e+01	-1.087974e+01
614.655	0.314	-0.348	7.309625e+01	1.153341e+01	-1.114760e+01
615.382	0.482	-0.413	5.405866e+01	8.543813e+00	-8.247326e+00
616.282	0.454	-0.418	5.549238e+01	8.790466e+00	-8.470365e+00
617.242	0.474	-0.506	4.934895e+01	7.836490e+00	-7.536739e+00
618.107	0.412	-0.391	6.029095e+01	9.611609e+00	-9.215850e+00
618.889	0.305	-0.371	7.314754e+01	1.159368e+01	-1.107419e+01
619.541	0.319	-0.347	7.270484e+01	1.167603e+01	-1.113151e+01
620.193	0.225	-0.333	8.659647e+01	1.395565e+01	-1.326870e+01
620.792	0.398	-0.374	6.160577e+01	1.015512e+01	-9.654634e+00
621.686	0.405	-0.495	5.283837e+01	8.754708e+00	-8.290078e+00
622.429	0.403	-0.339	6.411557e+01	1.066397e+01	-1.006799e+01
623.224	0.375	-0.392	6.309003e+01	1.030559e+01	-9.696104e+00
623.993	0.307	-0.394	6.901395e+01	1.128214e+01	-1.060841e+01
624.681	0.392	-0.380	6.265258e+01	1.025044e+01	-9.632317e+00
625.549	0.351	-0.476	5.977468e+01	9.700735e+00	-9.097536e+00
626.230	0.388	-0.331	6.392684e+01	1.110937e+01	-1.050370e+01
627.089	0.441	-0.470	5.310814e+01	8.712202e+00	-8.169860e+00
627.837	0.295	-0.308	7.886732e+01	1.317114e+01	-1.239574e+01
628.472	0.333	-0.339	7.073032e+01	1.176397e+01	-1.110667e+01
629.157	0.327	-0.352	7.276262e+01	1.170944e+01	-1.105333e+01
629.843	0.263	-0.358	7.791149e+01	1.260609e+01	-1.194853e+01
630.501	0.330	-0.396	6.553033e+01	1.077272e+01	-1.026350e+01
631.226	0.358	-0.395	6.213114e+01	1.038557e+01	-9.941682e+00
632.001	0.396	-0.417	5.982676e+01	9.659180e+00	-9.251858e+00
632.779	0.367	-0.382	6.458696e+01	1.029795e+01	-9.872831e+00
633.474	0.391	-0.328	6.730464e+01	1.073239e+01	-1.028850e+01
634.171	0.313	-0.307	7.551977e+01	1.254568e+01	-1.206754e+01
634.891	0.315	-0.407	6.585360e+01	1.071804e+01	-1.029131e+01
635.550	0.334	-0.344	7.017461e+01	1.142242e+01	-1.096682e+01
636.180	0.352	-0.296	7.470170e+01	1.191625e+01	-1.142017e+01
636.822	0.310	-0.290	7.933627e+01	1.291579e+01	-1.239904e+01
637.500	0.423	-0.368	6.008165e+01	9.781728e+00	-9.389956e+00
638.236	0.348	-0.313	7.309521e+01	1.166087e+01	-1.117476e+01
639.005	0.372	-0.420	6.008237e+01	9.780080e+00	-9.389694e+00
639.824	0.321	-0.448	6.294389e+01	1.003922e+01	-9.622361e+00
640.584	0.341	-0.439	6.208079e+01	9.900455e+00	-9.490182e+00
641.391	0.481	-0.467	5.101579e+01	8.134969e+00	-7.798509e+00
642.149	0.405	-0.276	7.099672e+01	1.131994e+01	-1.085263e+01
643.018	0.346	-0.464	5.976358e+01	9.523441e+00	-9.134364e+00
643.705	0.334	-0.342	7.155636e+01	1.139583e+01	-1.093534e+01
644.419	0.359	-0.379	6.552141e+01	1.042787e+01	-1.001161e+01
645.176	0.429	-0.398	5.749749e+01	9.332074e+00	-8.979935e+00
646.072	0.355	-0.467	5.885498e+01	9.352003e+00	-8.989810e+00
646.750	0.291	-0.323	7.881360e+01	1.251585e+01	-1.203678e+01
647.449	0.325	-0.408	6.599613e+01	1.047926e+01	-1.007899e+01
648.278	0.416	-0.504	5.083189e+01	8.449237e+00	-8.123615e+00
648.997	0.391	-0.303	6.971803e+01	1.118476e+01	-1.067176e+01
649.701	0.317	-0.313	7.552443e+01	1.242178e+01	-1.183008e+01
650.446	0.444	-0.428	5.549082e+01	8.999151e+00	-8.514473e+00
651.274	0.473	-0.384	5.641111e+01	9.207250e+00	-8.668098e+00
652.073	0.326	-0.326	7.449421e+01	1.236202e+01	-1.159076e+01
652.874	0.419	-0.474	5.416366e+01	8.886809e+00	-8.332560e+00
653.747	0.349	-0.454	6.028938e+01	9.778281e+00	-9.250959e+00
654.445	0.318	-0.350	7.412160e+01	1.181453e+01	-1.123576e+01
654.987	0.311	-0.225	9.033283e+01	1.443297e+01	-1.381476e+01
655.638	0.347	-0.340	6.808311e+01	1.125699e+01	-1.086790e+01
656.318	0.284	-0.333	7.573519e+01	1.244393e+01	-1.207260e+01
656.918	0.271	-0.316	8.239807e+01	1.291547e+01	-1.254761e+01
657.509	0.415	-0.320	6.363749e+01	1.035829e+01	-1.012281e+01
658.216	0.275	-0.292	8.524088e+01	1.329952e+01	-1.296698e+01
658.881	0.338	-0.390	6.648364e+01	1.037877e+01	-1.011488e+01
659.504	0.244	-0.285	9.765869e+01	1.481374e+01	-1.440722e+01
660.155	0.349	-0.408	6.291000e+01	1.004251e+01	-9.788978e+00
660.769	0.267	-0.265	8.942066e+01	1.428178e+01	-1.391571e+01
661.283	0.281	-0.248	9.155577e+01	1.432471e+01	-1.393641e+01
661.854	0.265	-0.290	8.569641e+01	1.370054e+01	-1.333912e+01
662.456	0.252	-0.337	8.215107e+01	1.286736e+01	-1.250794e+01
662.997	0.263	-0.289	8.771562e+01	1.380690e+01	-1.336997e+01
663.551	0.281	-0.292	9.616948e+01	1.454299e+01	-1.396578e+01
664.142	0.260	-0.310	8.497438e+01	1.354317e+01	-1.298814e+01
664.645	0.289	-0.243	9.296356e+01	1.476499e+01	-1.408074e+01
665.278	0.371	-0.345	6.764337e+01	1.092590e+01	-1.036985e+01
665.942	0.324	-0.293	7.705268e+01	1.279707e+01	-1.209558e+01
666.523	0.252	-0.257	9.930312e+01	1.601132e+01	-1.496999e+01
667.047	0.242	-0.272	9.303107e+01	1.582594e+01	-1.480887e+01
667.599	0.230	-0.309	8.974031e+01	1.491624e+01	-1.384640e+01
668.017	0.350	-0.189	9.572228e+01	1.543950e+01	-1.431801e+01
668.633	0.267	-0.265	9.548078e+01	1.558589e+01	-1.455551e+01
669.175	0.287	-0.276	8.604782e+01	1.410047e+01	-1.323388e+01
669.741	0.291	-0.280	8.470796e+01	1.381046e+01	-1.301294e+01
670.380	0.332	-0.348	7.118225e+01	1.154469e+01	-1.092232e+01
671.053	0.320	-0.340	7.329168e+01	1.181700e+01	-1.123125e+01
671.668	0.276	-0.295	8.470738e+01	1.358980e+01	-1.296626e+01
672.244	0.409	-0.301	9.881014e+01	1.359726e+01	-1.280772e+01
673.003	0.328	-0.350	7.017388e+01	1.137933e+01	-1.095757e+01
673.622	0.284	-0.291	8.418458e+01	1.331742e+01	-1.284606e+01
674.249	0.358	-0.343	1.027530e+02	1.361113e+01	-1.297716e+01
674.877	0.336	-0.270	9.923102e+01	1.413347e+01	-1.362095e+01
675.529	0.199	-0.315	9.408689e+01	1.472035e+01	-1.432161e+01
676.040	0.266	-0.312	8.366483e+01	1.304358e+01	-1.272501e+01
676.681	0.386	-0.375	6.140423e+01	9.961165e+00	-9.760099e+00
677.332	0.387	-0.265	7.429573e+01	1.151159e+01	-1.128404e+01
677.955	0.294	-0.236	9.733062e+01	1.462979e+01	-1.432878e+01
678.528	0.261	-0.279	8.944864e+01	1.385952e+01	-1.358548e+01
679.165	0.267	-0.375	7.532507e+01	1.167778e+01	-1.144188e+01
679.818	0.320	-0.386	6.734840e+01	1.067274e+01	-1.046219e+01
680.411	0.275	-0.273	8.680933e+01	1.376434e+01	-1.348705e+01
680.970	0.278	-0.284	8.605186e+01	1.336251e+01	-1.307618e+01
681.535	0.299	-0.287	7.988580e+01	1.295738e+01	-1.269728e+01
682.137	0.325	-0.303	7.703370e+01	1.197550e+01	-1.170881e+01
682.839	0.433	-0.378	5.863463e+01	9.320906e+00	-9.115064e+00
683.594	0.336	-0.321	7.369201e+01	1.148525e+01	-1.120740e+01
684.241	0.239	-0.311	8.995683e+01	1.389761e+01	-1.354129e+01
684.764	0.297	-0.285	8.176536e+01	1.304529e+01	-1.272135e+01
685.384	0.367	-0.323	7.008322e+01	1.096169e+01	-1.066715e+01
686.023	0.281	-0.272	8.791673e+01	1.391680e+01	-1.353616e+01
686.595	0.287	-0.291	8.367039e+01	1.312240e+01	-1.274299e+01
687.178	0.217	-0.296	9.441801e+01	1.482588e+01	-1.438375e+01
687.696	0.299	-0.301	7.933910e+01	1.273044e+01	-1.235965e+01
688.270	0.244	-0.275	9.312461e+01	1.463811e+01	-1.419005e+01
688.780	0.239	-0.266	9.575073e+01	1.505511e+01	-1.459112e+01
689.290	0.310	-0.270	8.341183e+01	1.311832e+01	-1.271155e+01
689.908	0.343	-0.308	1.106176e+02	1.461446e+01	-1.396196e+01
690.526	0.305	-0.275	8.061849e+01	1.323088e+01	-1.284769e+01
691.195	0.274	-0.364	7.574293e+01	1.192503e+01	-1.154562e+01
691.750	0.410	-0.280	7.008173e+01	1.103647e+01	-1.068327e+01
692.451	0.262	-0.291	9.909104e+01	1.476617e+01	-1.423186e+01
693.045	0.260	-0.332	8.165677e+01	1.286476e+01	-1.244895e+01
693.667	0.270	-0.362	7.531602e+01	1.211470e+01	-1.173938e+01
694.247	0.309	-0.310	7.813814e+01	1.231027e+01	-1.191249e+01
694.794	0.303	-0.238	8.944654e+01	1.409178e+01	-1.363649e+01
695.363	0.282	-0.266	9.809417e+01	1.474601e+01	-1.422195e+01
695.919	0.276	-0.274	8.799918e+01	1.386360e+01	-1.341580e+01
696.503	0.379	-0.308	6.808703e+01	1.118465e+01	-1.085287e+01
697.259	0.380	-0.378	6.383041e+01	1.005584e+01	-9.731147e+00
698.026	0.426	-0.387	5.950166e+01	9.366248e+00	-9.069562e+00
698.745	0.319	-0.293	8.080272e+01	1.258217e+01	-1.218495e+01
699.356	0.267	-0.292	8.514845e+01	1.366010e+01	-1.326411e+01
700.024	0.332	-0.401	6.599867e+01	1.035940e+01	-1.005345e+01
700.690	0.283	-0.334	7.836396e+01	1.228901e+01	-1.193457e+01
701.348	0.294	-0.375	7.231769e+01	1.133106e+01	-1.101161e+01
701.929	0.237	-0.286	9.248882e+01	1.447898e+01	-1.408025e+01
702.459	0.340	-0.294	7.638207e+01	1.195118e+01	-1.162682e+01
703.077	0.227	-0.278	9.787220e+01	1.518032e+01	-1.474597e+01
703.553	0.271	-0.249	9.312140e+01	1.460404e+01	-1.418225e+01
704.108	0.263	-0.285	8.828379e+01	1.386433e+01	-1.344962e+01
704.643	0.245	-0.271	9.062531e+01	1.486156e+01	-1.443990e+01
705.226	0.348	-0.339	6.926617e+01	1.113529e+01	-1.079504e+01
705.848	0.272	-0.274	8.709073e+01	1.402384e+01	-1.357795e+01
706.398	0.294	-0.277	9.788546e+01	1.450402e+01	-1.393870e+01
706.960	0.246	-0.268	9.826959e+01	1.524673e+01	-1.468720e+01
707.525	0.298	-0.319	7.836153e+01	1.241294e+01	-1.196107e+01
708.099	0.227	-0.276	9.821787e+01	1.541981e+01	-1.483827e+01
708.587	0.264	-0.260	9.217441e+01	1.462092e+01	-1.407373e+01
709.232	0.280	-0.380	7.329261e+01	1.163624e+01	-1.119297e+01
709.823	0.354	-0.312	7.270578e+01	1.155177e+01	-1.110521e+01
710.435	0.292	-0.258	9.973335e+01	1.501623e+01	-1.435739e+01
711.016	0.230	-0.290	9.933115e+01	1.536726e+01	-1.471892e+01
711.564	0.304	-0.318	7.639086e+01	1.241606e+01	-1.193442e+01
712.158	0.243	-0.289	8.942032e+01	1.454433e+01	-1.397224e+01
712.748	0.355	-0.348	6.884155e+01	1.096761e+01	-1.052134e+01
713.433	0.263	-0.330	8.165877e+01	1.297462e+01	-1.247279e+01
714.038	0.189	-0.343	9.094452e+01	1.441752e+01	-1.388417e+01
714.533	0.372	-0.306	7.017618e+01	1.133123e+01	-1.094756e+01
715.185	0.290	-0.280	8.497470e+01	1.341303e+01	-1.296030e+01
715.835	0.316	-0.360	7.155755e+01	1.126913e+01	-1.090830e+01
716.458	0.246	-0.307	8.743363e+01	1.373838e+01	-1.332175e+01
717.000	0.274	-0.295	8.497469e+01	1.332674e+01	-1.294159e+01
717.627	0.342	-0.353	6.838077e+01	1.094236e+01	-1.064606e+01
718.254	0.340	-0.284	7.487826e+01	1.226647e+01	-1.192806e+01
718.998	0.306	-0.404	6.815065e+01	1.074328e+01	-1.039126e+01
719.515	0.292	-0.212	9.608446e+01	1.518375e+01	-1.465843e+01
720.164	0.405	-0.357	6.353241e+01	1.007086e+01	-9.699051e+00
720.833	0.327	-0.264	8.190150e+01	1.302265e+01	-1.251189e+01
721.445	0.237	-0.286	9.093728e+01	1.480298e+01	-1.421180e+01
721.980	0.318	-0.297	7.726990e+01	1.261536e+01	-1.208373e+01
722.628	0.330	-0.330	7.328866e+01	1.176669e+01	-1.122024e+01
723.245	0.261	-0.287	8.532462e+01	1.430336e+01	-1.366151e+01
723.821	0.235	-0.315	8.799383e+01	1.421564e+01	-1.349016e+01
724.389	0.355	-0.334	9.250227e+01	1.349522e+01	-1.260418e+01
725.029	0.254	-0.285	8.973929e+01	1.459437e+01	-1.377817e+01
725.542	0.335	-0.259	9.769079e+01	1.478324e+01	-1.378108e+01
726.103	0.294	-0.225	9.311835e+01	1.523323e+01	-1.431583e+01
726.690	0.246	-0.294	9.970697e+01	1.568389e+01	-1.460412e+01
727.248	0.252	-0.312	8.433759e+01	1.415747e+01	-1.327085e+01
727.773	0.265	-0.273	8.852668e+01	1.483376e+01	-1.392436e+01
728.310	0.266	-0.273	9.970681e+01	1.558331e+01	-1.458274e+01
728.846	0.243	-0.270	9.441004e+01	1.532063e+01	-1.448828e+01
729.403	0.287	-0.314	8.044415e+01	1.297364e+01	-1.232803e+01
730.014	0.331	-0.324	7.141445e+01	1.190725e+01	-1.142077e+01
730.676	0.299	-0.331	7.680881e+01	1.221632e+01	-1.173463e+01
731.222	0.280	-0.247	9.032114e+01	1.458637e+01	-1.409071e+01
731.873	0.352	-0.372	9.947120e+01	1.313655e+01	-1.255393e+01
732.514	0.240	-0.289	9.969138e+01	1.500572e+01	-1.456803e+01
733.091	0.333	-0.337	1.061801e+02	1.412741e+01	-1.357879e+01
733.752	0.365	-0.327	1.029051e+02	1.371252e+01	-1.316459e+01
734.368	0.365	-0.252	9.098253e+01	1.350887e+01	-1.306053e+01
735.026	0.223	-0.293	9.376392e+01	1.473757e+01	-1.428724e+01
735.558	0.284	-0.308	7.892273e+01	1.295071e+01	-1.257704e+01
736.157	0.242	-0.314	8.396558e+01	1.379179e+01	-1.338360e+01
736.661	0.279	-0.261	8.944475e+01	1.410422e+01	-1.363896e+01
737.248	0.331	-0.308	7.574342e+01	1.195762e+01	-1.155272e+01
737.855	0.371	-0.277	9.960669e+01	1.388867e+01	-1.326067e+01
738.495	0.279	-0.269	8.680624e+01	1.403889e+01	-1.354667e+01
739.061	0.268	-0.287	8.715172e+01	1.383105e+01	-1.330830e+01
739.537	0.314	-0.208	9.125025e+01	1.480328e+01	-1.424994e+01
740.114	0.285	-0.263	9.613098e+01	1.474936e+01	-1.410825e+01
740.752	0.319	-0.353	1.074977e+02	1.458153e+01	-1.373044e+01
741.341	0.315	-0.270	1.216724e+02	1.665181e+01	-1.566104e+01
741.966	0.294	-0.309	1.180849e+02	1.620706e+01	-1.520925e+01
742.577	0.332	-0.317	1.109197e+02	1.505756e+01	-1.408779e+01
743.141	0.277	-0.232	1.484182e+02	1.984135e+01	-1.858591e+01
743.729	0.299	-0.311	1.167074e+02	1.591748e+01	-1.501012e+01
744.296	0.323	-0.268	1.192033e+02	1.641885e+01	-1.554474e+01
744.902	0.321	-0.284	1.177372e+02	1.594467e+01	-1.511801e+01
745.498	0.261	-0.274	1.345044e+02	1.790853e+01	-1.700718e+01
746.032	0.337	-0.273	1.180363e+02	1.565916e+01	-1.491250e+01
746.675	0.313	-0.306	1.137238e+02	1.543684e+01	-1.478073e+01
747.307	0.385	-0.318	1.013432e+02	1.352586e+01	-1.296952e+01
747.921	0.313	-0.230	8.915372e+01	1.399814e+01	-1.358154e+01
748.520	0.270	-0.287	9.700434e+01	1.468957e+01	-1.419899e+01
749.062	0.284	-0.272	8.715348e+01	1.372351e+01	-1.328538e+01
749.630	0.319	-0.284	9.625451e+01	1.400388e+01	-1.345811e+01
750.266	0.264	-0.317	8.176552e+01	1.318880e+01	-1.275255e+01
750.840	0.356	-0.310	1.082549e+02	1.441506e+01	-1.368844e+01
751.528	0.209	-0.331	8.944699e+01	1.417962e+01	-1.365544e+01
751.970	0.291	-0.233	9.217573e+01	1.463477e+01	-1.407685e+01
752.595	0.263	-0.333	1.208528e+02	1.619317e+01	-1.530329e+01
753.126	0.249	-0.269	9.967295e+01	1.537184e+01	-1.475923e+01
753.665	0.288	-0.290	9.668369e+01	1.437409e+01	-1.377797e+01
754.277	0.268	-0.323	1.219450e+02	1.622779e+01	-1.541726e+01
754.883	0.282	-0.339	1.147003e+02	1.543287e+01	-1.470617e+01
755.475	0.318	-0.310	1.134008e+02	1.522406e+01	-1.453213e+01
756.093	0.396	-0.299	9.657949e+01	1.338816e+01	-1.284372e+01
756.758	0.259	-0.269	9.205716e+01	1.461407e+01	-1.418277e+01
757.320	0.256	-0.303	8.659852e+01	1.358456e+01	-1.318959e+01
757.832	0.255	-0.256	9.895761e+01	1.520742e+01	-1.475836e+01
758.437	0.381	-0.351	9.482103e+01	1.287692e+01	-1.239865e+01
759.105	0.343	-0.287	1.130803e+02	1.502412e+01	-1.445648e+01
759.708	0.248	-0.260	9.189390e+01	1.498979e+01	-1.462465e+01
760.288	0.231	-0.331	8.604979e+01	1.344366e+01	-1.309399e+01
760.806	0.318	-0.287	9.952546e+01	1.407904e+01	-1.364011e+01
761.389	0.276	-0.265	9.143431e+01	1.412427e+01	-1.376334e+01
761.946	0.279	-0.282	8.632472e+01	1.345891e+01	-1.312970e+01
762.506	0.226	-0.281	9.381452e+01	1.493079e+01	-1.458785e+01
763.011	0.257	-0.279	9.033813e+01	1.408507e+01	-1.374022e+01
763.520	0.289	-0.252	9.639483e+01	1.489143e+01	-1.451145e+01
764.116	0.280	-0.307	8.239959e+01	1.286635e+01	-1.253700e+01
764.749	0.325	-0.353	1.078475e+02	1.402186e+01	-1.348795e+01
765.305	0.292	-0.231	9.248934e+01	1.446342e+01	-1.407690e+01
765.872	0.274	-0.276	8.652747e+01	1.382979e+01	-1.346769e+01
766.424	0.231	-0.278	9.719109e+01	1.507195e+01	-1.464275e+01
766.964	0.349	-0.309	9.798944e+01	1.351153e+01	-1.301219e+01
767.592	0.324	-0.279	8.021188e+01	1.257095e+01	-1.221429e+01
768.242	0.283	-0.325	7.684719e+01	1.250200e+01	-1.222266e+01
768.839	0.381	-0.314	1.035441e+02	1.341961e+01	-1.301111e+01
769.480	0.246	-0.259	9.787553e+01	1.496814e+01	-1.469890e+01
769.988	0.252	-0.263	9.251623e+01	1.455795e+01	-1.434823e+01
770.525	0.306	-0.285	8.053254e+01	1.262734e+01	-1.247910e+01
771.166	0.322	-0.336	1.069608e+02	1.396496e+01	-1.377494e+01
771.735	0.261	-0.246	9.541005e+01	1.454783e+01	-1.443513e+01
772.285	0.228	-0.290	9.187890e+01	1.428753e+01	-1.420785e+01
772.757	0.359	-0.244	9.981937e+01	1.368570e+01	-1.357821e+01
773.473	0.328	-0.357	7.062897e+01	1.080444e+01	-1.069458e+01
774.141	0.232	-0.339	8.471099e+01	1.302890e+01	-1.284368e+01
774.716	0.297	-0.343	7.426703e+01	1.173340e+01	-1.152886e+01
775.253	0.316	-0.239	9.537605e+01	1.439061e+01	-1.405765e+01
775.868	0.312	-0.300	7.772131e+01	1.241893e+01	-1.209632e+01
776.514	0.340	-0.334	1.056197e+02	1.418661e+01	-1.353658e+01
777.116	0.251	-0.261	9.441560e+01	1.500186e+01	-1.442140e+01
777.652	0.241	-0.285	9.186366e+01	1.465912e+01	-1.404495e+01
778.203	0.267	-0.309	8.392497e+01	1.337332e+01	-1.282717e+01
778.817	0.299	-0.347	7.490725e+01	1.191787e+01	-1.144495e+01
779.362	0.314	-0.246	8.823933e+01	1.388386e+01	-1.333732e+01
779.933	0.252	-0.257	9.189188e+01	1.519087e+01	-1.466783e+01
780.507	0.308	-0.322	7.681114e+01	1.216420e+01	-1.172375e+01
781.063	0.294	-0.248	8.915142e+01	1.409936e+01	-1.360315e+01
781.671	0.327	-0.314	1.111935e+02	1.496468e+01	-1.425734e+01
782.297	0.285	-0.299	8.151412e+01	1.312217e+01	-1.270773e+01
782.896	0.330	-0.314	7.385746e+01	1.190534e+01	-1.151748e+01
783.681	0.354	-0.455	5.976077e+01	9.478135e+00	-9.124363e+00
784.337	0.275	-0.302	8.111444e+01	1.344550e+01	-1.295526e+01
784.952	0.362	-0.340	1.013412e+02	1.384024e+01	-1.303783e+01
785.611	0.305	-0.296	7.910250e+01	1.293539e+01	-1.237473e+01
786.298	0.354	-0.382	6.567958e+01	1.056593e+01	-1.005974e+01
786.944	0.308	-0.291	8.068592e+01	1.303201e+01	-1.236916e+01
787.562	0.238	-0.310	8.680566e+01	1.433883e+01	-1.361014e+01
788.084	0.305	-0.284	8.214850e+01	1.329047e+01	-1.259807e+01
788.711	0.320	-0.322	1.121459e+02	1.537887e+01	-1.427696e+01
789.274	0.314	-0.243	8.541944e+01	1.406246e+01	-1.338281e+01
789.924	0.208	-0.336	8.737465e+01	1.436414e+01	-1.368487e+01
790.430	0.226	-0.297	9.454686e+01	1.507929e+01	-1.433384e+01
790.891	0.272	-0.236	9.752787e+01	1.553889e+01	-1.478242e+01
791.533	0.329	-0.370	6.918870e+01	1.111200e+01	-1.059331e+01
792.133	0.231	-0.271	9.856540e+01	1.566018e+01	-1.493036e+01
792.757	0.355	-0.394	6.242532e+01	1.042988e+01	-9.987727e+00
793.374	0.256	-0.261	9.551674e+01	1.521970e+01	-1.447786e+01
793.971	0.315	-0.341	7.122381e+01	1.195302e+01	-1.140663e+01
794.597	0.317	-0.311	7.702977e+01	1.245267e+01	-1.181103e+01
795.288	0.308	-0.374	7.099528e+01	1.150997e+01	-1.089269e+01
795.955	0.294	-0.359	7.573342e+01	1.219796e+01	-1.150682e+01
796.533	0.227	-0.284	9.684365e+01	1.563444e+01	-1.472197e+01
797.105	0.373	-0.345	6.617555e+01	1.102124e+01	-1.039455e+01
797.811	0.288	-0.333	7.660426e+01	1.278213e+01	-1.203771e+01
798.469	0.265	-0.370	7.616233e+01	1.247872e+01	-1.171313e+01
799.094	0.464	-0.360	5.872630e+01	9.632255e+00	-9.033792e+00
799.833	0.290	-0.275	8.550429e+01	1.403997e+01	-1.315631e+01
800.453	0.306	-0.329	7.616233e+01	1.251846e+01	-1.172152e+01
801.069	0.304	-0.310	7.749242e+01	1.299555e+01	-1.219102e+01
801.671	0.255	-0.298	8.742750e+01	1.439838e+01	-1.346124e+01
802.314	0.322	-0.388	6.814596e+01	1.123285e+01	-1.049456e+01
803.009	0.275	-0.373	7.469893e+01	1.222862e+01	-1.148591e+01
803.640	0.275	-0.357	7.402787e+01	1.248849e+01	-1.186937e+01
804.396	0.357	-0.481	5.772946e+01	9.275903e+00	-8.839739e+00
805.101	0.350	-0.348	6.704046e+01	1.111405e+01	-1.070774e+01
805.892	0.395	-0.441	5.785097e+01	9.132447e+00	-8.823598e+00
806.529	0.282	-0.243	9.216854e+01	1.444837e+01	-1.403578e+01
807.159	0.346	-0.348	6.971772e+01	1.086465e+01	-1.060272e+01
807.914	0.363	-0.409	6.159998e+01	9.814949e+00	-9.581088e+00
808.550	0.304	-0.273	8.251344e+01	1.323944e+01	-1.285409e+01
809.243	0.357	-0.389	6.489113e+01	1.028593e+01	-9.906430e+00
809.965	0.353	-0.365	6.730053e+01	1.076930e+01	-1.029588e+01
810.751	0.268	-0.433	6.900911e+01	1.118197e+01	-1.058672e+01
811.486	0.489	-0.467	4.978543e+01	8.308108e+00	-7.823600e+00
812.245	0.348	-0.271	7.813050e+01	1.294857e+01	-1.204704e+01
812.983	0.350	-0.390	6.681152e+01	1.095633e+01	-1.019261e+01
813.729	0.439	-0.396	5.797311e+01	9.515962e+00	-8.919472e+00
814.634	0.332	-0.465	5.967486e+01	9.885613e+00	-9.362319e+00
815.356	0.408	-0.390	6.055663e+01	9.768705e+00	-9.280791e+00
816.305	0.432	-0.541	4.887482e+01	7.967736e+00	-7.640728e+00
817.109	0.391	-0.372	6.338218e+01	1.005424e+01	-9.677662e+00
818.051	0.490	-0.551	4.648232e+01	7.347682e+00	-7.091737e+00
818.944	0.485	-0.402	5.358081e+01	8.644970e+00	-8.357235e+00
819.938	0.487	-0.509	4.855620e+01	7.672718e+00	-7.407544e+00
820.943	0.498	-0.518	4.682384e+01	7.551955e+00	-7.302717e+00
821.838	0.411	-0.397	5.989316e+01	9.460861e+00	-9.136358e+00
822.725	0.577	-0.476	4.593222e+01	7.251096e+00	-7.005736e+00
823.711	0.354	-0.409	6.479226e+01	1.011079e+01	-9.775292e+00
824.560	0.516	-0.494	4.707115e+01	7.562884e+00	-7.335043e+00
825.670	0.474	-0.594	4.531912e+01	7.117269e+00	-6.904205e+00
826.590	0.423	-0.447	5.560659e+01	8.718754e+00	-8.468382e+00
827.517	0.466	-0.503	4.989311e+01	7.817571e+00	-7.597102e+00
828.505	0.440	-0.522	4.941961e+01	7.930252e+00	-7.698846e+00
829.405	0.587	-0.460	4.624330e+01	7.291461e+00	-7.051300e+00
830.681	0.665	-0.689	3.453494e+01	5.704657e+00	-5.511551e+00
831.856	0.490	-0.510	4.838431e+01	7.706537e+00	-7.394374e+00
832.746	0.461	-0.400	5.617987e+01	8.976633e+00	-8.591784e+00
833.719	0.456	-0.512	4.914704e+01	8.031446e+00	-7.687372e+00
834.904	0.521	-0.729	3.867926e+01	6.212333e+00	-5.922143e+00
835.960	0.605	-0.535	4.099995e+01	6.871161e+00	-6.564201e+00
837.175	0.598	-0.610	4.004575e+01	6.464428e+00	-6.138263e+00
838.274	0.613	-0.501	4.343707e+01	6.980238e+00	-6.651404e+00
839.408	0.609	-0.521	4.282238e+01	6.827021e+00	-6.545731e+00
840.510	0.493	-0.493	4.908287e+01	7.771847e+00	-7.491315e+00
841.649	0.489	-0.646	4.262055e+01	6.702456e+00	-6.495047e+00
842.794	0.575	-0.657	3.929467e+01	6.151527e+00	-5.982118e+00
843.974	0.681	-0.605	3.698088e+01	5.916264e+00	-5.757158e+00
845.299	0.557	-0.643	4.118033e+01	6.393891e+00	-6.205916e+00
846.549	0.640	-0.693	3.630437e+01	5.698487e+00	-5.530180e+00
847.776	0.635	-0.588	3.958121e+01	6.228015e+00	-6.032638e+00
849.069	0.634	-0.658	3.745357e+01	5.937252e+00	-5.717843e+00
850.326	0.588	-0.624	3.859140e+01	6.424876e+00	-6.169593e+00
851.766	0.833	-0.852	2.775190e+01	4.661798e+00	-4.445452e+00
853.366	0.870	-0.767	2.955526e+01	4.770385e+00	-4.530145e+00
854.880	0.765	-0.644	3.433188e+01	5.491846e+00	-5.251809e+00
856.377	0.720	-0.732	3.332253e+01	5.288585e+00	-5.088503e+00
857.642	0.611	-0.546	4.183205e+01	6.599343e+00	-6.379401e+00
859.026	0.616	-0.773	3.423277e+01	5.490567e+00	-5.332375e+00
860.687	1.069	-1.044	2.212328e+01	3.608541e+00	-3.520809e+00
862.338	0.578	-0.582	4.030965e+01	6.549493e+00	-6.409456e+00
863.678	0.793	-0.762	3.111269e+01	4.843493e+00	-4.730516e+00
865.335	0.852	-0.864	2.773550e+01	4.413781e+00	-4.312694e+00
867.308	0.817	-1.122	2.494708e+01	3.891431e+00	-3.794795e+00
868.998	0.757	-0.873	2.968577e+01	4.647113e+00	-4.519252e+00
870.808	0.976	-1.053	2.385143e+01	3.751480e+00	-3.634911e+00
872.648	0.729	-0.865	2.983869e+01	4.820571e+00	-4.655422e+00
874.358	0.817	-0.980	2.647061e+01	4.323460e+00	-4.139951e+00
876.090	0.737	-0.916	2.877881e+01	4.763372e+00	-4.514219e+00
877.709	1.054	-0.882	2.457310e+01	4.104227e+00	-3.862294e+00
879.823	1.046	-1.061	2.193794e+01	3.817656e+00	-3.635254e+00
882.075	1.031	-1.206	2.163264e+01	3.478492e+00	-3.313013e+00
884.052	1.158	-0.946	2.298604e+01	3.652317e+00	-3.510984e+00
886.481	1.195	-1.271	2.005527e+01	3.110363e+00	-3.021587e+00
889.212	1.188	-1.536	1.746402e+01	2.779717e+00	-2.715660e+00
891.325	0.943	-0.925	2.589767e+01	4.036390e+00	-3.938656e+00
893.493	1.189	-1.225	1.970328e+01	3.138146e+00	-3.064311e+00
895.771	1.683	-1.089	1.716122e+01	2.735307e+00	-2.669412e+00
898.462	1.287	-1.008	2.072660e+01	3.311508e+00	-3.225748e+00
901.192	1.123	-1.442	1.885740e+01	2.966775e+00	-2.874002e+00
903.273	1.093	-0.958	2.358350e+01	3.718407e+00	-3.596041e+00
905.917	1.522	-1.551	1.521824e+01	2.497533e+00	-2.425231e+00
909.246	1.733	-1.808	1.343556e+01	2.164298e+00	-2.094862e+00
913.072	1.592	-2.093	1.291010e+01	2.089162e+00	-2.014972e+00
916.470	1.599	-1.806	1.420684e+01	2.241037e+00	-2.166504e+00
920.046	1.759	-1.977	1.273188e+01	2.054536e+00	-1.985917e+00
923.554	1.861	-1.749	1.340150e+01	2.131179e+00	-2.047375e+00
926.966	1.517	-1.552	1.549928e+01	2.528311e+00	-2.423374e+00
930.501	1.753	-2.017	1.261738e+01	2.035511e+00	-1.967946e+00
934.584	2.205	-2.330	1.031027e+01	1.725369e+00	-1.650251e+00
939.050	1.633	-2.261	1.242160e+01	2.061891e+00	-1.915996e+00
942.333	1.866	-1.650	1.353025e+01	2.245583e+00	-2.123642e+00
946.203	2.057	-2.004	1.151143e+01	1.896752e+00	-1.836145e+00
950.484	1.879	-2.223	1.159394e+01	1.892853e+00	-1.813127e+00
954.148	1.681	-1.785	9.615716e+00	1.854842e+00	-1.766603e+00
958.131	1.687	-2.302	7.882479e+00	1.604346e+00	-1.523916e+00
961.774	1.697	-1.956	1.324469e+01	2.137073e+00	-2.029979e+00
964.905	1.823	-1.435	9.900379e+00	1.893295e+00	-1.838521e+00
968.538	1.958	-1.810	9.555676e+00	1.795292e+00	-1.744567e+00
972.031	1.734	-1.535	9.868064e+00	1.881045e+00	-1.831243e+00
975.377	1.857	-1.613	9.062827e+00	1.780570e+00	-1.738804e+00
979.396	1.887	-2.162	7.964643e+00	1.518780e+00	-1.478141e+00
983.423	2.231	-2.140	7.377896e+00	1.415929e+00	-1.371142e+00
987.938	1.742	-2.284	8.010474e+00	1.537581e+00	-1.488756e+00
992.491	2.872	-2.811	5.390593e+00	1.090863e+00	-1.069589e+00
997.221	1.840	-1.858	8.719348e+00	1.625742e+00	-1.610097e+00
1001.434	1.748	-2.372	7.630550e+00	1.501431e+00	-1.464516e+00
1005.218	2.430	-2.036	7.222047e+00	1.383303e+00	-1.341613e+00
1010.240	2.477	-2.592	6.203080e+00	1.217608e+00	-1.189895e+00
1014.497	2.077	-1.780	8.361505e+00	1.578500e+00	-1.548385e+00
1018.912	2.207	-2.338	6.916749e+00	1.348227e+00	-1.324770e+00
1024.241	3.189	-3.121	5.110381e+00	9.868510e-01	-9.510248e-01
1031.040	3.040	-3.610	4.727730e+00	9.333570e-01	-9.080530e-01
1036.200	2.054	-2.120	7.727206e+00	1.462872e+00	-1.431812e+00
1042.860	2.509	-4.606	4.419321e+00	8.731411e-01	-8.489254e-01
1047.286	1.972	-1.917	9.398473e+00	1.682450e+00	-1.639747e+00
1052.791	2.991	-3.533	4.943495e+00	9.673922e-01	-9.226185e-01
1059.976	4.038	-4.194	3.721077e+00	7.530865e-01	-7.383449e-01
1075.212	11.678	-11.198	3.111633e+00	5.871850e-01	-5.761704e-01
1091.223	4.634	-4.332	3.416280e+00	6.818542e-01	-6.757526e-01
1109.109	21.764	-13.252	1.987416e+00	3.792342e-01	-3.689010e-01
1146.726	16.175	-15.853	2.429863e+00	4.673367e-01	-4.517917e-01
1183.648	24.767	-20.747	1.496218e+00	3.063174e-01	-2.976251e-01
1266.398	89.548	-57.983	6.844937e-01	1.540736e-01	-1.512175e-01
1429.784	77.900	-73.837	6.235054e-01	1.177390e-01	-1.154713e-01
1730.800	334.997	-223.116	1.138652e-01	3.801355e-02	-3.790727e-02
! PC data
130.887	100.747	-60.490	7.904359e-01	1.779483e-01	-1.779483e-01
371.458	63.839	-139.825	7.263089e-01	1.558059e-01	-1.558059e-01
483.074	29.390	-47.777	3.676446e+00	7.084181e-01	-7.084181e-01
1154.511	120.408	-83.375	1.252087e+00	2.813696e-01	-2.813696e-01
1679.810	627.578	-404.891	2.305310e-01	4.067522e-02	-4.067522e-02
5786.561	147.436	-191.051	5.608546e-02	1.457523e-02	-1.457523e-02
6164.657	130.392	-230.661	5.233977e-02	1.366635e-02	-1.366635e-02
6544.000	255.019	-248.951	3.742397e-02	9.789122e-03	-9.789122e-03
6986.111	146.381	-187.092	5.686698e-02	1.479579e-02	-1.479579e-02
7469.246	631.056	-336.754	3.633699e-02	6.965519e-03	-6.965519e-03
11817.232	267.665	-443.309	2.733092e-02	7.213353e-03	-7.213353e-03
12458.956	365.598	-374.059	2.555054e-02	6.723313e-03	-6.723313e-03
13318.671	568.972	-494.117	3.352890e-02	6.423154e-03	-6.423154e-03
17955.500	641.971	-724.514	1.375685e-02	3.681509e-03	-3.681509e-03
19084.953	588.143	-487.482	2.377902e-02	5.422061e-03	-5.422061e-03
23533.462	391.806	-275.139	2.816594e-02	7.393804e-03	-7.393804e-03
24814.445	645.288	-889.177	1.699620e-02	3.802841e-03	-3.802841e-03
29550.876	277.886	-283.752	3.358052e-02	8.799487e-03	-8.799487e-03
29982.881	226.992	-154.120	5.005818e-02	1.302428e-02	-1.302428e-02
30762.188	483.195	-552.315	3.158248e-02	6.270220e-03	-6.270220e-03
40504.741	256.438	-297.678	3.438136e-02	8.977262e-03	-8.977262e-03
41258.477	362.711	-497.298	2.178640e-02	5.746545e-03	-5.746545e-03
42212.649	607.021	-591.461	2.510007e-02	5.215286e-03	-5.215286e-03
46489.779	276.575	-502.096	2.474869e-02	6.473590e-03	-6.473590e-03
47206.758	376.981	-440.404	2.333144e-02	6.165126e-03	-6.165126e-03
47908.351	695.852	-324.613	2.454301e-02	5.616410e-03	-5.616410e-03
52270.277	413.098	-448.982	2.713931e-02	7.107390e-03	-7.107390e-03
53094.482	378.100	-411.107	2.521212e-02	6.666134e-03	-6.666134e-03
53851.495	538.755	-378.913	2.453663e-02	5.892790e-03	-5.892790e-03
57967.881	317.253	-389.808	2.667340e-02	7.052497e-03	-7.052497e-03
58571.795	372.763	-286.661	2.906443e-02	7.661686e-03	-7.661686e-03
59348.215	200.606	-403.657	3.162386e-02	8.306534e-03	-8.306534e-03
59851.284	326.859	-302.464	3.002836e-02	7.906320e-03	-7.906320e-03
63676.939	234.944	-269.026	3.748694e-02	9.834861e-03	-9.834861e-03
64148.936	286.975	-237.053	3.641530e-02	9.542336e-03	-9.542336e-03
64677.512	249.833	-241.600	3.899654e-02	1.024312e-02	-1.024312e-02
65135.794	160.127	-208.449	5.129254e-02	1.338502e-02	-1.338502e-02
65609.698	353.154	-313.777	3.569050e-02	8.326790e-03	-8.326790e-03
69424.748	151.791	-231.827	4.994749e-02	1.298015e-02	-1.298015e-02
69754.731	147.759	-178.192	5.812955e-02	1.514223e-02	-1.514223e-02
70081.789	284.554	-179.299	4.076398e-02	1.066282e-02	-1.066282e-02
70565.084	187.386	-198.741	4.903665e-02	1.278117e-02	-1.278117e-02
71259.236	491.131	-506.766	2.501408e-02	5.711415e-03	-5.711415e-03
75338.606	226.646	-357.558	3.233740e-02	8.443553e-03	-8.443553e-03
75757.120	244.405	-191.868	4.336586e-02	1.132989e-02	-1.132989e-02
76158.842	120.995	-157.317	6.830835e-02	1.772027e-02	-1.772027e-02
76390.875	122.142	-111.038	8.216740e-02	2.134067e-02	-2.134067e-02
77030.879	505.108	-517.861	3.453121e-02	6.619355e-03	-6.619355e-03
81157.670	255.644	-390.490	3.133848e-02	8.197301e-03	-8.197301e-03
81600.716	198.724	-187.402	4.916273e-02	1.287494e-02	-1.287494e-02
82004.682	210.973	-205.242	4.563771e-02	1.188817e-02	-1.188817e-02
82561.074	261.351	-345.420	3.139279e-02	8.192045e-03	-8.192045e-03
83076.787	244.580	-254.362	4.081637e-02	1.032900e-02	-1.032900e-02
86754.967	218.870	-244.982	4.356355e-02	1.098145e-02	-1.098145e-02
87340.572	468.199	-366.735	2.249787e-02	5.920015e-03	-5.920015e-03
88419.060	688.487	-610.289	2.434171e-02	4.948434e-03	-4.948434e-03
92885.855	390.767	-586.591	2.010984e-02	5.339520e-03	-5.339520e-03
93576.153	154.292	-299.532	4.161732e-02	1.086664e-02	-1.086664e-02
94316.477	577.350	-586.032	2.156555e-02	4.910770e-03	-4.910770e-03
98806.653	678.244	-648.076	1.437550e-02	3.826166e-03	-3.826166e-03
100069.081	611.792	-584.184	1.970523e-02	4.676572e-03	-4.676572e-03
104695.580	631.780	-719.661	1.372727e-02	3.675886e-03	-3.675886e-03
105898.580	567.088	-571.220	1.871241e-02	4.666429e-03	-4.666429e-03
111149.209	1104.789	-1109.157	1.356603e-02	2.878872e-03	-2.878872e-03
126159.153	3452.411	-4384.714	7.557698e-03	1.529890e-03	-1.529890e-03
134081.466	1317.707	-1239.739	7.550882e-03	2.023186e-03	-2.023186e-03
