! WT data
133.780	0.756	-1.036	2.943646e+01	4.487281e+00	-4.494949e+00
135.029	0.715	-0.493	4.431212e+01	6.623774e+00	-6.636280e+00
136.463	0.730	-0.720	3.691739e+01	5.519340e+00	-5.530568e+00
137.921	0.714	-0.727	3.659571e+01	5.580755e+00	-5.592122e+00
139.186	0.635	-0.552	4.444152e+01	6.777833e+00	-6.792215e+00
140.409	0.640	-0.588	4.360596e+01	6.518765e+00	-6.531544e+00
141.812	0.822	-0.763	3.276784e+01	5.097271e+00	-5.107064e+00
143.485	0.769	-0.851	3.260120e+01	4.971477e+00	-4.981491e+00
145.068	0.956	-0.813	3.036003e+01	4.541250e+00	-4.552620e+00
146.715	0.528	-0.692	4.399134e+01	6.579458e+00	-6.595184e+00
148.040	0.725	-0.796	3.477351e+01	5.304819e+00	-5.317466e+00
149.577	0.656	-0.812	3.603755e+01	5.497147e+00	-5.509759e+00
151.042	0.680	-0.809	3.605503e+01	5.392090e+00	-5.404606e+00
152.510	0.774	-0.788	3.335347e+01	5.188289e+00	-5.198182e+00
154.005	0.503	-0.721	4.315493e+01	6.581676e+00	-6.595685e+00
155.362	1.019	-0.854	2.817051e+01	4.295885e+00	-4.304589e+00
157.291	0.859	-0.910	3.029118e+01	4.528618e+00	-4.537770e+00
158.982	0.862	-0.832	3.162791e+01	4.729108e+00	-4.739242e+00
160.934	0.803	-1.090	2.787887e+01	4.250837e+00	-4.258948e+00
162.666	0.643	-0.930	3.406104e+01	5.091583e+00	-5.101310e+00
164.339	0.871	-1.030	2.781375e+01	4.157270e+00	-4.164839e+00
166.074	0.988	-0.864	2.748274e+01	4.189505e+00	-4.196695e+00
167.886	0.771	-0.825	3.237397e+01	4.839094e+00	-4.848084e+00
169.633	0.943	-0.975	2.653929e+01	4.044453e+00	-4.050429e+00
172.000	1.244	-1.425	1.935970e+01	2.892554e+00	-2.896944e+00
174.186	0.939	-0.942	2.747377e+01	4.105617e+00	-4.112406e+00
175.959	1.009	-0.834	2.763224e+01	4.210797e+00	-4.216839e+00
178.004	1.412	-1.036	2.049317e+01	3.184880e+00	-3.188628e+00
180.450	0.996	-1.034	2.433657e+01	3.859725e+00	-3.864532e+00
182.688	1.037	-1.242	2.268500e+01	3.388143e+00	-3.392372e+00
184.770	0.773	-1.045	2.843398e+01	4.246267e+00	-4.251211e+00
187.150	1.546	-1.607	1.667723e+01	2.490654e+00	-2.493631e+00
190.071	1.329	-1.375	1.951216e+01	2.913439e+00	-2.916530e+00
193.045	1.255	-1.645	1.819544e+01	2.716657e+00	-2.719424e+00
195.985	1.605	-1.685	1.565705e+01	2.384060e+00	-2.386205e+00
199.324	1.601	-1.735	1.512204e+01	2.302593e+00	-2.304663e+00
201.995	1.204	-1.070	2.301988e+01	3.398867e+00	-3.401998e+00
204.573	1.261	-1.374	1.914497e+01	2.914737e+00	-2.917102e+00
207.531	1.267	-1.697	1.762712e+01	2.602158e+00	-2.604270e+00
210.128	1.707	-1.330	1.680842e+01	2.508556e+00	-2.510492e+00
213.396	1.061	-1.562	1.946530e+01	2.904823e+00	-2.906914e+00
215.567	1.107	-1.110	2.302750e+01	3.436504e+00	-3.439031e+00
217.908	1.276	-1.234	2.034100e+01	3.035706e+00	-3.038009e+00
220.366	1.345	-1.182	1.991972e+01	3.032002e+00	-3.034057e+00
223.072	0.918	-1.361	2.208138e+01	3.361174e+00	-3.363535e+00
225.098	1.217	-1.108	2.196737e+01	3.278279e+00	-3.280680e+00
227.114	0.632	-0.799	3.571161e+01	5.329036e+00	-5.332732e+00
228.511	0.697	-0.765	3.491083e+01	5.209126e+00	-5.212497e+00
230.226	0.640	-1.018	2.984798e+01	4.634575e+00	-4.637419e+00
231.615	0.630	-0.748	3.699019e+01	5.519406e+00	-5.522986e+00
233.171	0.700	-0.926	3.043572e+01	4.726087e+00	-4.729134e+00
235.076	0.951	-1.205	2.330261e+01	3.546616e+00	-3.548844e+00
236.910	0.788	-0.883	3.052982e+01	4.555439e+00	-4.558396e+00
238.547	0.972	-0.850	2.799459e+01	4.177300e+00	-4.180098e+00
240.646	1.284	-1.127	2.052255e+01	3.186358e+00	-3.188177e+00
242.924	0.857	-0.993	2.755510e+01	4.111777e+00	-4.114564e+00
244.604	0.984	-0.823	2.778816e+01	4.229392e+00	-4.232098e+00
246.873	1.323	-1.285	1.925825e+01	2.930888e+00	-2.932623e+00
249.374	1.291	-1.177	2.066158e+01	3.082981e+00	-3.084987e+00
252.183	1.588	-1.519	1.592734e+01	2.472958e+00	-2.474404e+00
254.823	0.947	-1.052	2.511903e+01	3.822998e+00	-3.825357e+00
257.475	1.329	-1.705	1.680837e+01	2.508104e+00	-2.509778e+00
260.425	1.469	-1.621	1.650452e+01	2.463074e+00	-2.464901e+00
263.028	1.209	-1.134	2.177740e+01	3.249646e+00	-3.251860e+00
265.405	1.499	-1.168	1.913341e+01	2.855313e+00	-2.857379e+00
268.530	1.776	-1.626	1.455604e+01	2.260180e+00	-2.261581e+00
272.008	2.274	-1.702	1.283109e+01	1.914588e+00	-1.915846e+00
276.714	2.135	-2.432	1.067413e+01	1.691337e+00	-1.692433e+00
281.365	1.894	-2.516	1.156768e+01	1.726358e+00	-1.727661e+00
285.272	1.903	-2.013	1.302965e+01	1.944564e+00	-1.946045e+00
289.540	1.840	-2.364	1.213633e+01	1.811184e+00	-1.812528e+00
293.589	2.094	-2.210	1.186087e+01	1.770057e+00	-1.771359e+00
297.704	1.812	-2.020	1.312524e+01	1.997988e+00	-1.999448e+00
301.911	2.179	-2.396	1.116498e+01	1.666288e+00	-1.667563e+00
306.461	2.640	-2.372	9.752420e+00	1.545463e+00	-1.546567e+00
311.304	1.729	-2.203	8.672814e+00	1.584750e+00	-1.585622e+00
315.497	2.001	-2.464	1.143007e+01	1.705868e+00	-1.707183e+00
319.942	2.006	-2.443	1.112756e+01	1.727984e+00	-1.729149e+00
323.864	1.509	-1.916	9.715251e+00	1.828854e+00	-1.829783e+00
327.620	2.062	-2.247	1.185782e+01	1.769682e+00	-1.771031e+00
332.029	1.676	-2.347	1.270215e+01	1.895606e+00	-1.897002e+00
335.536	1.727	-1.831	1.436295e+01	2.143538e+00	-2.145164e+00
339.676	1.804	-2.413	1.212295e+01	1.809395e+00	-1.810861e+00
343.899	1.881	-2.419	1.188721e+01	1.774150e+00	-1.775552e+00
348.128	2.007	-2.348	1.172497e+01	1.749880e+00	-1.751229e+00
351.918	1.773	-1.783	1.435797e+01	2.142762e+00	-2.144369e+00
355.513	1.812	-1.821	1.405765e+01	2.097917e+00	-2.099474e+00
359.025	2.128	-1.701	1.315059e+01	2.001839e+00	-2.003297e+00
362.615	1.461	-1.462	1.748368e+01	2.609341e+00	-2.611358e+00
365.530	1.576	-1.454	1.686763e+01	2.517322e+00	-2.519223e+00
368.414	1.220	-1.308	2.020812e+01	3.015909e+00	-3.018217e+00
371.163	1.521	-1.529	1.625646e+01	2.524710e+00	-2.526569e+00
374.091	1.230	-1.407	1.937541e+01	2.891780e+00	-2.894079e+00
376.631	1.217	-1.311	2.020710e+01	3.015850e+00	-3.018213e+00
379.084	0.986	-1.236	2.264333e+01	3.447029e+00	-3.449638e+00
381.397	1.232	-1.326	1.996285e+01	2.979452e+00	-2.981820e+00
383.645	0.905	-1.017	2.618618e+01	3.986481e+00	-3.989568e+00
386.002	1.234	-1.452	1.901098e+01	2.837499e+00	-2.839822e+00
388.450	0.884	-1.214	2.435381e+01	3.634986e+00	-3.637985e+00
390.721	1.488	-1.387	1.777568e+01	2.653158e+00	-2.655351e+00
393.641	0.853	-1.432	2.237181e+01	3.339096e+00	-3.341814e+00
395.624	0.795	-1.130	2.615490e+01	3.981680e+00	-3.984740e+00
397.064	0.895	-0.646	3.267896e+01	4.974814e+00	-4.978605e+00
398.955	0.757	-0.995	2.915378e+01	4.351226e+00	-4.354701e+00
400.897	1.070	-1.185	2.195987e+01	3.410524e+00	-3.413061e+00
402.820	0.660	-0.852	3.325882e+01	5.063110e+00	-5.066983e+00
404.451	0.749	-0.971	2.923480e+01	4.450371e+00	-4.453686e+00
406.184	1.120	-0.983	2.355764e+01	3.658376e+00	-3.660925e+00
408.252	0.864	-0.949	2.774311e+01	4.223108e+00	-4.226145e+00
409.955	0.825	-0.839	3.024770e+01	4.604379e+00	-4.607701e+00
411.648	0.849	-0.868	2.976850e+01	4.442630e+00	-4.445975e+00
413.175	0.665	-0.678	3.804805e+01	5.678271e+00	-5.682550e+00
414.480	0.757	-0.640	3.659398e+01	5.461270e+00	-5.465388e+00
415.980	0.818	-0.744	3.174883e+01	4.930426e+00	-4.933862e+00
417.947	0.835	-1.148	2.500011e+01	3.882520e+00	-3.885305e+00
419.427	0.545	-0.645	4.230304e+01	6.440052e+00	-6.445041e+00
420.896	0.819	-0.923	2.890636e+01	4.400796e+00	-4.404326e+00
422.455	0.687	-0.740	3.661035e+01	5.404971e+00	-5.409634e+00
423.850	0.802	-0.709	3.333103e+01	5.074322e+00	-5.078333e+00
425.298	0.862	-0.646	3.336983e+01	5.080053e+00	-5.083963e+00
426.971	0.793	-0.810	3.187971e+01	4.757931e+00	-4.761647e+00
428.463	0.678	-0.699	3.601053e+01	5.592478e+00	-5.596511e+00
429.756	0.612	-0.616	4.162784e+01	6.212822e+00	-6.217684e+00
430.987	0.576	-0.619	4.273876e+01	6.378642e+00	-6.383644e+00
432.256	0.688	-0.692	3.696775e+01	5.517267e+00	-5.521555e+00
433.706	0.729	-0.762	3.372569e+01	5.133834e+00	-5.137553e+00
434.881	0.551	-0.446	5.122793e+01	7.644986e+00	-7.650605e+00
436.269	0.632	-0.838	3.421566e+01	5.208085e+00	-5.211661e+00
437.833	0.861	-0.932	2.845949e+01	4.247006e+00	-4.250046e+00
439.634	0.952	-0.939	2.698691e+01	4.027375e+00	-4.030330e+00
441.214	0.622	-0.629	3.959777e+01	6.149284e+00	-6.153544e+00
442.620	0.741	-0.784	3.346829e+01	4.994777e+00	-4.998533e+00
444.046	0.683	-0.685	3.729645e+01	5.566010e+00	-5.570149e+00
445.806	0.892	-1.077	2.552516e+01	3.885396e+00	-3.888136e+00
447.388	0.666	-0.689	3.763907e+01	5.616962e+00	-5.621034e+00
448.750	0.758	-0.695	3.406507e+01	5.289826e+00	-5.293335e+00
450.252	0.967	-0.744	2.981424e+01	4.449135e+00	-4.452296e+00
451.842	0.831	-0.622	3.510523e+01	5.238629e+00	-5.242309e+00
453.430	0.928	-0.757	3.028119e+01	4.518691e+00	-4.521827e+00
455.181	0.906	-0.823	2.906479e+01	4.423839e+00	-4.426751e+00
456.846	0.620	-0.759	3.700138e+01	5.521364e+00	-5.525114e+00
458.223	0.663	-0.757	3.540199e+01	5.388403e+00	-5.391953e+00
459.728	0.782	-0.842	3.140812e+01	4.686858e+00	-4.690112e+00
461.149	0.599	-0.639	4.120122e+01	6.148319e+00	-6.152642e+00
462.582	0.780	-0.834	3.161589e+01	4.717935e+00	-4.721254e+00
464.150	0.738	-0.789	3.340832e+01	4.985350e+00	-4.988820e+00
465.854	0.851	-0.965	2.807392e+01	4.189266e+00	-4.192147e+00
467.497	0.845	-0.792	3.069407e+01	4.671924e+00	-4.675058e+00
469.107	0.808	-0.765	3.242483e+01	4.838896e+00	-4.842443e+00
470.830	0.818	-0.915	2.855655e+01	4.434803e+00	-4.437965e+00
473.016	1.184	-1.369	1.997490e+01	2.981250e+00	-2.983619e+00
475.374	1.351	-1.174	2.022127e+01	3.018010e+00	-3.020401e+00
477.833	1.365	-1.108	2.064299e+01	3.080880e+00	-3.083279e+00
480.381	1.201	-1.183	2.141361e+01	3.195733e+00	-3.198128e+00
482.576	1.223	-0.994	2.302866e+01	3.436707e+00	-3.439251e+00
484.952	1.087	-1.153	2.211116e+01	3.433764e+00	-3.436168e+00
487.776	1.404	-1.738	1.624152e+01	2.423913e+00	-2.425761e+00
490.528	1.252	-1.347	1.963215e+01	2.929816e+00	-2.931980e+00
493.561	1.238	-1.782	1.665141e+01	2.534731e+00	-2.536567e+00
495.962	1.095	-1.163	2.261053e+01	3.374595e+00	-3.377264e+00
499.138	1.829	-2.081	1.286290e+01	1.958128e+00	-1.959604e+00
502.687	1.906	-1.720	1.408136e+01	2.101576e+00	-2.103208e+00
505.883	1.540	-1.290	1.804109e+01	2.692727e+00	-2.694925e+00
508.449	1.214	-1.025	2.280811e+01	3.404222e+00	-3.406996e+00
511.186	1.488	-1.522	1.697137e+01	2.532944e+00	-2.534940e+00
514.201	1.645	-1.527	1.586660e+01	2.415336e+00	-2.417128e+00
517.829	1.502	-1.983	1.465289e+01	2.186813e+00	-2.188474e+00
521.031	1.613	-1.700	1.518582e+01	2.311631e+00	-2.313303e+00
524.243	1.790	-1.599	1.484304e+01	2.259432e+00	-2.261055e+00
527.956	1.765	-1.923	1.385169e+01	2.067206e+00	-2.068757e+00
532.035	1.737	-2.314	1.261571e+01	1.882835e+00	-1.884298e+00
536.098	2.330	-2.326	1.097588e+01	1.638228e+00	-1.639578e+00
540.884	2.047	-2.456	1.117250e+01	1.700794e+00	-1.702073e+00
544.501	1.283	-1.569	1.790569e+01	2.672258e+00	-2.674285e+00
547.902	1.866	-2.119	1.243239e+01	1.930714e+00	-1.932077e+00
552.156	2.232	-2.387	1.088434e+01	1.656920e+00	-1.658161e+00
556.927	2.472	-2.540	1.018132e+01	1.519348e+00	-1.520431e+00
561.546	1.436	-2.147	1.425475e+01	2.127496e+00	-2.129173e+00
565.075	2.341	-2.092	1.117939e+01	1.736213e+00	-1.737490e+00
569.395	1.365	-1.980	1.526958e+01	2.279095e+00	-2.280973e+00
572.386	1.655	-1.625	1.533223e+01	2.334245e+00	-2.336127e+00
575.809	1.839	-1.767	9.019017e+00	1.749788e+00	-1.750598e+00
579.771	2.234	-2.123	1.171659e+01	1.748509e+00	-1.749786e+00
583.755	1.664	-1.750	9.964573e+00	1.820538e+00	-1.821392e+00
587.311	2.290	-1.893	1.183884e+01	1.838352e+00	-1.839539e+00
591.688	2.132	-2.086	9.766963e+00	1.646307e+00	-1.647232e+00
596.106	2.480	-2.286	1.038823e+01	1.613123e+00	-1.614180e+00
600.924	2.752	-2.338	9.876381e+00	1.503442e+00	-1.504547e+00
606.167	2.179	-2.491	1.060447e+01	1.646712e+00	-1.647797e+00
610.402	1.843	-2.055	8.534685e+00	1.606492e+00	-1.607232e+00
614.333	1.696	-2.089	8.994089e+00	1.643316e+00	-1.644138e+00
618.526	2.039	-2.498	1.092043e+01	1.695882e+00	-1.697062e+00
622.464	1.816	-1.899	1.313344e+01	2.081112e+00	-2.082515e+00
626.502	2.009	-2.222	1.189071e+01	1.810041e+00	-1.811351e+00
630.327	2.045	-1.816	1.303048e+01	1.983438e+00	-1.984814e+00
634.429	1.858	-2.058	1.304062e+01	1.945913e+00	-1.947226e+00
638.177	1.542	-1.890	1.465942e+01	2.231213e+00	-2.232658e+00
641.378	1.957	-1.659	1.391644e+01	2.118337e+00	-2.119832e+00
645.472	1.849	-2.138	1.204478e+01	1.947767e+00	-1.948973e+00
649.396	1.396	-2.075	1.426651e+01	2.215427e+00	-2.216920e+00
652.734	1.943	-1.941	1.313973e+01	1.960875e+00	-1.962298e+00
656.237	1.351	-1.561	1.750926e+01	2.612767e+00	-2.614557e+00
659.569	1.798	-1.981	1.309139e+01	2.032702e+00	-2.033930e+00
662.848	1.125	-1.480	1.957319e+01	2.920525e+00	-2.922395e+00
665.482	1.523	-1.510	1.631438e+01	2.533120e+00	-2.534641e+00
668.680	1.482	-1.674	1.617640e+01	2.413891e+00	-2.415555e+00
671.679	1.230	-1.517	1.858598e+01	2.773707e+00	-2.775765e+00
673.864	0.937	-0.955	2.697091e+01	4.025038e+00	-4.028020e+00
675.763	0.907	-0.961	2.652060e+01	4.118359e+00	-4.121140e+00
677.665	1.004	-0.995	2.552987e+01	3.809896e+00	-3.812669e+00
679.662	0.917	-0.992	2.674297e+01	3.990961e+00	-3.993882e+00
681.491	0.963	-0.912	2.682144e+01	4.082736e+00	-4.085628e+00
683.378	1.154	-0.924	2.420383e+01	3.684378e+00	-3.687043e+00
685.627	0.908	-1.095	2.548394e+01	3.803354e+00	-3.806306e+00
687.812	1.000	-1.277	2.241649e+01	3.345565e+00	-3.348169e+00
690.161	1.327	-1.349	1.879415e+01	2.860917e+00	-2.862996e+00
692.306	1.022	-0.818	2.733702e+01	4.161276e+00	-4.164259e+00
694.299	1.128	-0.971	2.431495e+01	3.628801e+00	-3.631566e+00
696.728	1.114	-1.301	2.051683e+01	3.186278e+00	-3.188570e+00
699.070	1.100	-1.228	2.158915e+01	3.286439e+00	-3.288859e+00
701.157	1.036	-0.987	2.410579e+01	3.819728e+00	-3.822272e+00
703.391	1.211	-1.198	2.055629e+01	3.192210e+00	-3.194391e+00
706.132	1.473	-1.530	1.674065e+01	2.548215e+00	-2.550001e+00
709.034	1.558	-1.429	1.683737e+01	2.562894e+00	-2.564665e+00
711.797	1.808	-1.204	1.620296e+01	2.567330e+00	-2.568958e+00
715.187	1.716	-1.583	1.525469e+01	2.322099e+00	-2.323770e+00
718.582	1.577	-1.679	1.568482e+01	2.340803e+00	-2.342571e+00
721.360	1.150	-1.202	2.169508e+01	3.237669e+00	-3.240054e+00
724.906	1.997	-2.396	1.161642e+01	1.733558e+00	-1.734824e+00
728.682	1.411	-1.778	1.575910e+01	2.398823e+00	-2.400515e+00
731.978	1.495	-1.885	1.487960e+01	2.264979e+00	-2.266596e+00
735.022	1.323	-1.548	1.725403e+01	2.679436e+00	-2.681289e+00
738.155	1.512	-1.810	1.514362e+01	2.305162e+00	-2.306803e+00
740.778	1.102	-1.111	2.305402e+01	3.440365e+00	-3.442838e+00
743.640	1.428	-1.760	1.598945e+01	2.385984e+00	-2.387622e+00
746.545	1.494	-1.477	1.690329e+01	2.572661e+00	-2.574283e+00
749.690	1.513	-1.650	1.611535e+01	2.404753e+00	-2.406394e+00
753.023	1.830	-1.821	1.377418e+01	2.096637e+00	-2.098089e+00
756.623	1.495	-1.769	1.563776e+01	2.333754e+00	-2.335503e+00
759.872	1.919	-1.754	1.390274e+01	2.074817e+00	-2.076369e+00
763.669	2.603	-1.878	1.122026e+01	1.707941e+00	-1.709153e+00
768.663	2.007	-2.391	1.160478e+01	1.731835e+00	-1.733106e+00
772.326	1.968	-1.656	1.408484e+01	2.101971e+00	-2.103530e+00
776.111	1.943	-1.817	1.358240e+01	2.026997e+00	-2.028506e+00
779.666	1.534	-1.613	1.598325e+01	2.433031e+00	-2.434800e+00
782.898	2.036	-1.698	1.367289e+01	2.040571e+00	-2.042130e+00
786.869	1.745	-1.935	1.387783e+01	2.071137e+00	-2.072708e+00
790.191	1.400	-1.577	1.715438e+01	2.560074e+00	-2.561982e+00
! PC data
4010.391	12.916	-9.650	4.792923e+00	1.074743e+00	-1.074743e+00
4032.843	8.015	-9.536	7.060678e+00	1.474050e+00	-1.474050e+00
4051.183	7.226	-10.325	6.470119e+00	1.413783e+00	-1.413783e+00
4071.851	9.124	-13.441	5.277340e+00	1.126568e+00	-1.126568e+00
4089.390	9.137	-8.414	6.513375e+00	1.427050e+00	-1.427050e+00
4107.626	8.452	-9.099	7.038678e+00	1.478477e+00	-1.478477e+00
4124.015	7.107	-7.937	7.479111e+00	1.640837e+00	-1.640837e+00
4140.848	10.332	-9.726	5.656008e+00	1.244207e+00	-1.244207e+00
4161.432	9.806	-10.253	5.951740e+00	1.277051e+00	-1.277051e+00
4178.633	5.141	-7.395	8.537656e+00	1.919841e+00	-1.919841e+00
4192.922	10.912	-9.147	5.356657e+00	1.206238e+00	-1.206238e+00
4213.735	7.650	-9.901	6.069928e+00	1.366856e+00	-1.366856e+00
4230.157	8.778	-8.773	6.130354e+00	1.374642e+00	-1.374642e+00
4249.530	9.464	-10.594	5.889194e+00	1.263631e+00	-1.263631e+00
4266.677	7.361	-7.683	8.162166e+00	1.712364e+00	-1.712364e+00
4284.586	7.003	-10.548	7.346913e+00	1.499682e+00	-1.499682e+00
4298.858	7.775	-7.269	7.175539e+00	1.604499e+00	-1.604499e+00
4316.600	7.584	-9.967	6.441638e+00	1.415125e+00	-1.415125e+00
4336.374	10.376	-12.190	5.219268e+00	1.122765e+00	-1.122765e+00
4354.144	10.158	-7.394	6.084343e+00	1.373980e+00	-1.373980e+00
4369.852	6.986	-5.551	8.982419e+00	1.968006e+00	-1.968006e+00
4388.012	8.884	-11.174	6.518808e+00	1.332202e+00	-1.332202e+00
4405.234	6.706	-8.338	8.231927e+00	1.724884e+00	-1.724884e+00
4418.444	11.047	-6.504	6.461350e+00	1.419456e+00	-1.419456e+00
4441.368	8.182	-11.877	5.586598e+00	1.232253e+00	-1.232253e+00
4456.569	5.517	-7.019	8.653301e+00	1.937653e+00	-1.937653e+00
4474.201	7.944	-12.115	5.604959e+00	1.234638e+00	-1.234638e+00
4489.008	5.673	-6.864	9.000833e+00	1.969401e+00	-1.969401e+00
4502.576	9.656	-7.895	6.152557e+00	1.379621e+00	-1.379621e+00
4522.320	4.956	-10.088	7.449628e+00	1.640974e+00	-1.640974e+00
4537.804	7.024	-10.528	6.051617e+00	1.368526e+00	-1.368526e+00
4559.865	10.035	-15.038	4.693830e+00	1.005854e+00	-1.005854e+00
4576.764	5.673	-6.864	8.992456e+00	1.972848e+00	-1.972848e+00
4588.943	6.031	-6.506	9.097310e+00	1.987849e+00	-1.987849e+00
4603.746	8.779	-8.772	7.071731e+00	1.478161e+00	-1.478161e+00
4623.348	9.235	-10.823	5.869749e+00	1.265951e+00	-1.265951e+00
4640.855	9.280	-8.272	6.119352e+00	1.376043e+00	-1.376043e+00
4661.663	11.037	-11.529	4.750833e+00	1.068308e+00	-1.068308e+00
4686.484	11.289	-13.784	5.099833e+00	1.050817e+00	-1.050817e+00
4704.610	5.700	-6.837	9.400844e+00	2.009387e+00	-2.009387e+00
4718.286	7.067	-7.976	7.875400e+00	1.685484e+00	-1.685484e+00
4736.004	14.423	-10.650	4.277952e+00	9.633299e-01	-9.633299e-01
4760.614	12.378	-10.187	5.480900e+00	1.147041e+00	-1.147041e+00
4783.333	7.211	-10.340	7.332688e+00	1.505571e+00	-1.505571e+00
4801.025	7.070	-10.482	6.713371e+00	1.438628e+00	-1.438628e+00
4816.272	4.359	-8.177	8.941894e+00	1.972342e+00	-1.972342e+00
4831.660	11.538	-11.028	4.751512e+00	1.071481e+00	-1.071481e+00
4853.726	9.529	-10.529	5.277484e+00	1.196854e+00	-1.196854e+00
4872.028	8.779	-8.773	6.385996e+00	1.402901e+00	-1.402901e+00
4888.268	5.075	-7.461	9.112869e+00	1.991249e+00	-1.991249e+00
4906.226	9.683	-12.883	5.919428e+00	1.193251e+00	-1.193251e+00
4924.557	6.396	-8.648	7.220955e+00	1.616921e+00	-1.616921e+00
4942.013	11.506	-11.060	5.445480e+00	1.145231e+00	-1.145231e+00
4964.510	6.560	-10.991	7.956157e+00	1.567089e+00	-1.567089e+00
4984.172	9.464	-13.102	5.163769e+00	1.119459e+00	-1.119459e+00
5002.409	8.778	-8.773	7.297864e+00	1.500183e+00	-1.500183e+00
5024.857	11.403	-13.670	4.643865e+00	1.005446e+00	-1.005446e+00
5048.852	12.482	-12.591	4.477130e+00	9.835541e-01	-9.835541e-01
5070.107	8.777	-8.774	6.099482e+00	1.369645e+00	-1.369645e+00
5085.903	8.026	-7.018	7.114593e+00	1.599840e+00	-1.599840e+00
5100.879	8.093	-6.950	7.805610e+00	1.672687e+00	-1.672687e+00
5126.725	9.828	-17.752	4.674606e+00	9.598050e-01	-9.598050e-01
5146.757	9.854	-10.204	5.582752e+00	1.229746e+00	-1.229746e+00
5165.135	6.520	-8.523	7.129895e+00	1.601025e+00	-1.601025e+00
5184.563	9.658	-12.908	4.764439e+00	1.066856e+00	-1.066856e+00
5205.976	13.317	-11.756	4.516545e+00	9.935479e-01	-9.935479e-01
5227.232	9.613	-7.938	6.394022e+00	1.400900e+00	-1.400900e+00
5251.884	15.049	-15.039	3.545067e+00	8.005548e-01	-8.005548e-01
5275.944	11.047	-9.012	5.601262e+00	1.232164e+00	-1.232164e+00
5302.410	12.162	-15.418	4.513193e+00	9.445192e-01	-9.445192e-01
5326.729	7.901	-12.157	5.302017e+00	1.188900e+00	-1.188900e+00
5348.413	16.305	-13.783	3.583197e+00	8.057444e-01	-8.057444e-01
5377.773	9.511	-13.055	5.709091e+00	1.174969e+00	-1.174969e+00
5402.975	9.382	-15.691	5.372175e+00	1.078061e+00	-1.078061e+00
5425.640	14.298	-13.283	3.877221e+00	8.743252e-01	-8.743252e-01
5449.084	13.419	-9.147	4.753391e+00	1.073421e+00	-1.073421e+00
5474.786	10.283	-12.283	4.734632e+00	1.070700e+00	-1.070700e+00
5493.968	8.652	-8.899	6.131764e+00	1.380780e+00	-1.380780e+00
5513.022	12.164	-10.402	4.751985e+00	1.070075e+00	-1.070075e+00
5537.420	10.332	-12.233	4.979868e+00	1.089605e+00	-1.089605e+00
5560.104	12.721	-12.352	4.472639e+00	9.865440e-01	-9.865440e-01
5592.992	12.428	-20.167	3.603026e+00	7.770781e-01	-7.770781e-01
5617.576	12.917	-12.156	4.255871e+00	9.556601e-01	-9.556601e-01
5639.768	8.277	-9.274	6.132997e+00	1.377171e+00	-1.377171e+00
5664.547	8.571	-16.502	5.122786e+00	1.056792e+00	-1.056792e+00
5691.794	18.933	-18.677	3.145778e+00	6.732558e-01	-6.732558e-01
5728.900	9.408	-18.173	4.648366e+00	9.577926e-01	-9.577926e-01
5748.458	9.908	-10.150	5.397526e+00	1.208618e+00	-1.208618e+00
5777.046	13.915	-18.680	3.468843e+00	7.620497e-01	-7.620497e-01
5801.644	9.376	-10.682	5.615939e+00	1.230426e+00	-1.230426e+00
5829.438	14.177	-18.418	3.260552e+00	7.373486e-01	-7.373486e-01
5857.282	8.899	-13.667	5.081073e+00	1.113239e+00	-1.113239e+00
5876.582	12.165	-10.401	4.717720e+00	1.065366e+00	-1.065366e+00
5898.090	8.208	-9.344	6.729232e+00	1.442027e+00	-1.442027e+00
5922.591	13.795	-16.293	3.556198e+00	7.985478e-01	-7.985478e-01
5956.970	17.026	-20.584	2.970582e+00	6.552306e-01	-6.552306e-01
5985.044	14.024	-11.049	4.713930e+00	1.008870e+00	-1.008870e+00
6011.727	12.414	-12.659	4.273676e+00	9.596581e-01	-9.596581e-01
6040.196	9.019	-16.054	4.470390e+00	9.820735e-01	-9.820735e-01
6068.513	18.312	-19.298	2.840122e+00	6.413625e-01	-6.413625e-01
6102.365	12.041	-15.540	3.888534e+00	8.744048e-01	-8.744048e-01
6131.196	15.804	-16.791	3.287734e+00	7.372263e-01	-7.372263e-01
6156.002	8.550	-9.001	6.749471e+00	1.446364e+00	-1.446364e+00
6187.883	14.278	-23.331	2.970170e+00	6.578015e-01	-6.578015e-01
6215.693	16.556	-13.532	3.581248e+00	8.019154e-01	-8.019154e-01
6243.903	18.434	-11.654	3.572410e+00	8.033188e-01	-8.033188e-01
6281.020	16.420	-18.683	3.331939e+00	7.186117e-01	-7.186117e-01
6319.102	13.440	-21.663	3.205456e+00	7.023002e-01	-7.023002e-01
6344.049	13.566	-11.507	4.743823e+00	1.016568e+00	-1.016568e+00
6376.813	10.889	-19.198	4.471157e+00	9.002880e-01	-9.002880e-01
6402.903	14.888	-15.200	4.107670e+00	8.596517e-01	-8.596517e-01
6434.799	13.079	-17.008	3.759429e+00	8.269979e-01	-8.269979e-01
6467.801	17.687	-19.923	2.870554e+00	6.454943e-01	-6.454943e-01
6503.943	14.141	-18.455	3.607307e+00	7.730203e-01	-7.730203e-01
6546.367	31.879	-28.283	3.359439e+00	5.502494e-01	-5.502494e-01
9739.557	13.196	-14.384	3.331924e+00	7.280743e-01	-7.280743e-01
9770.837	17.019	-18.084	2.578773e+00	5.634997e-01	-5.634997e-01
9805.528	12.415	-17.672	2.886040e+00	6.509070e-01	-6.509070e-01
9829.350	8.652	-11.406	4.312220e+00	9.656186e-01	-9.656186e-01
9854.422	16.175	-16.420	2.615410e+00	5.864962e-01	-5.864962e-01
9886.266	9.404	-15.669	3.364750e+00	7.556134e-01	-7.556134e-01
9904.820	13.416	-9.150	3.812861e+00	8.562447e-01	-8.562447e-01
9930.590	15.226	-12.354	3.240624e+00	7.119968e-01	-7.119968e-01
9962.609	18.310	-16.793	2.471205e+00	5.541587e-01	-5.541587e-01
9993.394	10.091	-12.475	3.970019e+00	8.710611e-01	-8.710611e-01
10022.402	16.185	-18.918	2.566880e+00	5.655150e-01	-5.655150e-01
10053.137	13.031	-14.550	3.566127e+00	7.491624e-01	-7.491624e-01
10075.819	10.407	-9.651	4.304773e+00	9.667120e-01	-9.667120e-01
10107.415	11.406	-21.189	2.751474e+00	6.045257e-01	-6.045257e-01
10135.592	13.317	-16.771	2.978037e+00	6.516309e-01	-6.516309e-01
10162.821	16.176	-13.912	2.863293e+00	6.448495e-01	-6.448495e-01
10196.092	12.992	-17.096	3.559438e+00	7.127007e-01	-7.127007e-01
10224.424	9.733	-15.340	3.578238e+00	7.872502e-01	-7.872502e-01
10255.714	21.068	-21.556	1.996483e+00	4.489881e-01	-4.489881e-01
10289.691	17.178	-12.910	2.832984e+00	6.380235e-01	-6.380235e-01
10325.671	13.794	-18.801	2.778136e+00	6.095502e-01	-6.095502e-01
10354.881	12.164	-15.417	3.059276e+00	6.889873e-01	-6.889873e-01
10380.708	11.410	-13.663	3.413267e+00	7.654128e-01	-7.654128e-01
10408.160	16.553	-16.042	2.630167e+00	5.889630e-01	-5.889630e-01
10440.004	12.289	-15.291	3.120498e+00	6.997604e-01	-6.997604e-01
10464.176	10.684	-11.882	4.718380e+00	9.480020e-01	-9.480020e-01
10488.875	16.073	-14.015	3.127742e+00	6.685703e-01	-6.685703e-01
10525.797	19.267	-20.850	2.324542e+00	4.994790e-01	-4.994790e-01
10559.853	17.806	-14.789	2.615997e+00	5.874678e-01	-5.874678e-01
10596.103	14.151	-18.444	2.789232e+00	6.111504e-01	-6.111504e-01
10627.675	22.696	-17.421	2.104674e+00	4.733192e-01	-4.733192e-01
10668.170	12.289	-17.799	2.843715e+00	6.386061e-01	-6.386061e-01
10699.041	14.013	-18.582	3.015445e+00	6.326863e-01	-6.326863e-01
10728.595	17.054	-15.541	2.628508e+00	5.902774e-01	-5.902774e-01
10763.251	12.486	-17.602	3.266180e+00	6.835886e-01	-6.835886e-01
10795.665	17.681	-19.928	2.264330e+00	5.084950e-01	-5.084950e-01
10824.878	11.034	-11.531	3.793602e+00	8.507016e-01	-8.507016e-01
10851.455	12.038	-15.542	3.092257e+00	6.944205e-01	-6.944205e-01
10885.016	18.594	-21.523	2.431671e+00	5.102016e-01	-5.102016e-01
10919.067	14.630	-15.458	2.989938e+00	6.569187e-01	-6.569187e-01
10945.981	15.298	-12.283	3.120230e+00	6.997003e-01	-6.997003e-01
10971.431	14.920	-10.153	3.403213e+00	7.642510e-01	-7.642510e-01
10997.005	11.912	-10.654	3.779083e+00	8.462355e-01	-8.462355e-01
11021.451	17.554	-12.534	2.850246e+00	6.400726e-01	-6.400726e-01
11061.772	17.350	-22.767	2.550323e+00	5.236941e-01	-5.236941e-01
11090.276	18.933	-11.155	2.834354e+00	6.410938e-01	-6.410938e-01
11121.492	20.313	-12.282	2.652482e+00	5.973721e-01	-5.973721e-01
11167.993	26.465	-26.188	1.611202e+00	3.613062e-01	-3.613062e-01
11220.302	19.288	-25.843	1.990551e+00	4.361509e-01	-4.361509e-01
11266.533	25.711	-26.943	1.610212e+00	3.631615e-01	-3.631615e-01
11313.676	18.685	-21.432	2.147183e+00	4.814981e-01	-4.814981e-01
11360.587	24.427	-28.226	1.717427e+00	3.773356e-01	-3.773356e-01
11408.952	21.194	-23.938	1.909842e+00	4.301203e-01	-4.301203e-01
11455.838	26.962	-25.692	1.624778e+00	3.659203e-01	-3.659203e-01
11502.169	18.240	-19.369	2.509947e+00	5.358172e-01	-5.358172e-01
11543.622	21.919	-23.213	1.980635e+00	4.345706e-01	-4.345706e-01
11588.345	37.372	-22.803	1.413521e+00	3.192594e-01	-3.192594e-01
11641.132	19.687	-15.415	2.425429e+00	5.454538e-01	-5.454538e-01
11674.857	18.557	-14.038	2.615975e+00	5.916992e-01	-5.916992e-01
11720.360	25.708	-26.946	1.592210e+00	3.601371e-01	-3.601371e-01
11766.245	22.447	-20.177	2.005954e+00	4.504722e-01	-4.504722e-01
11810.227	16.075	-21.535	2.490186e+00	5.329823e-01	-5.329823e-01
11862.138	29.354	-35.836	1.301240e+00	2.951746e-01	-2.951746e-01
11912.421	19.189	-20.928	2.113270e+00	4.766193e-01	-4.766193e-01
11952.913	26.336	-21.303	1.824403e+00	4.091157e-01	-4.091157e-01
11995.540	21.318	-16.292	2.408528e+00	5.284546e-01	-5.284546e-01
12043.933	20.564	-27.075	1.810597e+00	4.077692e-01	-4.077692e-01
12086.683	17.931	-22.186	2.154399e+00	4.838080e-01	-4.838080e-01
12134.444	22.825	-29.829	1.624874e+00	3.664682e-01	-3.664682e-01
12171.892	15.464	-14.623	3.001500e+00	6.567650e-01	-6.567650e-01
12209.852	27.650	-22.496	1.811335e+00	3.958033e-01	-3.958033e-01
12259.812	17.808	-22.310	2.124277e+00	4.791017e-01	-4.791017e-01
12300.238	22.513	-22.618	1.990117e+00	4.372482e-01	-4.372482e-01
12345.199	17.654	-22.447	2.366011e+00	5.064048e-01	-5.064048e-01
15517.955	23.946	-18.679	1.078025e+00	2.365823e-01	-2.365823e-01
15571.980	25.081	-30.080	7.975257e-01	1.793974e-01	-1.793974e-01
15631.259	18.455	-34.198	9.062357e-01	1.991647e-01	-1.991647e-01
15696.708	35.748	-46.994	5.396502e-01	1.215718e-01	-1.215718e-01
15756.143	26.459	-23.687	8.929944e-01	2.017762e-01	-2.017762e-01
15817.944	27.341	-35.342	7.242509e-01	1.624297e-01	-1.624297e-01
15873.360	34.608	-28.075	7.053022e-01	1.591277e-01	-1.591277e-01
15932.534	23.072	-24.567	9.467756e-01	2.132886e-01	-2.132886e-01
15989.072	24.203	-33.465	7.792185e-01	1.750180e-01	-1.750180e-01
16034.706	26.208	-21.431	9.404812e-01	2.109242e-01	-2.109242e-01
16088.548	20.004	-27.635	9.814082e-01	2.150731e-01	-2.150731e-01
16146.906	26.837	-38.354	6.968151e-01	1.565096e-01	-1.565096e-01
16200.941	17.933	-27.198	1.011183e+00	2.261075e-01	-2.261075e-01
16259.605	36.997	-40.730	5.770971e-01	1.296201e-01	-1.296201e-01
16335.687	33.626	-39.086	6.417118e-01	1.406295e-01	-1.406295e-01
16398.012	26.462	-28.699	8.111028e-01	1.821795e-01	-1.821795e-01
16459.810	42.391	-35.336	5.682013e-01	1.283877e-01	-1.283877e-01
16536.289	36.117	-34.088	6.381248e-01	1.433274e-01	-1.433274e-01
16608.511	31.592	-36.105	6.805599e-01	1.499947e-01	-1.499947e-01
16666.672	33.607	-26.569	7.322711e-01	1.649652e-01	-1.649652e-01
16730.109	30.346	-29.830	7.312532e-01	1.647359e-01	-1.647359e-01
16795.724	29.920	-35.270	7.153540e-01	1.572144e-01	-1.572144e-01
16870.641	27.715	-44.997	6.065236e-01	1.376662e-01	-1.376662e-01
16925.752	17.737	-27.395	1.031471e+00	2.254042e-01	-2.254042e-01
16975.444	35.741	-31.956	6.494172e-01	1.463000e-01	-1.463000e-01
17049.318	34.580	-38.132	6.284756e-01	1.383179e-01	-1.383179e-01
17141.649	32.512	-57.751	5.793930e-01	1.197494e-01	-1.197494e-01
17208.881	25.456	-34.719	7.252391e-01	1.638711e-01	-1.638711e-01
17274.148	25.379	-39.811	7.066343e-01	1.557415e-01	-1.557415e-01
17350.527	49.293	-51.000	4.417164e-01	1.001081e-01	-1.001081e-01
17426.641	33.355	-26.821	7.364185e-01	1.658995e-01	-1.658995e-01
17484.526	23.109	-24.530	9.778488e-01	2.158250e-01	-2.158250e-01
17531.946	35.865	-24.311	7.464701e-01	1.674128e-01	-1.674128e-01
17593.105	24.852	-25.294	1.002425e+00	2.151697e-01	-2.151697e-01
17661.338	46.882	-43.381	5.246603e-01	1.154697e-01	-1.154697e-01
17739.301	34.110	-31.080	6.857689e-01	1.547206e-01	-1.547206e-01
17799.229	24.328	-25.819	8.930724e-01	2.005904e-01	-2.005904e-01
17843.864	14.796	-20.307	1.276406e+00	2.866899e-01	-2.866899e-01
17880.089	36.238	-21.430	7.664791e-01	1.724137e-01	-1.724137e-01
17941.812	24.662	-25.485	9.314133e-01	2.046980e-01	-2.046980e-01
18016.864	22.322	-50.390	6.077089e-01	1.366996e-01	-1.366996e-01
18088.244	61.249	-49.057	7.887381e-01	1.275615e-01	-1.275615e-01
21380.470	65.989	-91.971	2.944540e-01	6.658166e-02	-6.658166e-02
21484.059	35.112	-37.600	6.294888e-01	1.417603e-01	-1.417603e-01
21552.506	41.885	-33.335	6.108447e-01	1.371432e-01	-1.371432e-01
21629.610	37.492	-35.220	6.361982e-01	1.426907e-01	-1.426907e-01
21710.370	36.967	-43.267	6.158519e-01	1.347789e-01	-1.347789e-01
21804.327	40.795	-56.990	4.936432e-01	1.083472e-01	-1.083472e-01
21888.366	24.454	-43.244	6.913062e-01	1.556815e-01	-1.556815e-01
21947.019	28.483	-34.200	7.732346e-01	1.693854e-01	-1.693854e-01
22011.344	36.870	-35.842	6.388759e-01	1.437281e-01	-1.437281e-01
22088.817	44.645	-40.603	5.474378e-01	1.226586e-01	-1.226586e-01
22172.058	54.175	-38.596	4.883330e-01	1.098604e-01	-1.098604e-01
22256.186	37.745	-29.953	6.727177e-01	1.511878e-01	-1.511878e-01
22354.075	62.715	-60.144	3.684228e-01	8.322244e-02	-8.322244e-02
22454.886	39.630	-38.097	5.834409e-01	1.315241e-01	-1.315241e-01
22541.003	68.850	-46.487	3.982239e-01	8.958853e-02	-8.958853e-02
22649.579	43.016	-39.726	5.454446e-01	1.229587e-01	-1.229587e-01
22728.692	31.599	-36.098	6.669351e-01	1.498882e-01	-1.498882e-01
22802.486	33.025	-42.194	6.266937e-01	1.378164e-01	-1.378164e-01
22890.157	38.125	-54.646	4.847734e-01	1.092817e-01	-1.092817e-01
22978.530	62.581	-50.248	4.018229e-01	9.021483e-02	-9.021483e-02
23107.397	54.065	-66.286	3.728691e-01	8.405527e-02	-8.405527e-02
23206.948	52.300	-45.485	3.004039e-01	6.724184e-02	-6.724184e-02
23322.280	62.334	-63.032	3.608632e-01	8.151673e-02	-8.151673e-02
23454.040	53.433	-69.426	3.802917e-01	8.529428e-02	-8.529428e-02
23561.844	35.892	-54.372	5.398237e-01	1.182542e-01	-1.182542e-01
23651.628	56.430	-53.892	3.290169e-01	7.387061e-02	-7.387061e-02
23748.918	31.853	-40.860	3.637443e-01	8.175812e-02	-8.175812e-02
23853.089	80.625	-72.319	2.389138e-01	4.545239e-02	-4.545239e-02
27158.189	48.096	-87.895	2.961314e-01	6.663001e-02	-6.663001e-02
27272.575	89.164	-66.289	1.666114e-01	3.780216e-02	-3.780216e-02
27440.819	73.866	-79.080	1.682962e-01	3.810454e-02	-3.810454e-02
27588.756	56.309	-74.071	1.991481e-01	4.485525e-02	-4.485525e-02
27727.387	68.117	-82.322	1.728885e-01	3.902186e-02	-3.902186e-02
27873.197	65.223	-77.693	1.817587e-01	4.102392e-02	-4.102392e-02
28014.497	61.827	-76.076	1.886552e-01	4.244771e-02	-4.244771e-02
28170.806	68.493	-94.482	1.604614e-01	3.599181e-02	-3.599181e-02
28318.357	81.409	-79.059	1.618175e-01	3.675299e-02	-3.675299e-02
28518.934	68.882	-119.167	1.516125e-01	3.294261e-02	-3.294261e-02
28675.023	108.363	-87.207	1.351058e-01	3.043065e-02	-3.043065e-02
28864.209	82.153	-80.823	1.606058e-01	3.640140e-02	-3.640140e-02
29028.683	68.118	-82.321	1.721214e-01	3.888926e-02	-3.888926e-02
29193.919	78.395	-97.118	1.469480e-01	3.313241e-02	-3.313241e-02
29367.659	80.167	-95.345	1.488313e-01	3.362709e-02	-3.362709e-02
29587.911	133.196	-140.085	1.746381e-01	2.921605e-02	-2.921605e-02
32953.308	133.837	-96.836	2.255867e-01	5.094866e-02	-5.094866e-02
33231.002	134.455	-143.857	1.511428e-01	3.445349e-02	-3.445349e-02
33431.000	67.345	-65.543	1.948984e-01	4.403562e-02	-4.403562e-02
33586.202	60.074	-87.857	1.770218e-01	3.995484e-02	-3.995484e-02
33754.544	84.796	-108.268	1.351280e-01	3.056292e-02	-3.056292e-02
33964.030	70.880	-124.691	1.335190e-01	3.032573e-02	-3.032573e-02
34124.496	98.462	-89.586	1.409325e-01	3.174307e-02	-3.174307e-02
34286.746	84.144	-63.788	1.798693e-01	4.072494e-02	-4.072494e-02
34515.995	85.568	-145.105	8.637862e-02	2.252004e-02	-2.252004e-02
34691.056	53.424	-89.493	1.825015e-01	4.102052e-02	-4.102052e-02
34874.043	106.125	-129.563	1.100805e-01	2.500224e-02	-2.500224e-02
35082.670	90.562	-102.501	1.347315e-01	3.040966e-02	-3.040966e-02
35357.848	148.842	-184.616	1.237442e-01	2.219034e-02	-2.219034e-02
38759.534	72.187	-113.172	1.701539e-01	3.822231e-02	-3.822231e-02
38915.671	96.577	-83.950	1.521014e-01	3.337808e-02	-3.337808e-02
39102.232	65.469	-89.985	1.686272e-01	3.792913e-02	-3.792913e-02
39244.380	96.325	-76.679	1.522586e-01	3.433758e-02	-3.433758e-02
39443.226	93.050	-102.521	1.328788e-01	3.012575e-02	-3.012575e-02
39641.960	97.408	-105.684	1.345199e-01	2.964971e-02	-2.964971e-02
39856.231	96.260	-116.862	9.061628e-02	2.385395e-02	-2.385395e-02
40057.341	155.910	-104.851	9.971617e-02	2.244379e-02	-2.244379e-02
40318.641	105.225	-105.389	1.234007e-01	2.782951e-02	-2.782951e-02
40576.487	120.677	-152.621	7.151247e-02	1.877504e-02	-1.877504e-02
40797.994	109.785	-100.830	9.381516e-02	2.447875e-02	-2.447875e-02
41099.878	191.504	-192.100	1.085156e-01	1.935684e-02	-1.935684e-02
44589.732	148.916	-158.176	9.231817e-02	2.203243e-02	-2.203243e-02
44870.721	113.644	-132.073	8.135418e-02	2.130349e-02	-2.130349e-02
45111.441	88.553	-127.076	9.317520e-02	2.429130e-02	-2.429130e-02
45307.912	117.741	-107.918	9.476232e-02	2.390608e-02	-2.390608e-02
45594.802	121.698	-169.150	6.856214e-02	1.793786e-02	-1.793786e-02
45848.063	121.677	-131.562	7.821235e-02	2.042645e-02	-2.042645e-02
46164.010	89.057	-194.270	7.023953e-02	1.836045e-02	-1.836045e-02
46424.084	124.846	-171.018	6.733155e-02	1.767852e-02	-1.767852e-02
46683.980	130.726	-135.050	7.531271e-02	1.972147e-02	-1.972147e-02
46956.086	121.872	-141.380	1.126209e-01	2.425663e-02	-2.425663e-02
50501.393	101.595	-119.048	9.114340e-02	2.365431e-02	-2.365431e-02
50745.913	130.372	-142.925	7.299134e-02	1.899223e-02	-1.899223e-02
51185.081	207.711	-308.795	3.819300e-02	1.004667e-02	-1.004667e-02
51574.285	156.995	-181.493	5.877320e-02	1.530850e-02	-1.530850e-02
51868.665	90.781	-137.385	9.370987e-02	2.360889e-02	-2.360889e-02
52067.968	112.121	-108.523	9.058636e-02	2.350974e-02	-2.350974e-02
52536.141	328.431	-356.051	4.445503e-02	9.395070e-03	-9.395070e-03
56642.777	196.377	-415.564	3.751529e-02	9.863373e-03	-9.863373e-03
57219.011	269.538	-379.856	3.093377e-02	7.942741e-03	-7.942741e-03
57815.894	244.323	-327.345	3.318995e-02	8.720860e-03	-8.720860e-03
58350.566	298.856	-290.349	4.125737e-02	9.596491e-03	-9.596491e-03
62814.044	358.105	-476.830	2.225186e-02	5.962814e-03	-5.962814e-03
63826.390	609.434	-654.241	2.778309e-02	5.390324e-03	-5.390324e-03
69149.700	1072.249	-783.153	1.933730e-02	3.705438e-03	-3.705438e-03
81611.920	9146.060	-1217.501	1.379959e-02	3.689128e-03	-3.689128e-03
92074.541	1291.031	-1316.561	1.522104e-02	2.996186e-03	-2.996186e-03
97928.329	1223.691	-1425.827	8.951270e-03	2.346175e-03	-2.346175e-03
103676.421	1260.716	-1374.456	9.458082e-03	2.490174e-03	-2.490174e-03
109182.739	1540.103	-1100.737	1.465847e-02	3.020515e-03	-3.020515e-03
115076.731	1433.098	-1192.766	1.043619e-02	2.645829e-03	-2.645829e-03
123576.693	4503.927	-3932.386	4.321126e-03	1.146319e-03	-1.146319e-03
134896.604	4755.968	-3680.139	4.769684e-03	1.243739e-03	-1.243739e-03
