! WT data
111.827	0.589	-0.648	1.180667e+02	1.505003e+01	-1.519653e+01
112.993	0.494	-0.577	9.856117e+01	1.439930e+01	-1.450516e+01
114.117	0.575	-0.630	1.236945e+02	1.534453e+01	-1.549878e+01
115.218	0.491	-0.527	9.637487e+01	1.497050e+01	-1.506473e+01
116.324	0.591	-0.615	1.247506e+02	1.527144e+01	-1.543042e+01
117.480	0.604	-0.565	1.287391e+02	1.576393e+01	-1.592834e+01
118.719	0.575	-0.635	1.243848e+02	1.523053e+01	-1.538748e+01
119.869	0.612	-0.575	1.242875e+02	1.564620e+01	-1.580126e+01
121.013	0.601	-0.532	1.301384e+02	1.637206e+01	-1.653575e+01
122.149	0.602	-0.535	1.278242e+02	1.586598e+01	-1.602890e+01
123.320	0.532	-0.569	1.315662e+02	1.633364e+01	-1.650098e+01
124.484	0.696	-0.632	7.186446e+01	1.118624e+01	-1.125511e+01
125.836	0.569	-0.656	1.146342e+02	1.490662e+01	-1.501359e+01
127.034	0.494	-0.629	1.303614e+02	1.596377e+01	-1.613167e+01
128.020	0.486	-0.492	1.465831e+02	1.842991e+01	-1.861302e+01
129.090	0.517	-0.584	1.315663e+02	1.632511e+01	-1.649236e+01
130.082	0.570	-0.474	1.387380e+02	1.723220e+01	-1.740806e+01
131.193	0.411	-0.541	1.461012e+02	1.925450e+01	-1.938923e+01
132.129	0.482	-0.525	1.436110e+02	1.780023e+01	-1.789717e+01
133.113	0.560	-0.502	1.292099e+02	1.614830e+01	-1.627442e+01
134.244	0.511	-0.571	1.268679e+02	1.584913e+01	-1.597615e+01
135.273	0.514	-0.518	1.289849e+02	1.681572e+01	-1.691450e+01
136.447	0.624	-0.660	1.014689e+02	1.357838e+01	-1.365885e+01
137.594	0.494	-0.523	1.334971e+02	1.703569e+01	-1.709227e+01
138.706	0.544	-0.618	1.169384e+02	1.498895e+01	-1.499823e+01
139.770	0.491	-0.520	1.317113e+02	1.730626e+01	-1.732853e+01
140.840	0.643	-0.579	9.648146e+01	1.307247e+01	-1.305091e+01
141.984	0.506	-0.501	9.245615e+01	1.411661e+01	-1.404343e+01
143.087	0.711	-0.597	1.044093e+02	1.331129e+01	-1.325685e+01
144.243	0.487	-0.446	9.875696e+01	1.518988e+01	-1.503652e+01
145.302	0.467	-0.572	8.729812e+01	1.369252e+01	-1.355098e+01
146.229	0.534	-0.460	9.120193e+01	1.420190e+01	-1.412391e+01
147.156	0.570	-0.393	9.281995e+01	1.468219e+01	-1.463770e+01
148.337	0.641	-0.611	1.094422e+02	1.386118e+01	-1.374918e+01
149.495	0.485	-0.517	9.191569e+01	1.403218e+01	-1.396070e+01
150.612	0.551	-0.632	1.147099e+02	1.470851e+01	-1.459341e+01
151.659	0.501	-0.496	9.104016e+01	1.442678e+01	-1.417664e+01
152.605	0.543	-0.446	9.443939e+01	1.490133e+01	-1.465273e+01
153.646	0.483	-0.497	9.274450e+01	1.496788e+01	-1.451991e+01
154.762	0.539	-0.633	7.952479e+01	1.244311e+01	-1.224132e+01
155.902	0.499	-0.601	8.417662e+01	1.323703e+01	-1.290303e+01
156.933	0.459	-0.532	9.201219e+01	1.488755e+01	-1.441615e+01
157.839	0.621	-0.447	8.284840e+01	1.402136e+01	-1.351876e+01
158.979	0.524	-0.520	8.599727e+01	1.446983e+01	-1.381556e+01
160.253	0.932	-0.750	5.341853e+01	8.833556e+00	-8.539080e+00
161.734	0.660	-0.549	7.536904e+01	1.231357e+01	-1.184162e+01
163.034	0.579	-0.639	7.594294e+01	1.219326e+01	-1.171151e+01
164.254	0.566	-0.640	7.537035e+01	1.215356e+01	-1.179696e+01
165.497	0.680	-0.678	6.672755e+01	1.086629e+01	-1.047404e+01
166.958	0.802	-0.781	5.720645e+01	9.443436e+00	-9.015042e+00
168.707	0.826	-0.946	5.034966e+01	8.537480e+00	-8.107052e+00
170.619	1.053	-1.087	4.295874e+01	6.993749e+00	-6.651654e+00
172.888	1.199	-1.215	3.751925e+01	6.257004e+00	-5.930580e+00
175.737	1.456	-1.650	2.833905e+01	4.866427e+00	-4.643706e+00
178.715	1.325	-1.521	3.238662e+01	5.398858e+00	-5.049965e+00
181.986	1.477	-1.946	2.653361e+01	4.552747e+00	-4.229941e+00
185.332	1.602	-1.869	2.579948e+01	4.482932e+00	-4.184703e+00
188.753	2.235	-1.819	2.244793e+01	3.950463e+00	-3.607311e+00
193.086	2.539	-2.097	1.874544e+01	3.377626e+00	-3.159700e+00
198.450	3.206	-2.825	1.419429e+01	2.582521e+00	-2.433012e+00
204.788	3.042	-3.131	1.474299e+01	2.476471e+00	-2.335397e+00
210.175	1.989	-2.345	2.118498e+01	3.602119e+00	-3.323634e+00
214.393	2.317	-2.229	1.900134e+01	3.501194e+00	-3.224950e+00
219.941	2.526	-3.231	1.501387e+01	2.682986e+00	-2.456465e+00
224.725	2.294	-2.259	1.912773e+01	3.354875e+00	-3.070140e+00
228.721	1.682	-1.702	2.590592e+01	4.513837e+00	-4.205090e+00
232.567	2.050	-2.164	2.144913e+01	3.698526e+00	-3.424567e+00
236.418	1.381	-1.800	2.841886e+01	4.988546e+00	-4.562439e+00
239.027	1.270	-1.228	3.619396e+01	6.339251e+00	-5.806812e+00
242.041	1.866	-1.744	2.467074e+01	4.238418e+00	-3.987933e+00
245.989	1.476	-2.083	2.541053e+01	4.441104e+00	-4.073859e+00
248.954	2.090	-1.489	2.530508e+01	4.354790e+00	-4.037416e+00
253.328	2.883	-2.284	1.761995e+01	2.989121e+00	-2.799413e+00
259.817	3.053	-3.606	1.300675e+01	2.332548e+00	-2.189004e+00
266.896	3.906	-4.025	1.069555e+01	1.965843e+00	-1.839184e+00
274.471	3.744	-3.670	9.370143e+00	1.775257e+00	-1.665490e+00
283.214	4.254	-4.999	6.392262e+00	1.293741e+00	-1.237545e+00
291.424	4.456	-3.955	7.121608e+00	1.465478e+00	-1.385427e+00
300.786	5.229	-4.907	5.930845e+00	1.184965e+00	-1.144095e+00
310.506	5.049	-4.490	6.360773e+00	1.251750e+00	-1.196475e+00
321.648	4.528	-6.094	4.916500e+00	1.115058e+00	-1.072134e+00
334.595	7.383	-8.419	3.552722e+00	7.565182e-01	-7.281905e-01
418.774	1.259	-1.460	3.351048e+01	5.719630e+00	-5.333240e+00
420.901	0.783	-0.868	5.225652e+01	9.308919e+00	-8.540514e+00
422.494	0.850	-0.810	5.074024e+01	9.357921e+00	-8.498048e+00
424.094	0.819	-0.751	5.533859e+01	9.923560e+00	-8.946175e+00
426.048	1.231	-1.135	3.724993e+01	6.531623e+00	-5.901060e+00
428.247	0.953	-0.968	4.519355e+01	7.999479e+00	-7.274720e+00
430.296	0.895	-1.096	4.298884e+01	7.771515e+00	-7.059191e+00
432.248	0.874	-1.057	4.587461e+01	8.110474e+00	-7.287431e+00
433.898	0.764	-0.776	5.662401e+01	1.015258e+01	-9.153520e+00
435.618	0.826	-0.956	4.820323e+01	8.736490e+00	-7.922114e+00
437.518	0.829	-1.073	4.587157e+01	8.160911e+00	-7.396165e+00
439.264	1.017	-0.917	4.375515e+01	7.994291e+00	-7.305691e+00
441.120	0.732	-0.839	5.590956e+01	9.882250e+00	-8.995511e+00
442.671	0.854	-0.820	5.246518e+01	9.529783e+00	-8.743592e+00
444.413	0.863	-0.887	5.172883e+01	9.054564e+00	-8.296892e+00
446.409	1.096	-1.133	4.062335e+01	7.050852e+00	-6.498399e+00
448.572	1.022	-1.066	4.400863e+01	7.534228e+00	-6.918205e+00
450.229	0.809	-0.635	6.174289e+01	1.104623e+01	-1.010465e+01
451.983	0.950	-0.945	4.793862e+01	8.580561e+00	-7.745083e+00
454.048	0.828	-1.115	4.706467e+01	8.334266e+00	-7.577142e+00
455.828	0.776	-0.952	5.292955e+01	9.131401e+00	-8.451206e+00
457.381	0.968	-0.777	5.238987e+01	8.846579e+00	-8.311056e+00
459.497	0.834	-1.148	4.682903e+01	7.635409e+00	-7.254116e+00
461.262	0.857	-0.931	5.113918e+01	8.379746e+00	-8.041624e+00
463.146	1.047	-1.027	4.452988e+01	7.141688e+00	-6.864924e+00
465.417	1.074	-1.223	3.770353e+01	6.610075e+00	-6.303120e+00
467.538	1.205	-1.047	3.905362e+01	6.874033e+00	-6.445877e+00
470.107	1.254	-1.364	3.358836e+01	5.993959e+00	-5.566877e+00
472.609	1.067	-1.248	3.800292e+01	6.837559e+00	-6.314472e+00
474.418	0.950	-0.742	5.417540e+01	9.272202e+00	-8.515649e+00
476.383	1.282	-1.015	3.989979e+01	6.772552e+00	-6.255561e+00
478.806	1.358	-1.141	3.448968e+01	6.255936e+00	-5.824188e+00
482.036	1.349	-1.871	2.845890e+01	5.011819e+00	-4.514995e+00
484.279	1.007	-0.895	4.675141e+01	8.411101e+00	-7.665102e+00
486.329	1.057	-1.042	4.299307e+01	7.436943e+00	-6.870356e+00
488.744	1.032	-1.358	3.777496e+01	6.437163e+00	-6.008874e+00
490.661	1.028	-0.886	4.785730e+01	8.051560e+00	-7.482794e+00
493.095	1.178	-1.405	3.493949e+01	6.015788e+00	-5.575328e+00
495.814	1.242	-1.541	3.294439e+01	5.699290e+00	-5.196144e+00
498.448	1.132	-1.392	3.631798e+01	6.343392e+00	-5.746035e+00
500.925	1.623	-1.345	3.043918e+01	5.300027e+00	-4.874151e+00
503.801	1.260	-1.254	3.539176e+01	6.137039e+00	-5.736346e+00
506.699	1.691	-1.638	2.749810e+01	4.545621e+00	-4.276901e+00
510.032	1.399	-1.642	2.919503e+01	4.945681e+00	-4.699434e+00
512.829	1.480	-1.398	3.083690e+01	5.210737e+00	-4.960102e+00
516.265	1.859	-1.956	2.409331e+01	3.932834e+00	-3.733429e+00
520.426	1.488	-2.302	2.434970e+01	3.926957e+00	-3.759919e+00
524.232	1.929	-2.319	2.139731e+01	3.526829e+00	-3.370537e+00
528.479	2.278	-2.317	1.908344e+01	3.361889e+00	-3.150571e+00
533.026	3.474	-2.269	1.596453e+01	2.681803e+00	-2.495063e+00
540.351	2.367	-3.851	1.454765e+01	2.393546e+00	-2.290316e+00
546.147	2.883	-3.429	1.412104e+01	2.368716e+00	-2.266548e+00
552.695	3.831	-3.664	1.227658e+01	2.018164e+00	-1.906313e+00
559.716	3.038	-3.191	1.471548e+01	2.471183e+00	-2.299572e+00
566.057	3.239	-3.302	8.906164e+00	1.878393e+00	-1.781846e+00
572.529	3.727	-3.233	8.384105e+00	1.759181e+00	-1.674867e+00
580.207	4.307	-3.950	7.293630e+00	1.473330e+00	-1.411178e+00
588.653	4.316	-4.140	7.183265e+00	1.480178e+00	-1.397893e+00
596.856	3.986	-3.887	7.742673e+00	1.537321e+00	-1.460078e+00
606.816	6.737	-5.974	4.600311e+00	9.593165e-01	-9.173537e-01
! PC data
391.814	22.930	-37.245	5.622608e+00	9.512575e-01	-9.512575e-01
628.604	11.883	-10.683	4.698038e+00	1.001625e+00	-1.001625e+00
656.845	13.730	-16.357	3.336387e+00	7.296557e-01	-7.296557e-01
694.399	21.307	-23.825	2.078741e+00	4.652481e-01	-4.652481e-01
738.977	29.382	-23.271	1.794318e+00	4.025161e-01	-4.025161e-01
851.921	59.354	-83.562	4.578120e-01	1.027587e-01	-1.027587e-01
1004.640	79.639	-93.364	2.928023e-01	6.592989e-02	-6.592989e-02
1148.991	70.683	-64.711	3.781853e-01	8.485910e-02	-8.485910e-02
1327.571	122.774	-107.898	3.712632e-01	6.511746e-02	-6.511746e-02
6220.695	103.090	-87.465	1.329700e-01	2.987047e-02	-2.987047e-02
6405.184	94.112	-81.400	2.510126e-01	5.509489e-02	-5.509489e-02
6594.956	74.836	-95.660	1.969455e-01	4.423877e-02	-4.423877e-02
6747.935	82.325	-78.142	1.589929e-01	3.581978e-02	-3.581978e-02
6898.386	57.239	-68.126	2.134741e-01	4.671184e-02	-4.671184e-02
7096.794	137.141	-141.169	1.684914e-01	2.784704e-02	-2.784704e-02
10637.108	60.494	-57.350	2.126066e-01	4.770496e-02	-4.770496e-02
10767.574	95.510	-69.973	1.512147e-01	3.396899e-02	-3.396899e-02
10971.543	79.587	-108.459	1.504937e-01	3.220163e-02	-3.220163e-02
12234.424	68.397	-87.056	1.635626e-01	3.676402e-02	-3.676402e-02
12404.358	91.526	-101.536	1.300371e-01	2.931324e-02	-2.931324e-02
12575.632	110.807	-79.748	1.320660e-01	2.965025e-02	-2.965025e-02
12813.840	167.829	-127.401	1.181556e-01	2.538620e-02	-2.538620e-02
16455.774	77.437	-88.046	1.528677e-01	3.426103e-02	-3.426103e-02
16655.319	93.521	-122.108	1.188362e-01	2.689726e-02	-2.689726e-02
16845.512	113.941	-96.673	1.209240e-01	2.718005e-02	-2.718005e-02
17023.849	76.014	-64.395	1.816099e-01	4.070279e-02	-4.070279e-02
17216.629	156.527	-116.766	1.296280e-01	2.493106e-02	-2.493106e-02
18139.803	97.216	-80.803	1.404437e-01	3.158591e-02	-3.158591e-02
18335.574	107.044	-98.555	1.217372e-01	2.734714e-02	-2.734714e-02
18586.828	202.563	-144.210	9.934957e-02	2.040686e-02	-2.040686e-02
22263.900	106.798	-111.338	1.146531e-01	2.580051e-02	-2.580051e-02
22486.543	97.276	-115.845	1.171672e-01	2.644283e-02	-2.644283e-02
22691.308	95.603	-107.489	9.218644e-02	2.400502e-02	-2.400502e-02
22913.162	94.392	-126.251	1.140956e-01	2.558616e-02	-2.558616e-02
23091.797	118.849	-84.243	9.232636e-02	2.406007e-02	-2.406007e-02
23291.327	119.903	-80.681	1.259604e-01	2.827951e-02	-2.827951e-02
23538.478	80.859	-127.247	1.282802e-01	2.810082e-02	-2.810082e-02
23736.338	116.178	-117.001	1.088890e-01	2.448924e-02	-2.448924e-02
23994.474	143.875	-141.958	6.618984e-02	1.724895e-02	-1.724895e-02
24300.719	285.767	-162.370	9.133497e-02	1.665778e-02	-1.665778e-02
28102.738	169.183	-166.080	5.768377e-02	1.511420e-02	-1.511420e-02
28480.278	125.116	-208.356	5.665308e-02	1.485571e-02	-1.485571e-02
28720.504	128.099	-115.110	7.899371e-02	2.063354e-02	-2.063354e-02
28963.101	101.130	-114.499	1.190175e-01	2.679816e-02	-2.679816e-02
29253.766	158.981	-189.535	5.483803e-02	1.436857e-02	-1.436857e-02
29555.330	105.640	-142.583	7.719299e-02	2.008524e-02	-2.008524e-02
29746.636	132.469	-85.666	9.438002e-02	2.371441e-02	-2.371441e-02
30096.008	277.030	-216.902	7.707650e-02	1.423049e-02	-1.423049e-02
33958.499	216.272	-237.835	4.285710e-02	1.123615e-02	-1.123615e-02
34384.130	154.201	-209.359	5.335310e-02	1.385138e-02	-1.385138e-02
34633.133	113.304	-94.802	9.287788e-02	2.420130e-02	-2.420130e-02
34871.489	115.650	-125.052	8.035819e-02	2.092621e-02	-2.092621e-02
35163.706	217.080	-176.567	4.841327e-02	1.265386e-02	-1.265386e-02
35619.081	115.235	-238.295	5.466190e-02	1.421719e-02	-1.421719e-02
35924.779	230.757	-190.463	4.528470e-02	1.187993e-02	-1.187993e-02
39769.695	245.402	-286.148	3.961632e-02	1.040489e-02	-1.040489e-02
40217.135	161.523	-202.037	5.858965e-02	1.525288e-02	-1.525288e-02
40588.842	173.434	-210.184	5.593504e-02	1.458441e-02	-1.458441e-02
40933.453	137.221	-171.177	7.013596e-02	1.827767e-02	-1.827767e-02
41177.163	139.227	-106.489	8.801094e-02	2.285319e-02	-2.285319e-02
41557.105	381.453	-240.715	4.216690e-02	1.044426e-02	-1.044426e-02
45552.020	298.003	-291.215	4.170886e-02	1.096943e-02	-1.096943e-02
46177.554	274.223	-327.531	4.090356e-02	1.070236e-02	-1.070236e-02
46663.614	247.000	-211.837	5.433524e-02	1.421674e-02	-1.421674e-02
47265.137	455.864	-354.524	6.077255e-02	1.137769e-02	-1.137769e-02
51212.413	257.428	-146.249	4.784927e-02	1.250031e-02	-1.250031e-02
51583.526	119.494	-113.685	8.322985e-02	2.160431e-02	-2.160431e-02
51991.846	250.246	-288.826	3.575613e-02	9.351082e-03	-9.351082e-03
52409.940	125.507	-167.848	6.610014e-02	1.719451e-02	-1.719451e-02
52768.000	90.889	-232.553	5.994447e-02	1.558493e-02	-1.558493e-02
53141.236	369.545	-282.347	3.553660e-02	8.465751e-03	-8.465751e-03
57110.715	179.232	-259.547	4.384496e-02	1.146557e-02	-1.146557e-02
57620.699	338.699	-330.752	2.868026e-02	7.515985e-03	-7.515985e-03
58103.835	148.918	-144.437	6.599373e-02	1.715691e-02	-1.715691e-02
58704.359	591.427	-451.606	3.074910e-02	6.228505e-03	-6.228505e-03
62969.442	164.811	-186.212	6.087744e-02	1.587291e-02	-1.587291e-02
63513.335	267.803	-379.082	3.275531e-02	8.549311e-03	-8.549311e-03
64045.398	304.899	-264.259	3.793991e-02	9.902519e-03	-9.902519e-03
64696.618	383.299	-346.321	4.627736e-02	9.568812e-03	-9.568812e-03
69764.066	1093.316	-870.836	3.554551e-02	7.140374e-03	-7.140374e-03
75187.193	161.492	-309.882	4.082476e-02	1.068423e-02	-1.068423e-02
75635.120	270.186	-286.436	3.444737e-02	9.048754e-03	-9.048754e-03
99689.477	5164.954	-566.756	3.057543e-02	8.014860e-03	-8.014860e-03
105214.428	234.233	-359.997	3.318738e-02	8.659204e-03	-8.659204e-03
111075.775	134.519	-236.561	5.472326e-02	1.430633e-02	-1.430633e-02
