col1 col2 col3 col4 col5 col6
115.929 3.632 -4.335 1.33638645e-10 2.63966325e-11 -2.63964925e-11
126.692 7.702 -7.131 7.3770725e-11 1.4005400500000001e-11 -1.4005334000000002e-11
140.443 6.435 -6.049 8.259681500000001e-11 1.69842575e-11 -1.69841945e-11
151.333 5.196 -4.455 1.1634056e-10 2.1241164000000002e-11 -2.1241066e-11
163.925 5.01 -7.396 8.8058285e-11 1.67178655e-11 -1.6717792e-11
172.582 2.794 -3.646 1.6973824e-10 3.22248185e-11 -3.22246785e-11
181.242 6.144 -5.866 8.845823000000001e-11 1.7472413e-11 -1.74723395e-11
190.339 2.582 -2.953 2.0318805500000002e-10 3.709762e-11 -3.7097445000000005e-11
200.021 8.634 -7.1 1.0336886000000001e-10 2.3084257e-11 -2.30841765e-11
213.124 5.329 -4.469 1.1164653500000001e-10 2.1196147000000004e-11 -2.11960455e-11
220.883 2.772 -2.43 2.0433801500000001e-10 4.036123e-11 -4.0361055000000005e-11
226.862 3.319 -3.207 1.6777456500000002e-10 3.1852096500000004e-11 -3.18519355e-11
243.316 11.595 -13.135 1.30399325e-10 2.4756385500000004e-11 -2.4756259500000003e-11
259.238 2.704 -4.327 1.5134434000000002e-10 2.9893829e-11 -2.98936925e-11
264.889 3.032 -2.947 1.7777865000000001e-10 3.5115184999999997e-11 -3.5115045000000006e-11
272.025 2.942 -4.104 1.59723935e-10 2.91620805e-11 -2.91619265e-11
277.937 3.403 -2.97 1.7181458e-10 3.261909e-11 -3.2618929e-11
284.648 3.714 -3.308 1.5583295e-10 2.95849645e-11 -2.95848175e-11
290.819 2.128 -2.457 2.4535861000000003e-10 4.4797095e-11 -4.479685000000001e-11
295.029 1.759 -2.083 2.7673576000000005e-10 5.466139e-11 -5.466111e-11
299.836 1.59 -3.048 2.2916806500000004e-10 4.526571000000001e-11 -4.5265499999999996e-11
303.483 1.905 -2.057 2.7607468e-10 5.241292e-11 -5.2412675e-11
307.398 2.454 -2.01 2.3813237e-10 4.703636e-11 -4.703615e-11
312.991 4.072 -3.139 1.5598884000000002e-10 2.8480130000000002e-11 -2.8479979500000003e-11
319.258 1.968 -2.195 2.62767225e-10 4.988648e-11 -4.9886235000000006e-11
323.74 2.017 -2.514 2.41410505e-10 4.5831905e-11 -4.5831695e-11
327.952 1.99 -2.195 3.8104815e-10 6.145447e-11 -6.145405e-11
331.697 1.867 -1.755 4.657877e-10 6.9437725e-11 -6.9437165e-11
335.375 1.794 -1.811 4.68083e-10 6.977992e-11 -6.977936e-11
338.56 1.204 -1.391 6.499912999999999e-10 9.6898025e-11 -9.6897255e-11
340.964 1.298 -1.199 6.6308095e-10 1.0145114000000001e-10 -1.0145037000000002e-10
343.736 1.133 -1.474 6.4733445e-10 9.6501965e-11 -9.650116e-11
345.882 0.819 -1.013 9.207117500000001e-10 1.3725593000000002e-10 -1.3725484500000002e-10
347.392 0.739 -0.691 1.1795423500000002e-09 1.7584140000000002e-10 -1.75839965e-10
349.204 0.945 -1.073 8.362970000000001e-10 1.2467175e-10 -1.24670735e-10
351.057 0.997 -0.908 8.854849500000001e-10 1.3200446e-10 -1.3200341e-10
352.839 0.814 -0.784 1.0173891e-09 1.597953e-10 -1.5979411000000003e-10
354.48 0.745 -0.828 1.03768735e-09 1.6523972500000003e-10 -1.6523857e-10
355.923 0.707 -0.698 1.20047025e-09 1.78961265e-10 -1.78959795e-10
357.244 0.639 -0.613 1.29775345e-09 2.0383051500000003e-10 -2.0382901000000002e-10
358.821 0.77 -0.938 9.887808e-10 1.4740341000000002e-10 -1.4740222e-10
360.447 0.767 -0.856 1.0027332e-09 1.5749338500000003e-10 -1.5749223e-10
361.876 0.64 -0.663 1.29681055e-09 1.93323235e-10 -1.9332165999999999e-10
363.212 0.59 -0.696 1.3129697000000002e-09 1.95732215e-10 -1.95730605e-10
364.63 0.887 -0.828 9.6667375e-10 1.47900865e-10 -1.4789971e-10
366.022 0.459 -0.505 1.75144305e-09 2.6109818e-10 -2.6109601e-10
367.178 0.582 -0.697 1.2960941e-09 1.98302055e-10 -1.9830055e-10
368.479 0.563 -0.718 1.2937718500000001e-09 1.97946735e-10 -1.9794519500000002e-10
369.776 0.661 -0.734 1.1653292e-09 1.83031345e-10 -1.83030015e-10
370.984 0.385 -0.548 1.80986785e-09 2.6980761500000005e-10 -2.6980548e-10
371.75 0.362 -0.382 2.2688466500000003e-09 3.3823023500000004e-10 -3.3822757500000003e-10
372.51 0.333 -0.398 2.3074541000000004e-09 3.4398567000000007e-10 -3.4398294000000005e-10
373.412 0.594 -0.568 1.3991047000000001e-09 2.19749005e-10 -2.1974743000000002e-10
374.397 0.407 -0.392 2.112208e-09 3.1487924999999997e-10 -3.1487673e-10
375.426 0.451 -0.622 1.5439599e-09 2.3622536000000003e-10 -2.3622357500000004e-10
376.396 0.486 -0.519 1.6785307e-09 2.5022851e-10 -2.5022648e-10
377.281 0.444 -0.399 2.00076485e-09 2.9826587e-10 -2.9826349e-10
378.241 0.357 -0.515 1.93544155e-09 2.88527785e-10 -2.8852544000000004e-10
379.152 0.42 -0.554 1.6988895000000002e-09 2.5992970500000003e-10 -2.59927675e-10
380.176 0.576 -0.604 1.4040740000000001e-09 2.1482300000000001e-10 -2.1482132e-10
381.191 0.366 -0.44 2.09331115e-09 3.12062485e-10 -3.1205993e-10
381.996 0.492 -0.438 1.7799600000000001e-09 2.7233346e-10 -2.7233136000000004e-10
382.956 0.45 -0.468 1.7367497000000001e-09 2.8009859500000004e-10 -2.8009667000000005e-10
383.881 0.433 -0.475 1.85937745e-09 2.7718838e-10 -2.7718614e-10
384.778 0.297 -0.465 2.17502845e-09 3.3277863500000003e-10 -3.32776115e-10
385.657 0.521 -0.582 1.5014531e-09 2.2972176500000001e-10 -2.2972001500000002e-10
386.613 0.355 -0.435 2.1357469e-09 3.18388245e-10 -3.1838572500000006e-10
387.508 0.517 -0.54 1.5672027000000002e-09 2.3978143000000004e-10 -2.3977961e-10
388.479 0.516 -0.454 1.7080749000000002e-09 2.61334885e-10 -2.6133289e-10
389.507 0.514 -0.513 1.6434607000000003e-09 2.45000385e-10 -2.44998425e-10
390.609 0.437 -0.588 1.6465358e-09 2.45458815e-10 -2.45456855e-10
391.719 0.503 -0.673 1.43482675e-09 2.1389809e-10 -2.1389637500000001e-10
392.749 0.535 -0.527 1.5885863e-09 2.36819975e-10 -2.3681805e-10
393.773 0.42 -0.489 1.8219453e-09 2.78757045e-10 -2.7875491e-10
394.711 0.459 -0.518 1.72750375e-09 2.5752916e-10 -2.57527095e-10
395.659 0.516 -0.489 1.6785695500000002e-09 2.50234285e-10 -2.50232255e-10
396.647 0.453 -0.473 1.8238192e-09 2.71887455e-10 -2.71885285e-10
397.603 0.433 -0.503 1.8030299e-09 2.6878827500000003e-10 -2.6878610500000003e-10
398.588 0.663 -0.553 1.3377010500000002e-09 2.1010475500000001e-10 -2.10103215e-10
399.799 0.587 -0.548 1.48649865e-09 2.21601065e-10 -2.2159931500000001e-10
401.047 0.463 -0.661 1.47317275e-09 2.25394925e-10 -2.2539324500000002e-10
402.309 0.691 -0.798 1.1123588000000001e-09 1.7019051000000003e-10 -1.7018925e-10
403.621 0.428 -0.621 1.6075388e-09 2.3964528e-10 -2.39643355e-10
404.57 0.571 -0.521 1.54464625e-09 2.3026955e-10 -2.3026769500000002e-10
405.581 0.538 -0.439 1.6642349500000003e-09 2.61391585e-10 -2.61389695e-10
406.691 0.386 -0.573 1.7273795000000001e-09 2.6428864e-10 -2.6428661e-10
407.438 0.428 -0.361 2.1016765000000003e-09 3.21556025e-10 -3.2155354e-10
408.29 0.426 -0.425 1.9841444e-09 2.9578836e-10 -2.95785945e-10
409.099 0.475 -0.383 1.96768915e-09 2.9333531500000006e-10 -2.9333290000000006e-10
410.077 0.354 -0.503 1.9676604500000004e-09 2.93331115e-10 -2.9332866500000006e-10
411.008 0.453 -0.578 1.6380350000000001e-09 2.4419185000000003e-10 -2.4418982000000004e-10
412.025 0.338 -0.564 1.8362582e-09 2.80947205e-10 -2.80945e-10
412.77 0.566 -0.407 1.7337372500000002e-09 2.5845869e-10 -2.58456555e-10
413.661 0.346 -0.325 2.42339195e-09 3.8062815000000004e-10 -3.8062535e-10
414.357 0.46 -0.35 2.0461525e-09 3.1306079e-10 -3.1305837500000005e-10
415.214 0.472 -0.398 1.86836125e-09 2.9345246e-10 -2.93450325e-10
416.034 0.278 -0.348 2.6448380000000003e-09 4.046595e-10 -4.0465635e-10
416.709 0.379 -0.396 2.0954472e-09 3.2911949e-10 -3.2911711000000005e-10
417.45 0.323 -0.362 2.4181892e-09 3.699822e-10 -3.699794e-10
418.085 0.329 -0.312 2.58606355e-09 3.9566695e-10 -3.9566415000000004e-10
418.755 0.356 -0.341 2.37496175e-09 3.633686e-10 -3.6336580000000006e-10
419.56 0.344 -0.449 2.0874497e-09 3.1937934e-10 -3.19376855e-10
420.205 0.283 -0.3 2.83836245e-09 4.3426879999999997e-10 -4.3426565000000005e-10
420.889 0.342 -0.401 2.26878995e-09 3.3822222e-10 -3.3821942e-10
421.635 0.452 -0.403 1.9719084e-09 2.939643e-10 -2.9396185000000006e-10
422.512 0.367 -0.424 2.05498475e-09 3.22764505e-10 -3.22762125e-10
423.186 0.316 -0.306 2.6624241e-09 4.073503e-10 -4.0734715e-10
423.836 0.214 -0.334 3.08190785e-09 4.5943835000000006e-10 -4.5943485e-10
424.289 0.279 -0.239 3.2619744500000002e-09 4.8628195e-10 -4.862781e-10
424.908 0.398 -0.341 2.2035398000000004e-09 3.4609708000000005e-10 -3.4609452500000004e-10
425.615 0.261 -0.308 2.9663361000000003e-09 4.4220960000000004e-10 -4.4220575e-10
426.152 0.245 -0.276 3.3243126000000005e-09 4.971281e-10 -4.971239e-10
426.672 0.237 -0.276 3.2959909500000002e-09 4.913531e-10 -4.913489e-10
427.289 0.376 -0.38 2.233567e-09 3.3297120500000003e-10 -3.32968475e-10
427.983 0.33 -0.318 2.6077681e-09 3.887555e-10 -3.8875235000000005e-10
428.718 0.33 -0.405 2.2141647500000004e-09 3.4776588000000003e-10 -3.47763325e-10
429.468 0.338 -0.42 2.18742195e-09 3.3467504e-10 -3.3467245000000005e-10
430.078 0.352 -0.273 2.70440275e-09 4.0316150000000005e-10 -4.0315835e-10
430.824 0.307 -0.394 2.4092229e-09 3.5915740000000003e-10 -3.5915425e-10
431.508 0.299 -0.377 2.4522057e-09 3.7518670000000006e-10 -3.7518390000000004e-10
432.054 0.288 -0.247 3.09581195e-09 4.736585e-10 -4.7365465e-10
432.704 0.327 -0.361 2.3617832e-09 3.7095135000000006e-10 -3.7094855000000005e-10
433.362 0.382 -0.331 3.46858785e-09 4.269734e-10 -4.269685e-10
434.034 0.271 -0.289 3.0105712e-09 4.4880360000000005e-10 -4.488001e-10
434.623 0.301 -0.318 2.62522715e-09 4.123287e-10 -4.123259e-10
435.316 0.375 -0.392 2.1600264e-09 3.3048326500000005e-10 -3.3048078000000004e-10
436.08 0.408 -0.389 2.11681435e-09 3.1556591500000003e-10 -3.15563395e-10
436.776 0.229 -0.289 3.3439868e-09 5.000698500000001e-10 -5.00066e-10
437.328 0.336 -0.323 2.5630423e-09 3.8208765000000005e-10 -3.8208485000000003e-10
438.017 0.378 -0.353 2.3073708000000003e-09 3.4397328e-10 -3.4397055e-10
438.729 0.299 -0.334 2.6150880000000005e-09 4.0010740000000003e-10 -4.001046e-10
439.354 0.34 -0.325 2.53571955e-09 3.7801470000000007e-10 -3.7801155000000005e-10
439.953 0.303 -0.259 2.94604485e-09 4.50744e-10 -4.507405e-10
440.541 0.224 -0.285 3.3895725500000003e-09 4.997811e-10 -4.997772500000001e-10
441.021 0.29 -0.256 3.032484e-09 4.639691e-10 -4.639656e-10
441.688 0.328 -0.377 2.39476195e-09 3.570014e-10 -3.5699825e-10
442.329 0.32 -0.314 3.770984e-09 4.942959000000001e-10 -4.942906500000001e-10
442.961 0.329 -0.312 3.873905000000001e-09 4.8161365e-10 -4.816084000000001e-10
443.594 0.286 -0.305 4.2564095e-09 5.200275500000001e-10 -5.200216e-10
444.205 0.309 -0.325 3.9699415000000005e-09 4.850282500000001e-10 -4.850223000000001e-10
444.856 0.353 -0.343 3.6240575e-09 4.471124e-10 -4.4710715000000004e-10
445.474 0.241 -0.265 3.34236525e-09 4.982663e-10 -4.982621e-10
446.067 0.32 -0.352 3.738959e-09 4.5680845e-10 -4.5680285000000004e-10
446.666 0.354 -0.279 3.96998e-09 4.8503315e-10 -4.8502755e-10
447.302 0.238 -0.282 3.32303335e-09 4.899706e-10 -4.899664e-10
447.812 0.3 -0.273 2.89391935e-09 4.427689e-10 -4.427654e-10
448.425 0.316 -0.313 3.954405e-09 4.916219000000001e-10 -4.916163000000001e-10
449.04 0.225 -0.299 3.2177953500000004e-09 4.796960000000001e-10 -4.7969215e-10
449.519 0.25 -0.253 3.4287774500000002e-09 5.0556205e-10 -5.0555785e-10
450.093 0.242 -0.324 2.98501735e-09 4.4499420000000003e-10 -4.449907e-10
450.664 0.323 -0.33 3.756186e-09 4.7523665e-10 -4.7523105e-10
451.252 0.25 -0.264 3.28466215e-09 4.89664e-10 -4.8966015e-10
451.806 0.317 -0.304 4.049706500000001e-09 4.947736500000001e-10 -4.947677e-10
452.44 0.304 -0.317 3.949925000000001e-09 4.997482e-10 -4.997426e-10
453.077 0.339 -0.333 3.7389135e-09 4.5680250000000004e-10 -4.5679725e-10
453.687 0.374 -0.271 3.9036830000000004e-09 4.8161085e-10 -4.8160525e-10
454.348 0.271 -0.286 4.4042565e-09 5.572301e-10 -5.5722415e-10
454.881 0.257 -0.263 3.348429e-09 5.075455000000001e-10 -5.0754165e-10
455.377 0.293 -0.239 3.1747065000000002e-09 4.732721e-10 -4.7326825e-10
456.018 0.332 -0.348 3.654238e-09 4.5430385e-10 -4.5429860000000004e-10
456.606 0.246 -0.256 3.3176318e-09 5.147961e-10 -5.1479225e-10
457.12 0.251 -0.268 3.2508728000000004e-09 4.846268e-10 -4.8462295e-10
457.692 0.374 -0.321 3.6146005e-09 4.4161425e-10 -4.4160900000000003e-10
458.415 0.285 -0.348 2.6664106000000003e-09 3.9749745000000004e-10 -3.974943e-10
459.017 0.311 -0.317 4.003783e-09 4.8916315e-10 -4.891572e-10
459.617 0.254 -0.289 3.1122714e-09 4.6396490000000003e-10 -4.6396105000000004e-10
460.169 0.349 -0.298 3.8349395e-09 4.7677e-10 -4.767644000000001e-10
460.796 0.303 -0.277 4.2819630000000005e-09 5.323451e-10 -5.323388000000001e-10
461.422 0.37 -0.324 3.5347025e-09 4.4721425e-10 -4.4720935e-10
462.104 0.293 -0.312 4.1568695e-09 5.0786645e-10 -5.0786015e-10
462.728 0.341 -0.331 3.554971e-09 4.659812500000001e-10 -4.659763500000001e-10
463.382 0.259 -0.312 4.414459e-09 5.446269500000001e-10 -5.4462065e-10
463.949 0.256 -0.308 4.458405e-09 5.447067500000001e-10 -5.447001e-10
464.479 0.23 -0.274 3.2927520500000005e-09 5.037900000000001e-10 -5.037861500000001e-10
464.964 0.272 -0.256 4.578735e-09 5.896142e-10 -5.896078999999999e-10
465.522 0.272 -0.285 4.511241e-09 5.5116145e-10 -5.511548e-10
466.11 0.234 -0.316 4.5815175e-09 5.6523705e-10 -5.652303999999999e-10
466.606 0.324 -0.263 4.278729e-09 5.2275405e-10 -5.227481e-10
467.185 0.253 -0.254 4.9544320000000005e-09 6.053082e-10 -6.053012e-10
467.695 0.306 -0.258 4.454303e-09 5.442052e-10 -5.441989e-10
468.282 0.283 -0.281 4.4542155000000006e-09 5.4419435e-10 -5.441880500000001e-10
468.85 0.34 -0.285 3.9732595e-09 4.939655e-10 -4.939599e-10
469.462 0.244 -0.272 4.809105e-09 5.978801500000001e-10 -5.978731500000001e-10
469.991 0.325 -0.285 4.127431e-09 5.09215e-10 -5.0920905e-10
470.606 0.288 -0.29 4.3559635e-09 5.374099500000001e-10 -5.374036500000001e-10
471.22 0.309 -0.326 3.809155e-09 4.905134500000001e-10 -4.905082e-10
471.773 0.265 -0.244 4.949959000000001e-09 6.106933e-10 -6.106863e-10
472.289 0.251 -0.251 5.679660000000001e-09 6.5153655e-10 -6.515278e-10
472.817 0.25 -0.277 4.770314500000001e-09 5.8281405e-10 -5.828070500000001e-10
473.36 0.256 -0.294 4.4009175e-09 5.667165e-10 -5.667105500000001e-10
473.872 0.258 -0.256 5.687906e-09 6.440640500000001e-10 -6.4405495e-10
474.439 0.335 -0.309 3.900575e-09 4.765537e-10 -4.765477500000001e-10
474.995 0.281 -0.221 5.530374500000001e-09 6.429269000000001e-10 -6.4291815e-10
475.523 0.255 -0.247 6.8800655e-09 7.1734355e-10 -7.173316500000001e-10
476.05 0.267 -0.272 4.607036e-09 5.727589000000001e-10 -5.727522500000001e-10
476.653 0.246 -0.336 4.268901e-09 5.3072075e-10 -5.307148e-10
477.148 0.305 -0.25 4.48602e-09 5.630961e-10 -5.630894500000001e-10
477.733 0.23 -0.279 5.323465e-09 6.331384500000001e-10 -6.331304e-10
478.223 0.262 -0.261 4.8073059999999996e-09 5.873336000000001e-10 -5.873266e-10
478.757 0.232 -0.271 5.007205e-09 6.177563e-10 -6.1774895e-10
479.244 0.252 -0.255 5.934222000000001e-09 6.689630500000001e-10 -6.689532500000001e-10
479.753 0.261 -0.256 4.8567645e-09 5.933767000000001e-10 -5.933693500000001e-10
480.278 0.24 -0.264 5.6296555e-09 6.668854500000001e-10 -6.668767e-10
480.773 0.246 -0.256 5.8346225e-09 6.606775000000001e-10 -6.606684e-10
481.248 0.273 -0.229 6.0591265e-09 6.732750499999999e-10 -6.7326525e-10
481.766 0.257 -0.245 6.6706745e-09 7.123686500000001e-10 -7.1235745e-10
482.263 0.274 -0.24 5.4743115e-09 6.3215215e-10 -6.321437500000001e-10
482.875 0.444 -0.339 7.374311000000001e-09 9.125529e-10 -9.019731e-10
483.796 0.527 -0.476 6.4609615e-09 8.188866000000001e-10 -8.036560000000001e-10
484.926 0.533 -0.603 5.702578e-09 7.256039e-10 -7.102396000000001e-10
486.02 0.525 -0.56 5.9054905e-09 7.653968000000001e-10 -7.477638000000001e-10
487.286 0.604 -0.741 4.709957e-09 6.176891000000001e-10 -6.053015499999999e-10
488.5 0.452 -0.61 5.8946089999999995e-09 7.830914000000001e-10 -7.690186000000001e-10
489.43 0.515 -0.478 6.4557955e-09 8.304618e-10 -8.156106e-10
490.676 0.624 -0.731 4.782113e-09 6.0459175e-10 -5.944008000000001e-10
491.983 0.681 -0.682 4.5940685e-09 6.0746665e-10 -5.985301e-10
493.398 0.845 -0.735 4.0663455e-09 5.210849e-10 -5.1319275e-10
494.939 0.731 -0.695 4.5906209999999995e-09 5.833810500000001e-10 -5.7472835e-10
496.468 0.503 -0.798 5.075360500000001e-09 6.3042735e-10 -6.2069945e-10
497.567 0.598 -0.596 5.341924e-09 6.948851000000001e-10 -6.848422000000001e-10
498.626 0.508 -0.461 6.653871000000001e-09 8.528194500000001e-10 -8.397879e-10
499.514 0.401 -0.38 8.260476e-09 1.0591875e-09 -1.0426696e-09
500.33 0.334 -0.415 8.7130645e-09 1.10084555e-09 -1.08281495e-09
501.22 0.373 -0.555 6.786395e-09 8.975211000000001e-10 -8.841955500000001e-10
502.021 0.439 -0.428 7.4462605000000005e-09 9.5416685e-10 -9.3974475e-10
502.813 0.393 -0.354 8.6339925e-09 1.105447e-09 -1.0894292500000002e-09
503.685 0.429 -0.478 7.301098e-09 9.1303975e-10 -8.998461500000001e-10
504.565 0.363 -0.451 7.902874000000001e-09 1.0100982500000001e-09 -9.9681435e-10
505.499 0.606 -0.57 5.2844225e-09 7.081319000000001e-10 -6.991425e-10
506.59 0.559 -0.485 6.0218515e-09 7.949641e-10 -7.841225e-10
507.716 0.454 -0.567 6.231060500000001e-09 8.0995985e-10 -7.9857505e-10
508.747 0.548 -0.576 5.725342e-09 7.328853e-10 -7.222698e-10
509.866 0.505 -0.571 5.911804500000001e-09 7.684383000000001e-10 -7.576565500000001e-10
510.84 0.399 -0.469 7.2436455000000005e-09 9.5620315e-10 -9.432094000000001e-10
511.77 0.473 -0.53 6.563907e-09 8.150695000000001e-10 -8.0255595e-10
512.6 0.324 -0.357 9.556732500000002e-09 1.2047626500000001e-09 -1.18683985e-09
513.368 0.454 -0.444 7.330921500000001e-09 9.102796500000001e-10 -8.9633355e-10
514.264 0.409 -0.442 7.569933000000001e-09 9.689071e-10 -9.549589e-10
515.104 0.327 -0.431 8.709162e-09 1.0813726000000002e-09 -1.06484245e-09
515.788 0.362 -0.357 9.0859405e-09 1.14515625e-09 -1.12834225e-09
516.573 0.349 -0.423 8.585412500000001e-09 1.0729369e-09 -1.0579828e-09
517.224 0.292 -0.302 1.0613442e-08 1.40043295e-09 -1.3820688e-09
517.843 0.378 -0.327 8.951827500000001e-09 1.1824169000000002e-09 -1.16596725e-09
518.617 0.413 -0.397 8.067381000000001e-09 1.0191940500000001e-09 -1.002554e-09
519.601 0.365 -0.571 6.7392675e-09 8.9291545e-10 -8.78493e-10
520.257 0.33 -0.291 1.05176925e-08 1.33299145e-09 -1.30824015e-09
520.973 0.319 -0.386 9.163616000000002e-09 1.1801464500000002e-09 -1.1581234e-09
521.571 0.279 -0.279 1.1823584500000002e-08 1.4761082e-09 -1.44795385e-09
522.153 0.291 -0.304 1.09899195e-08 1.39133435e-09 -1.3665372e-09
522.815 0.309 -0.37 9.4996335e-09 1.21952005e-09 -1.1994556e-09
523.4 0.276 -0.276 1.18411895e-08 1.495739e-09 -1.4714791e-09
523.963 0.265 -0.288 1.1802759500000001e-08 1.4894474e-09 -1.4663509000000003e-09
524.527 0.233 -0.299 1.2276428500000001e-08 1.5477875e-09 -1.5248705499999999e-09
525.092 0.354 -0.331 9.534174999999999e-09 1.2009809000000002e-09 -1.18402585e-09
525.918 0.389 -0.472 7.540498e-09 9.491685e-10 -9.3629165e-10
526.635 0.368 -0.328 9.114605500000001e-09 1.18299195e-09 -1.1679465e-09
527.34 0.295 -0.338 1.0361687000000002e-08 1.2851730500000002e-09 -1.26680155e-09
527.922 0.276 -0.286 1.1409580000000001e-08 1.4593463500000002e-09 -1.4393361500000001e-09
528.468 0.235 -0.27 1.3229608000000002e-08 1.6427460000000001e-09 -1.6183930000000002e-09
528.939 0.271 -0.236 1.3470464000000002e-08 1.68519365e-09 -1.6601683000000001e-09
529.492 0.239 -0.282 1.489047e-08 1.7192574000000001e-09 -1.6886985500000001e-09
529.989 0.244 -0.257 1.3861764000000001e-08 1.6746324000000002e-09 -1.64699185e-09
530.496 0.258 -0.263 1.2772452000000002e-08 1.6348234000000002e-09 -1.6104200000000001e-09
530.988 0.27 -0.234 1.3176527000000001e-08 1.6752449e-09 -1.64949645e-09
531.533 0.301 -0.276 1.1256682500000001e-08 1.4211379e-09 -1.3986525e-09
532.107 0.238 -0.273 1.3091442000000001e-08 1.6293658500000003e-09 -1.60236265e-09
532.586 0.268 -0.241 1.8287874500000003e-08 1.925567e-09 -1.88025075e-09
533.162 0.218 -0.309 1.2507330500000002e-08 1.56900135e-09 -1.5426509000000001e-09
533.714 0.285 -0.334 1.76494255e-08 2.3000145e-09 -2.2782081000000004e-09
534.555 0.615 -0.556 1.15212055e-08 1.4765705500000002e-09 -1.4663694500000002e-09
535.767 0.504 -0.597 1.17376665e-08 1.5890892500000001e-09 -1.5794026500000002e-09
536.803 0.443 -0.532 1.3545885500000001e-08 1.7847634000000002e-09 -1.7724826e-09
537.708 0.58 -0.461 1.2958648500000001e-08 1.66247725e-09 -1.6495696000000002e-09
538.832 0.578 -0.545 1.17642595e-08 1.5521883999999999e-09 -1.5397413500000001e-09
539.915 0.576 -0.505 1.2338816000000001e-08 1.6075290000000002e-09 -1.5930607e-09
541.177 0.633 -0.685 1.0336907e-08 1.3118511000000001e-09 -1.29869705e-09
542.481 0.667 -0.671 1.0290679000000001e-08 1.28768395e-09 -1.2751879e-09
543.685 0.573 -0.537 1.2275151e-08 1.55545145e-09 -1.5416579500000002e-09
545.016 0.654 -0.758 9.0569115e-09 1.2450781e-09 -1.2363060500000002e-09
546.401 0.642 -0.731 9.726748500000001e-09 1.26518245e-09 -1.2553898e-09
547.639 0.664 -0.596 1.04945785e-08 1.384411e-09 -1.37351165e-09
548.821 0.464 -0.518 1.4032035500000001e-08 1.75474215e-09 -1.73855885e-09
549.886 0.534 -0.601 1.1522339500000001e-08 1.5424976e-09 -1.5295252e-09
551.037 0.594 -0.616 1.0810534000000002e-08 1.4477743000000002e-09 -1.4351711500000003e-09
552.116 0.595 -0.485 1.2110759500000001e-08 1.6218965e-09 -1.6077831000000002e-09
553.529 0.677 -0.819 8.459461500000001e-09 1.1810946e-09 -1.1716817e-09
554.719 0.565 -0.512 1.2411644000000001e-08 1.6172796500000001e-09 -1.6025257500000001e-09
555.949 0.673 -0.666 1.0027388e-08 1.2889037000000001e-09 -1.27694735e-09
557.218 0.435 -0.595 1.2216421e-08 1.70470545e-09 -1.6918268500000002e-09
558.203 0.427 -0.55 1.3884878e-08 1.75938875e-09 -1.7438183000000002e-09
558.933 0.328 -0.303 2.0809089e-08 2.74528415e-09 -2.7234998e-09
559.591 0.323 -0.33 1.9700933e-08 2.67121995e-09 -2.65156605e-09
560.262 0.378 -0.348 1.8298399000000004e-08 2.380406e-09 -2.3617492500000002e-09
561.065 0.327 -0.425 1.6351016500000002e-08 2.3447746e-09 -2.330041e-09
561.777 0.431 -0.384 1.6300431000000002e-08 2.1196294000000003e-09 -2.1037187500000003e-09
562.605 0.363 -0.398 1.7076332e-08 2.28178055e-09 -2.26594725e-09
563.305 0.306 -0.336 2.00287605e-08 2.7132290500000003e-09 -2.6952597e-09
563.901 0.371 -0.29 1.98582825e-08 2.61643305e-09 -2.5984567e-09
564.594 0.284 -0.321 2.1958076e-08 2.8533729e-09 -2.8335916000000004e-09
565.301 0.411 -0.423 1.6085524000000003e-08 2.06170265e-09 -2.0473162500000004e-09
566.146 0.474 -0.434 1.47924315e-08 1.89568365e-09 -1.8827018000000003e-09
567.124 0.534 -0.505 1.2649609e-08 1.66582745e-09 -1.6550961000000002e-09
567.982 0.365 -0.323 1.96972965e-08 2.490166e-09 -2.4728473000000006e-09
568.722 0.356 -0.375 1.7592281e-08 2.3815536500000002e-09 -2.3671739e-09
569.44 0.334 -0.361 1.9094078500000002e-08 2.48005555e-09 -2.4638666500000003e-09
570.051 0.248 -0.277 2.50418245e-08 3.2973339000000002e-09 -3.2764683000000002e-09
570.625 0.337 -0.327 3.7592905000000004e-08 4.0439805e-09 -4.00624e-09
571.227 0.32 -0.265 4.9699474999999996e-08 5.4220075000000004e-09 -5.3733295e-09
571.936 0.357 -0.388 3.9535230000000003e-08 4.244709e-09 -4.2040425e-09
572.643 0.378 -0.349 3.3537105e-08 3.8912055e-09 -3.8583405e-09
573.464 0.423 -0.443 3.445582e-08 3.643024e-09 -3.6046255e-09
574.29 0.342 -0.403 2.6304894000000002e-08 3.44924545e-09 -3.4206753000000004e-09
574.97 0.297 -0.337 3.0239629e-08 4.1394325e-09 -4.09913e-09
575.542 0.345 -0.276 3.28099275e-08 4.116997500000001e-09 -4.0601015e-09
576.276 0.353 -0.389 2.6330927e-08 3.522596e-09 -3.4805099e-09
577.005 0.323 -0.376 2.6953941000000002e-08 3.7201675e-09 -3.6872255e-09
577.641 0.419 -0.312 2.6034155e-08 3.5429345e-09 -3.516296e-09
578.529 0.463 -0.469 2.1238455e-08 2.74689135e-09 -2.72760495e-09
579.374 0.372 -0.382 2.54893555e-08 3.4205045e-09 -3.39893085e-09
580.131 0.355 -0.385 2.64950595e-08 3.46723405e-09 -3.4449016e-09
581.015 0.48 -0.529 1.97552705e-08 2.5219670000000004e-09 -2.5053255500000003e-09
581.851 0.443 -0.356 2.5088028000000002e-08 3.1641505000000002e-09 -3.1426654000000005e-09
582.781 0.475 -0.488 1.9640131e-08 2.66795865e-09 -2.6522349e-09
583.662 0.478 -0.406 2.2236403e-08 2.8741338500000003e-09 -2.8552888e-09
584.622 0.434 -0.482 2.1665686e-08 2.7664924000000004e-09 -2.7477646000000003e-09
585.56 0.422 -0.503 2.1457436e-08 2.7400828e-09 -2.7214012000000005e-09
586.39 0.451 -0.408 2.2660309e-08 2.9661072e-09 -2.94649145e-09
587.329 0.399 -0.488 1.7661150500000002e-08 2.2875492499999998e-09 -2.2680518e-09
587.994 0.236 -0.266 1.4741338500000001e-08 1.7544219e-09 -1.7275555500000002e-09
588.482 0.263 -0.251 1.45748295e-08 1.7240748e-09 -1.6965368e-09
589.035 0.245 -0.29 1.2164432000000001e-08 1.54578515e-09 -1.5226274e-09
589.563 0.255 -0.282 1.1941762e-08 1.5310035999999999e-09 -1.50678325e-09
590.043 0.278 -0.226 1.2743304000000001e-08 1.6357922e-09 -1.6081838500000001e-09
590.632 0.312 -0.311 1.0542e-08 1.314978e-09 -1.28971815e-09
591.186 0.299 -0.242 1.1863012e-08 1.52377715e-09 -1.4972244e-09
591.794 0.331 -0.31 1.02864405e-08 1.2888144500000002e-09 -1.26795445e-09
592.523 0.262 -0.398 9.608483500000001e-09 1.24766215e-09 -1.2312958e-09
593.126 0.271 -0.341 1.0604786500000001e-08 1.33604345e-09 -1.31702375e-09
593.698 0.244 -0.301 1.1922043e-08 1.50392375e-09 -1.48103585e-09
594.256 0.298 -0.314 1.0604937000000001e-08 1.3394857000000002e-09 -1.3178287500000002e-09
594.909 0.276 -0.355 1.0276297500000001e-08 1.3002234000000001e-09 -1.2775861000000001e-09
595.57 0.324 -0.385 9.0611955e-09 1.1658563000000002e-09 -1.14484265e-09
596.32 0.32 -0.427 8.785101500000002e-09 1.0961160000000001e-09 -1.0756585000000001e-09
597.099 0.365 -0.458 7.609182e-09 1.0065464500000001e-09 -9.9144955e-10
597.919 0.32 -0.455 8.4744905e-09 1.05242865e-09 -1.0363528000000001e-09
598.68 0.551 -0.44 6.4666e-09 8.398215000000001e-10 -8.286964000000001e-10
599.622 0.441 -0.391 7.876491e-09 9.951900000000002e-10 -9.784523000000002e-10
600.567 0.438 -0.503 6.968157e-09 8.847573000000001e-10 -8.662213e-10
601.456 0.401 -0.452 7.7834295e-09 9.7234515e-10 -9.524396e-10
602.336 0.551 -0.479 6.439181e-09 8.016036e-10 -7.875591500000001e-10
603.417 0.416 -0.53 7.0079625e-09 8.693884500000001e-10 -8.5676885e-10
604.305 0.4 -0.472 7.601457500000002e-09 9.4362485e-10 -9.2950585e-10
605.15 0.423 -0.445 7.329224e-09 9.539418e-10 -9.3974755e-10
606.035 0.414 -0.462 7.524664e-09 9.3713655e-10 -9.2084965e-10
606.846 0.395 -0.397 8.225287e-09 1.03927425e-09 -1.02221105e-09
607.67 0.466 -0.429 7.276881500000001e-09 9.1883225e-10 -9.041928e-10
608.584 0.293 -0.449 8.677228e-09 1.1115702500000002e-09 -1.09501875e-09
609.339 0.501 -0.462 6.765661e-09 8.5311835e-10 -8.403972500000001e-10
610.348 0.534 -0.508 6.1748435000000004e-09 7.899479e-10 -7.7899745e-10
611.539 0.721 -0.656 4.5669120000000005e-09 6.0274585e-10 -5.9472875e-10
612.752 0.497 -0.493 6.583255e-09 8.308944000000001e-10 -8.179192e-10
613.865 0.597 -0.616 5.366903500000001e-09 6.782723500000001e-10 -6.670215999999999e-10
614.981 0.499 -0.519 6.322834000000001e-09 8.123727500000001e-10 -7.985278e-10
616.05 0.711 -0.57 5.1315985e-09 6.401321500000001e-10 -6.282794e-10
617.233 0.566 -0.473 6.183859500000001e-09 7.935893e-10 -7.807236500000001e-10
618.487 0.938 -0.688 3.9511185e-09 5.061182000000001e-10 -4.98603e-10
620.167 0.713 -0.742 4.5168690000000004e-09 5.602317000000001e-10 -5.5220795e-10
621.658 0.801 -0.777 4.1805715e-09 5.224751e-10 -5.151629e-10
623.096 0.52 -0.637 5.5271405e-09 6.847760500000001e-10 -6.757212e-10
623.869 0.321 -0.254 4.375623e-09 5.345924500000001e-10 -5.3458615e-10
624.428 0.287 -0.238 3.4322813e-09 4.9542395e-10 -4.954197500000001e-10
625.003 0.258 -0.288 4.603620000000001e-09 5.6244825e-10 -5.6244125e-10
625.514 0.253 -0.253 3.4166709500000003e-09 5.0377705e-10 -5.0377285e-10
626.031 0.322 -0.265 4.3467235e-09 5.271427e-10 -5.271364e-10
626.648 0.298 -0.295 4.244264500000001e-09 5.185439000000001e-10 -5.185376e-10
627.281 0.278 -0.335 4.1073725000000004e-09 5.0674085e-10 -5.067349e-10
627.886 0.297 -0.326 3.938746000000001e-09 4.983342000000001e-10 -4.983286e-10
628.455 0.298 -0.273 3.4286780500000004e-09 4.814803e-10 -4.8147575e-10
628.984 0.274 -0.231 3.3425220500000004e-09 4.982897500000001e-10 -4.9828555e-10
629.51 0.323 -0.251 2.9388247000000002e-09 4.3810795e-10 -4.3810445000000004e-10
630.147 0.391 -0.314 3.5689885000000004e-09 4.360419e-10 -4.3603665000000004e-10
630.834 0.302 -0.296 4.20637e-09 5.139141e-10 -5.139081500000001e-10
631.464 0.386 -0.329 3.33348645e-09 4.3284850000000005e-10 -4.3284395000000005e-10
632.104 0.266 -0.253 3.27618655e-09 5.0237775e-10 -5.023739000000001e-10
632.633 0.287 -0.262 3.0157585500000003e-09 4.6141025e-10 -4.6140675e-10
633.237 0.306 -0.317 2.7121622500000006e-09 4.0431825e-10 -4.043151e-10
633.797 0.284 -0.255 3.2024244e-09 4.721871e-10 -4.7218325e-10
634.421 0.255 -0.34 2.8421043e-09 4.236897e-10 -4.2368620000000004e-10
634.967 0.264 -0.291 3.0544528e-09 4.6196115000000003e-10 -4.6195765000000005e-10
635.582 0.353 -0.351 2.353281e-09 3.6005165e-10 -3.6004885e-10
636.265 0.26 -0.329 2.8679791000000004e-09 4.2754705000000003e-10 -4.2754355e-10
636.828 0.258 -0.304 3.0040787000000002e-09 4.4783620000000006e-10 -4.4783235000000007e-10
637.363 0.383 -0.277 2.55871175e-09 3.8144260000000003e-10 -3.8143945e-10
638.028 0.302 -0.281 2.8411404e-09 4.3469404999999997e-10 -4.3469055e-10
638.696 0.387 -0.366 2.20306765e-09 3.3706893499999997e-10 -3.3706631e-10
639.402 0.264 -0.319 2.8942109e-09 4.3145725e-10 -4.3145375e-10
639.975 0.334 -0.308 2.58144145e-09 3.9495995000000003e-10 -3.949568e-10
640.634 0.41 -0.325 2.25646225e-09 3.45238285e-10 -3.4523559e-10
641.507 0.387 -0.463 1.98598575e-09 2.9606283e-10 -2.96060415e-10
642.184 0.24 -0.291 3.1855302500000003e-09 4.748863000000001e-10 -4.748824500000001e-10
642.843 0.314 -0.419 2.2618764e-09 3.4606666500000006e-10 -3.4606397e-10
643.417 0.287 -0.259 3.0921863000000003e-09 4.60971e-10 -4.6096715e-10
644.065 0.35 -0.362 2.3732376500000005e-09 3.5379295000000004e-10 -3.5378980000000007e-10
644.758 0.388 -0.343 2.309531e-09 3.44295735e-10 -3.4429290000000005e-10
645.403 0.288 -0.257 3.04249855e-09 4.6550175000000004e-10 -4.6549825000000006e-10
646.026 0.305 -0.336 2.5861216500000003e-09 3.9567605000000006e-10 -3.9567325e-10
646.702 0.304 -0.371 2.41059315e-09 3.7861775000000004e-10 -3.7861495e-10
647.292 0.279 -0.287 2.98225795e-09 4.4458295000000004e-10 -4.4457945000000006e-10
647.938 0.36 -0.367 2.27625195e-09 3.4826602999999997e-10 -3.48263335e-10
648.708 0.416 -0.409 2.0439055e-09 3.0469719000000004e-10 -3.0469470500000003e-10
649.522 0.383 -0.398 2.16029205e-09 3.22047565e-10 -3.2204494e-10
650.284 0.313 -0.379 2.4027976e-09 3.7284170000000005e-10 -3.7283890000000004e-10
650.997 0.392 -0.4 2.13114475e-09 3.17702315e-10 -3.17699795e-10
651.784 0.312 -0.394 2.34507805e-09 3.587962e-10 -3.587934e-10
652.416 0.266 -0.321 2.7686785e-09 4.3485995e-10 -4.3485680000000005e-10
652.91 0.303 -0.227 3.0658211500000004e-09 4.8153035e-10 -4.8152685e-10
653.474 0.274 -0.261 3.1506821500000004e-09 4.696909e-10 -4.6968705e-10
654.048 0.28 -0.3 2.8025518499999998e-09 4.401803e-10 -4.4017715e-10
654.582 0.25 -0.253 3.3511579500000004e-09 4.9957705e-10 -4.995732e-10
655.108 0.295 -0.276 2.95439095e-09 4.404288e-10 -4.404253e-10
655.739 0.345 -0.337 2.4761149e-09 3.6912925e-10 -3.6912645e-10
656.381 0.235 -0.296 3.1136175e-09 4.763829e-10 -4.763790500000001e-10
656.894 0.23 -0.278 3.3275277e-09 4.9605465e-10 -4.9605045e-10
657.369 0.256 -0.246 3.4377171500000003e-09 5.068805000000001e-10 -5.068759500000001e-10
657.945 0.292 -0.32 4.1046425e-09 5.014856e-10 -5.0147965e-10
658.523 0.308 -0.286 4.227482e-09 5.1649325e-10 -5.164873e-10
659.164 0.35 -0.333 3.6770580000000003e-09 4.4924530000000003e-10 -4.4924005000000006e-10
659.844 0.353 -0.33 3.6318555000000005e-09 4.5152135e-10 -4.5151610000000006e-10
660.542 0.289 -0.344 3.9174345e-09 4.870253500000001e-10 -4.8701975e-10
661.099 0.299 -0.269 3.4353158000000004e-09 4.764098500000001e-10 -4.764053000000001e-10
661.654 0.278 -0.256 3.1982279e-09 4.969412e-10 -4.9693735e-10
662.257 0.297 -0.325 3.9350010000000005e-09 4.978596000000001e-10 -4.9785435e-10
662.852 0.249 -0.297 4.542692e-09 5.647586000000001e-10 -5.647523e-10
663.451 0.326 -0.35 3.6700125e-09 4.562649e-10 -4.5625965000000003e-10
664.086 0.299 -0.309 4.1287085e-09 5.0442525e-10 -5.044193e-10
664.679 0.235 -0.293 4.7542250000000005e-09 5.808481e-10 -5.808411e-10
665.251 0.288 -0.337 4.0228020000000004e-09 4.9148645e-10 -4.914805e-10
665.766 0.278 -0.228 5.788013e-09 6.553988000000001e-10 -6.553897000000001e-10
666.304 0.248 -0.261 5.0851255e-09 6.122063500000001e-10 -6.1219865e-10
666.814 0.276 -0.262 5.0293179999999995e-09 5.927404e-10 -5.927327000000001e-10
667.366 0.229 -0.277 5.7937635e-09 6.5605015e-10 -6.5604105e-10
667.838 0.259 -0.243 6.459446e-09 7.071652e-10 -7.071547e-10
668.369 0.235 -0.272 5.564265000000001e-09 6.481755e-10 -6.481671000000001e-10
668.847 0.277 -0.243 5.1292045e-09 6.0875535e-10 -6.087476500000001e-10
669.37 0.257 -0.246 5.901749e-09 6.695675000000001e-10 -6.695584e-10
669.89 0.24 -0.263 5.603640000000001e-09 6.527626e-10 -6.527538500000001e-10
670.371 0.261 -0.241 6.208867e-09 6.815522e-10 -6.8154205e-10
670.887 0.258 -0.255 4.907511e-09 5.995766e-10 -5.9956925e-10
671.382 0.276 -0.238 5.2554495e-09 6.193929000000001e-10 -6.193845000000001e-10
671.913 0.254 -0.254 6.269466e-09 6.800605e-10 -6.8005e-10
672.428 0.243 -0.26 6.4105545000000006e-09 6.913102e-10 -6.912993500000001e-10
672.944 0.228 -0.274 5.6366695e-09 6.622140000000001e-10 -6.622056e-10
673.448 0.227 -0.275 5.773068e-09 6.635604500000001e-10 -6.635513500000001e-10
673.936 0.265 -0.262 5.8688595e-09 6.5846445e-10 -6.58455e-10
674.446 0.259 -0.245 6.138461000000001e-09 6.887128500000001e-10 -6.887030500000001e-10
674.949 0.259 -0.244 6.660248e-09 7.164003e-10 -7.163887500000001e-10
675.466 0.414 -0.258 5.5218345e-09 6.968451e-10 -6.9683705e-10
676.699 0.734 -0.819 5.219599000000001e-09 7.034405e-10 -6.989738000000001e-10
678.054 0.546 -0.621 7.1081325e-09 9.303896000000001e-10 -9.232786500000001e-10
679.256 0.547 -0.656 6.897768500000001e-09 9.023003500000001e-10 -8.958971e-10
680.357 0.587 -0.554 7.274442e-09 9.51776e-10 -9.448166e-10
681.431 0.422 -0.487 9.332799000000002e-09 1.1857695500000002e-09 -1.1760819e-09
682.355 0.414 -0.502 9.4665445e-09 1.1684967000000002e-09 -1.1578672e-09
683.362 0.599 -0.593 6.880349000000001e-09 9.1493605e-10 -9.073813000000001e-10
684.49 0.455 -0.529 8.3359465e-09 1.1090408e-09 -1.09935105e-09
685.423 0.416 -0.477 9.288748000000002e-09 1.2179363e-09 -1.2064619e-09
686.249 0.466 -0.411 9.673559000000001e-09 1.2317392499999999e-09 -1.2190472000000002e-09
687.251 0.47 -0.536 8.415365e-09 1.08783465e-09 -1.07658635e-09
688.146 0.46 -0.426 9.657501000000001e-09 1.2305076e-09 -1.2170305e-09
689.065 0.351 -0.459 1.0217032000000002e-08 1.3614895000000003e-09 -1.3474489e-09
689.827 0.267 -0.411 1.2482396500000001e-08 1.6149357e-09 -1.59689775e-09
690.45 0.387 -0.357 1.1249623e-08 1.4775250000000002e-09 -1.4611695e-09
691.305 0.362 -0.468 9.8609245e-09 1.3345591000000001e-09 -1.32062175e-09
691.984 0.306 -0.317 1.3588001e-08 1.7581291e-09 -1.7383411500000002e-09
692.667 0.453 -0.377 1.02985855e-08 1.31283635e-09 -1.2978248500000003e-09
693.46 0.382 -0.34 1.2588537500000001e-08 1.6486347500000002e-09 -1.6323366500000001e-09
694.184 0.352 -0.342 1.5500422e-08 1.99442145e-09 -1.9773705e-09
694.803 0.253 -0.267 2.0926829e-08 2.6549579000000003e-09 -2.63145995e-09
695.376 0.279 -0.32 1.83267805e-08 2.2927807000000002e-09 -2.2717831500000004e-09
695.903 0.332 -0.248 1.8543819000000002e-08 2.3863101500000003e-09 -2.3655075500000005e-09
696.509 0.259 -0.273 2.0437074e-08 2.593367e-09 -2.5696919500000003e-09
697.053 0.31 -0.286 1.8240698e-08 2.31493185e-09 -2.29344325e-09
697.606 0.267 -0.243 2.6160498000000004e-08 2.9924653500000003e-09 -2.95768935e-09
698.149 0.248 -0.275 2.1230188000000003e-08 2.6206789e-09 -2.5941384000000002e-09
698.731 0.333 -0.334 1.59461715e-08 2.08258435e-09 -2.0634694500000004e-09
699.374 0.258 -0.31 1.8745552000000004e-08 2.4485198500000005e-09 -2.4256456e-09
699.978 0.348 -0.346 1.5164737000000003e-08 2.0096069000000003e-09 -1.99104745e-09
700.619 0.347 -0.293 1.6792205500000003e-08 2.1632002e-09 -2.1415940000000003e-09
701.244 0.234 -0.278 2.3254864500000004e-08 2.8426562500000002e-09 -2.8105910000000002e-09
701.78 0.282 -0.302 1.8829762e-08 2.3590402500000002e-09 -2.33359385e-09
702.302 0.28 -0.24 2.0926829e-08 2.65890135e-09 -2.6308527000000003e-09
702.832 0.267 -0.25 2.2149575000000003e-08 2.7838884500000003e-09 -2.7537244000000005e-09
703.413 0.275 -0.314 1.82637035e-08 2.35375595e-09 -2.32935675e-09
703.963 0.246 -0.275 2.12048375e-08 2.6573064000000003e-09 -2.6280198e-09
704.518 0.3 -0.309 1.76189965e-08 2.30336785e-09 -2.2799304500000006e-09
705.117 0.242 -0.299 2.02553225e-08 2.5744117e-09 -2.5465310500000002e-09
705.642 0.226 -0.283 2.08382195e-08 2.7637386e-09 -2.7361239500000003e-09
706.276 0.329 -0.409 1.4043043000000001e-08 1.91755865e-09 -1.89904785e-09
706.875 0.313 -0.269 1.8225791500000002e-08 2.4191503e-09 -2.3933868000000004e-09
707.448 0.326 -0.261 1.72605335e-08 2.4288838000000004e-09 -2.4051902e-09
708.007 0.27 -0.232 2.43281115e-08 3.044517e-09 -3.0058343e-09
708.591 0.303 -0.315 1.69849155e-08 2.2898259999999997e-09 -2.263933e-09
709.17 0.242 -0.276 2.09335105e-08 2.7055010500000006e-09 -2.6712651e-09
709.676 0.261 -0.264 2.06497025e-08 2.6700019500000003e-09 -2.63534355e-09
710.192 0.287 -0.256 1.9972736e-08 2.5835502000000003e-09 -2.5492337500000003e-09
710.766 0.268 -0.287 1.9736727500000004e-08 2.5187603e-09 -2.48351495e-09
711.349 0.305 -0.315 1.7505211500000003e-08 2.2642802e-09 -2.2342663e-09
712.009 0.296 -0.355 1.57427165e-08 2.18545145e-09 -2.1616042e-09
712.707 0.284 -0.403 1.57814895e-08 2.0378781500000002e-09 -2.0134341500000002e-09
713.259 0.319 -0.268 1.8459539e-08 2.38212765e-09 -2.35480105e-09
713.933 0.288 -0.355 1.705746e-08 2.1687218e-09 -2.1445921e-09
714.532 0.311 -0.312 1.6977443e-08 2.2508556e-09 -2.2290926000000002e-09
715.218 0.34 -0.375 1.49108155e-08 1.94793585e-09 -1.92939215e-09
715.899 0.317 -0.341 1.6377952500000003e-08 2.1089005e-09 -2.0888616e-09
716.633 0.5 -0.416 1.18940885e-08 1.5098167e-09 -1.4953795500000001e-09
717.576 0.414 -0.444 1.22998365e-08 1.6289731500000002e-09 -1.61512855e-09
718.369 0.433 -0.379 1.37814985e-08 1.7114345500000002e-09 -1.6953520500000002e-09
719.346 0.493 -0.545 1.02817505e-08 1.3417908e-09 -1.33078925e-09
720.327 0.416 -0.488 1.2187056e-08 1.5240326500000002e-09 -1.51095525e-09
721.243 0.457 -0.5 1.1019694000000002e-08 1.4585007500000001e-09 -1.4473725e-09
722.221 0.537 -0.521 1.0295036499999999e-08 1.30594345e-09 -1.2946223500000002e-09
723.364 0.697 -0.605 8.4577605e-09 1.0582428500000001e-09 -1.0483774e-09
724.54 0.397 -0.479 1.1649771e-08 1.6118326e-09 -1.59899845e-09
725.557 0.614 -0.621 8.80019e-09 1.11728855e-09 -1.10635315e-09
726.983 0.803 -0.812 6.505688e-09 8.6203075e-10 -8.541781500000001e-10
728.435 0.579 -0.649 8.940186500000001e-09 1.1194302000000002e-09 -1.10796595e-09
729.567 0.354 -0.553 8.1047645e-09 1.0459337e-09 -1.035825e-09
730.271 0.332 -0.35 7.0050575e-09 8.678628e-10 -8.5591625e-10
730.921 0.293 -0.319 7.61677e-09 9.751483000000002e-10 -9.6164705e-10
731.558 0.322 -0.343 7.0897365e-09 8.928958500000001e-10 -8.8050585e-10
732.2 0.427 -0.32 6.313345500000001e-09 7.9484685e-10 -7.840714e-10
733.003 0.432 -0.376 5.909582e-09 7.326581500000001e-10 -7.220643500000001e-10
733.796 0.381 -0.361 6.4341235e-09 7.9818445e-10 -7.861896e-10
734.554 0.34 -0.377 6.5017855e-09 8.331970500000001e-10 -8.209481000000001e-10
735.302 0.367 -0.409 6.1535320000000006e-09 7.644017500000001e-10 -7.5198655e-10
736.163 0.426 -0.494 5.189436e-09 6.4441405e-10 -6.341503000000001e-10
737.04 0.434 -0.45 5.398309000000001e-09 6.6922555e-10 -6.595876000000001e-10
737.943 0.472 -0.469 5.0124794999999995e-09 6.3245e-10 -6.225821000000001e-10
738.865 0.466 -0.45 5.0877855e-09 6.538987e-10 -6.4250655e-10
739.672 0.435 -0.341 6.009563e-09 7.7406525e-10 -7.590443e-10
740.46 0.482 -0.354 5.6640045e-09 7.1999235e-10 -7.039172000000001e-10
741.329 0.45 -0.386 5.66475e-09 7.189476e-10 -7.039067e-10
742.254 0.487 -0.475 4.9213325e-09 6.2193285e-10 -6.1132225e-10
743.151 0.482 -0.41 5.251298500000001e-09 6.724515000000001e-10 -6.630106e-10
744.106 0.439 -0.473 5.128543e-09 6.587024500000001e-10 -6.4769635e-10
744.962 0.452 -0.417 5.5203365e-09 6.899942000000001e-10 -6.7511115e-10
746.003 0.524 -0.59 4.2531230000000004e-09 5.4178425e-10 -5.2896725e-10
746.963 0.504 -0.435 4.9828275e-09 6.422867500000001e-10 -6.295793e-10
747.928 0.426 -0.462 5.2092075e-09 6.794483500000001e-10 -6.688003e-10
748.91 0.553 -0.555 4.2735735e-09 5.3854605e-10 -5.307729e-10
749.923 0.369 -0.46 5.6457485e-09 7.251237e-10 -7.129339e-10
750.842 0.526 -0.55 4.2792225e-09 5.602261e-10 -5.495098e-10
751.772 0.377 -0.404 6.093017e-09 7.602882e-10 -7.4478845e-10
752.611 0.43 -0.461 5.276624500000001e-09 6.678427e-10 -6.5552795e-10
753.52 0.352 -0.479 5.660683e-09 7.153618500000001e-10 -7.031629500000001e-10
754.365 0.439 -0.493 4.92555e-09 6.418702500000001e-10 -6.3229005e-10
755.184 0.411 -0.381 5.8896705e-09 7.6059305e-10 -7.4987885e-10
755.941 0.39 -0.345 6.3250565e-09 8.093281000000001e-10 -7.985432e-10
756.686 0.327 -0.356 6.965962500000001e-09 8.635578e-10 -8.5113455e-10
757.381 0.314 -0.367 6.902315000000001e-09 8.702361500000001e-10 -8.573019000000001e-10
757.998 0.327 -0.303 7.3792215000000006e-09 9.4612035e-10 -9.317784000000002e-10
758.637 0.335 -0.312 7.2624685e-09 9.1726915e-10 -9.021764500000001e-10
759.367 0.36 -0.395 6.234788e-09 7.883673e-10 -7.7460635e-10
760.146 0.447 -0.419 5.428304000000001e-09 6.871879e-10 -6.745011e-10
760.97 0.449 -0.376 5.6972825e-09 7.216965000000001e-10 -7.079800000000001e-10
761.885 0.478 -0.466 5.0085175000000004e-09 6.325410000000001e-10 -6.2217575e-10
762.782 0.393 -0.418 5.8344685e-09 7.349961500000001e-10 -7.246249500000001e-10
763.65 0.468 -0.475 5.0792245e-09 6.305992e-10 -6.2064485e-10
764.519 0.436 -0.402 5.581765000000001e-09 7.1734915e-10 -7.0488565e-10
765.479 0.537 -0.524 4.4639945e-09 5.6653065e-10 -5.546982e-10
766.613 0.539 -0.598 4.275705e-09 5.325334e-10 -5.190496500000001e-10
767.542 0.333 -0.39 5.124934500000001e-09 6.315323000000001e-10 -6.264051500000001e-10
768.23 0.284 -0.355 3.8366195e-09 4.854125500000001e-10 -4.8540695e-10
768.804 0.296 -0.291 4.173778e-09 5.2806985e-10 -5.2806425e-10
769.373 0.28 -0.272 4.386935e-09 5.6491505e-10 -5.649091000000001e-10
769.902 0.295 -0.25 3.09935815e-09 4.620392e-10 -4.620357e-10
770.437 0.292 -0.24 3.1843644000000005e-09 4.8160875e-10 -4.816049e-10
771.01 0.305 -0.282 4.2790720000000004e-09 5.227957000000001e-10 -5.2278975e-10
771.571 0.252 -0.255 5.1765735e-09 6.1874855e-10 -6.187412e-10
772.152 0.354 -0.329 3.6320655000000005e-09 4.5154725000000006e-10 -4.51542e-10
772.817 0.317 -0.311 3.9509785e-09 4.911956000000001e-10 -4.9119e-10
773.434 0.353 -0.3 3.752917000000001e-09 4.748226e-10 -4.7481735e-10
774.059 0.23 -0.272 3.4378729000000003e-09 5.069029e-10 -5.068987000000001e-10
774.592 0.387 -0.303 3.6394015e-09 4.4464455e-10 -4.446393e-10
775.258 0.297 -0.279 2.9922704000000006e-09 4.4120055e-10 -4.4119705000000003e-10
775.81 0.258 -0.254 3.3662510000000004e-09 4.963427e-10 -4.963385e-10
776.396 0.316 -0.328 3.9589725e-09 4.8011915e-10 -4.801132e-10
776.967 0.329 -0.255 2.89153165e-09 4.310579e-10 -4.3105440000000003e-10
777.599 0.346 -0.304 3.821118e-09 4.750515000000001e-10 -4.750459e-10
778.174 0.29 -0.23 3.4644914500000004e-09 5.0007335e-10 -5.000688e-10
778.774 0.276 -0.309 2.8320197500000002e-09 4.3329825e-10 -4.3329475e-10
779.412 0.298 -0.363 2.51195945e-09 3.8432905e-10 -3.8432625000000005e-10
780.03 0.374 -0.32 3.5795935000000003e-09 4.4502430000000006e-10 -4.4501905e-10
780.681 0.296 -0.277 2.94818055e-09 4.395027e-10 -4.394992e-10
781.277 0.305 -0.3 2.7920634000000002e-09 4.1622945e-10 -4.1622595e-10
781.849 0.236 -0.267 3.4289594500000004e-09 5.05589e-10 -5.055848e-10
782.404 0.3 -0.319 4.011539e-09 4.987248000000001e-10 -4.987192e-10
783.103 0.293 -0.399 2.4403879500000003e-09 3.6380330000000004e-10 -3.6380015e-10
783.714 0.331 -0.318 3.3045922000000004e-09 4.4275875e-10 -4.427542e-10
784.412 0.274 -0.367 2.6369489999999998e-09 3.93106e-10 -3.9310250000000004e-10
785.073 0.342 -0.387 2.27297035e-09 3.4776406000000004e-10 -3.4776133000000003e-10
785.773 0.272 -0.358 2.6817010500000003e-09 3.9977735e-10 -3.997742e-10
786.371 0.32 -0.325 2.6732706e-09 3.9416545000000004e-10 -3.9416195e-10
787.087 0.369 -0.396 2.20768625e-09 3.29113155e-10 -3.29110425e-10
787.828 0.368 -0.372 2.28202275e-09 3.4019489e-10 -3.4019209e-10
788.618 0.363 -0.422 2.11317925e-09 3.2331600000000004e-10 -3.2331348e-10
789.389 0.336 -0.408 2.2294002500000003e-09 3.4109778500000005e-10 -3.4109512500000004e-10
790.072 0.346 -0.347 2.4340533e-09 3.62859e-10 -3.6285585e-10
790.872 0.29 -0.454 2.2709645e-09 3.3854628500000003e-10 -3.3854352e-10
791.546 0.338 -0.385 2.3472764e-09 3.550064e-10 -3.550036e-10
792.254 0.386 -0.37 2.2831949e-09 3.3664981e-10 -3.3664701000000004e-10
793.058 0.386 -0.418 2.1001792000000002e-09 3.1308630500000003e-10 -3.1308375e-10
793.735 0.409 -0.29 2.4154389e-09 3.6008385e-10 -3.6008105e-10
794.445 0.322 -0.301 2.7121794000000003e-09 4.0432105000000003e-10 -4.0431755000000005e-10
795.182 0.442 -0.415 1.9694626e-09 2.93599635e-10 -2.9359721999999997e-10
796.073 0.401 -0.449 1.9859115500000003e-09 2.96051805e-10 -2.9604935500000005e-10
796.93 0.368 -0.456 2.05024225e-09 3.05641945e-10 -3.05639425e-10
797.634 0.313 -0.336 2.6007184000000004e-09 3.8770480000000005e-10 -3.8770165e-10
798.255 0.335 -0.307 2.6880224000000003e-09 3.9634035e-10 -3.9633685000000003e-10
798.909 0.334 -0.319 2.5865749000000004e-09 3.8559605e-10 -3.855929e-10
799.532 0.288 -0.29 2.9208095000000002e-09 4.354224e-10 -4.3541890000000004e-10
800.147 0.316 -0.326 2.5813039e-09 3.9493895e-10 -3.9493580000000004e-10
800.868 0.398 -0.405 2.1047453e-09 3.1376688e-10 -3.1376436e-10
801.615 0.379 -0.35 2.2303652e-09 3.5031045e-10 -3.5030765e-10
802.581 0.383 -0.586 1.7417235500000002e-09 2.5964911e-10 -2.5964701e-10
803.438 0.327 -0.474 2.0708152500000002e-09 3.1683421e-10 -3.1683176e-10
804.187 0.463 -0.421 1.9099227e-09 2.8472356500000004e-10 -2.8472125500000003e-10
805.026 0.337 -0.376 2.36719175e-09 3.5289135e-10 -3.5288855e-10
805.796 0.373 -0.433 2.095422e-09 3.123771e-10 -3.12374545e-10
806.602 0.409 -0.433 2.0068188e-09 2.9916841500000003e-10 -2.99166e-10
807.38 0.374 -0.369 2.2708857500000005e-09 3.38534385e-10 -3.38531655e-10
808.221 0.397 -0.467 1.95317465e-09 2.911713e-10 -2.91168955e-10
809.08 0.351 -0.462 2.0770813e-09 3.0964276e-10 -3.09640275e-10
809.85 0.388 -0.418 2.0954472e-09 3.12380635e-10 -3.1237815000000004e-10
810.554 0.272 -0.317 2.86657245e-09 4.273367e-10 -4.2733355000000006e-10
811.223 0.4 -0.397 2.11696135e-09 3.1558785999999997e-10 -3.1558534e-10
812.105 0.559 -0.482 1.6211930000000002e-09 2.4168077500000003e-10 -2.4167885e-10
813.186 0.397 -0.521 1.7706682e-09 2.7810835500000005e-10 -2.78106325e-10
814.099 0.433 -0.517 1.77605925e-09 2.6476765000000003e-10 -2.64765515e-10
815.081 0.414 -0.548 1.7209654e-09 2.6330717000000005e-10 -2.63305175e-10
815.997 0.528 -0.502 1.608005e-09 2.46024275e-10 -2.46022385e-10
816.955 0.455 -0.431 1.8695379500000003e-09 2.8603879500000004e-10 -2.8603659e-10
818.038 0.581 -0.627 1.371188e-09 2.09791365e-10 -2.09789755e-10
819.191 0.535 -0.572 1.4968247e-09 2.2901375e-10 -2.29012e-10
820.28 0.605 -0.555 1.4279646500000001e-09 2.18478225e-10 -2.1847654500000002e-10
821.481 0.456 -0.596 1.5753094e-09 2.410219e-10 -2.41020045e-10
822.516 0.504 -0.579 1.52873105e-09 2.3389541e-10 -2.33893625e-10
823.637 0.541 -0.617 1.3767306e-09 2.2203555500000002e-10 -2.2203405e-10
825.003 0.775 -0.825 1.0549203e-09 1.5726322500000003e-10 -1.57261965e-10
826.349 0.577 -0.571 1.4703503500000001e-09 2.19193835e-10 -2.19192085e-10
827.55 0.627 -0.624 1.3490270500000001e-09 2.01107445e-10 -2.01105835e-10
828.805 0.6 -0.629 1.3473208000000001e-09 2.0613971000000002e-10 -2.0613813500000001e-10
830.171 0.635 -0.765 1.1829590500000001e-09 1.8099242e-10 -1.8099102000000003e-10
831.631 0.93 -0.825 9.442111000000001e-10 1.44464075e-10 -1.4446295500000002e-10
833.248 0.699 -0.688 1.2158342000000002e-09 1.8125163000000002e-10 -1.8125016e-10
834.584 0.622 -0.636 1.3413617000000001e-09 1.9996466e-10 -1.9996308500000002e-10
836.173 0.757 -0.967 9.60764e-10 1.46996605e-10 -1.46995485e-10
837.388 0.502 -0.459 1.7240667500000002e-09 2.63781665e-10 -2.6377967e-10
838.681 0.754 -0.79 1.0525378500000001e-09 1.6531592e-10 -1.6531469500000002e-10
840.145 0.695 -0.71 1.2004345500000002e-09 1.7895591e-10 -1.7895447500000002e-10
841.723 0.604 -0.883 1.0928309000000001e-09 1.7164451500000002e-10 -1.7164325499999999e-10
843.361 1.083 -1.034 7.677694500000001e-10 1.20589035e-10 -1.2058816000000002e-10
845.291 0.843 -0.847 9.983057000000001e-10 1.4882336e-10 -1.4882216999999998e-10
846.903 0.91 -0.768 9.873020500000001e-10 1.5105692e-10 -1.51055765e-10
848.87 0.962 -1.057 8.356015500000001e-10 1.2456808000000002e-10 -1.2456710000000002e-10
850.817 0.904 -0.986 8.2759565e-10 1.3709024e-10 -1.37089365e-10
852.938 1.117 -1.217 7.228697e-10 1.0776244500000001e-10 -1.07761605e-10
855.323 1.109 -1.268 7.098913499999999e-10 1.0582768000000002e-10 -1.0582684e-10
857.719 1.462 -1.286 6.138618500000001e-10 9.1512015e-11 -9.151128e-11
860.16 1.156 -0.979 7.7587265e-10 1.1870827500000002e-10 -1.1870736500000002e-10
862.371 1.323 -1.055 6.963684e-10 1.0654420000000001e-10 -1.0654336000000002e-10
864.656 0.926 -0.961 8.945489e-10 1.3335577500000002e-10 -1.3335469000000002e-10
866.872 1.208 -1.289 6.761027e-10 1.0079069e-10 -1.0078985000000001e-10
869.383 1.458 -1.303 6.11625e-10 9.1178605e-11 -9.117783500000001e-11
872.034 1.383 -1.193 6.5556365e-10 9.772875000000001e-11 -9.772798e-11
875.468 1.991 -2.051 4.0991405000000003e-10 6.271671e-11 -6.271625500000001e-11
878.892 1.494 -1.432 5.4487055e-10 8.787534000000001e-11 -8.787474500000001e-11
881.864 1.572 -1.478 5.1280635e-10 8.4945735e-11 -8.4945175e-11
884.856 1.537 -1.42 5.708136e-10 8.509452e-11 -8.5093855e-11
888.06 1.729 -1.668 4.881814000000001e-10 7.4691645e-11 -7.469105e-11
891.677 2.028 -1.888 4.3131830000000004e-10 6.4299235e-11 -6.4298675e-11
895.515 1.592 -1.81 4.872602000000001e-10 7.455073500000001e-11 -7.455014000000001e-11
899.182 1.911 -2.076 4.1545385000000004e-10 6.3564375e-11 -6.3563885e-11
903.122 1.928 -2.028 4.2644035000000004e-10 6.357204000000001e-11 -6.357151500000001e-11
906.58 1.683 -1.53 5.253675e-10 7.831967500000001e-11 -7.8319045e-11
910.323 1.694 -2.06 4.498711e-10 6.706497e-11 -6.706441e-11
913.959 2.328 -1.942 3.8826725e-10 5.940473e-11 -5.9404275e-11
918.265 2.319 -1.978 3.9306785000000006e-10 5.859693000000001e-11 -5.859644e-11
922.694 2.404 -2.11 3.4236881000000005e-10 5.4321995e-11 -5.4321575e-11
926.549 2.014 -1.451 3.37555295e-10 6.189792e-11 -6.1897605e-11
930.405 1.861 -1.842 3.2765411000000006e-10 6.0225795e-11 -6.0225445e-11
934.172 1.498 -1.907 3.03119425e-10 6.2330135e-11 -6.2329855e-11
937.887 1.885 -2.216 2.7430879e-10 5.008276e-11 -5.0082515e-11
941.906 2.402 -2.135 3.4030692500000004e-10 5.3994815000000006e-11 -5.399443e-11
947.613 2.92 -3.305 1.8073639500000003e-10 3.29985005e-11 -3.2998322e-11
954.073 2.988 -3.54 1.6775097500000002e-10 3.18476235e-11 -3.1847459000000005e-11
960.045 2.063 -2.984 2.1694995000000002e-10 4.118807e-11 -4.118786e-11
963.954 1.812 -1.845 3.07823705e-10 5.6201880000000003e-11 -5.6201565e-11
967.451 1.69 -1.685 3.4474320999999997e-10 6.1919095e-11 -6.1918745e-11
970.759 1.316 -1.618 5.7568e-10 8.582003500000001e-11 -8.5819335e-11
973.093 1.087 -1.018 8.024387e-10 1.1962433e-10 -1.1962335e-10
975.393 1.048 -1.213 7.4687515e-10 1.1134116e-10 -1.1134025000000002e-10
977.435 0.92 -0.994 8.822268e-10 1.315188e-10 -1.3151775e-10
979.202 0.918 -0.847 9.569346500000002e-10 1.42655905e-10 -1.4265475e-10
980.948 0.604 -0.828 1.1576117000000002e-09 1.77114245e-10 -1.7711288000000003e-10
982.41 0.762 -0.857 1.02404435e-09 1.5667851500000002e-10 -1.5667729e-10
984.315 1.305 -1.143 6.7724125e-10 1.0361774500000001e-10 -1.0361694e-10
986.656 1.26 -1.037 7.218253e-10 1.1043910500000002e-10 -1.1043826500000001e-10
988.742 0.802 -0.826 1.0374465500000001e-09 1.54658385e-10 -1.54657125e-10
990.231 0.787 -0.688 1.14506875e-09 1.70702315e-10 -1.7070091500000003e-10
991.904 1.173 -0.885 8.204658000000001e-10 1.22311805e-10 -1.2231079000000002e-10
993.831 0.83 -0.753 1.0470831e-09 1.6020350500000003e-10 -1.6020228e-10
995.849 1.114 -1.188 7.201733e-10 1.1018637e-10 -1.1018553e-10
998.078 0.874 -1.115 8.335425000000001e-10 1.2753181e-10 -1.2753083e-10
999.87 0.993 -0.918 8.838823000000001e-10 1.31765585e-10 -1.31764535e-10
11441.519 21.319 -33.841 2.92371065e-11 6.577221e-12 -6.577221e-12
11496.1 49.479 -33.262 3.34903485e-11 5.724922e-12 -5.724922e-12
13256.537 14.988 -20.114 4.0839330000000005e-11 8.911875e-12 -8.911875e-12
13301.601 30.1 -30.076 2.2915235000000002e-11 5.1544255e-12 -5.1544255e-12
13356.138 28.216 -24.437 2.5795567e-11 5.785139500000001e-12 -5.785139500000001e-12
13413.684 15.802 -29.33 2.9980874e-11 6.723773e-12 -6.723773e-12
13468.645 38.567 -39.159 2.7774887e-11 4.9235760000000004e-12 -4.9235760000000004e-12
17504.24 17.736 -37.425 6.480831e-11 1.4225792000000001e-11 -1.4225792000000001e-11
17587.875 69.496 -65.899 2.4636997000000003e-11 5.5777085000000004e-12 -5.5777085000000004e-12
17718.141 49.551 -60.77 3.04174955e-11 6.8649875e-12 -6.8649875e-12
17850.134 60.476 -82.441 2.35352705e-11 5.30348e-12 -5.30348e-12
17955.347 58.061 -44.738 3.28353305e-11 7.399175e-12 -7.399175e-12
18066.786 61.959 -53.378 2.92370015e-11 6.588319500000001e-12 -6.588319500000001e-12
18243.742 80.573 -114.997 1.7014053e-11 3.8760715e-12 -3.8760715e-12
18369.672 54.935 -45.357 3.35353795e-11 7.5569235e-12 -7.5569235e-12
18515.508 44.494 -90.901 2.719871e-11 5.8396590000000004e-12 -5.8396590000000004e-12
18608.869 53.932 -48.867 3.2408376e-11 7.383145000000001e-12 -7.383145000000001e-12
18725.963 44.653 -63.161 3.1363003000000004e-11 7.056448000000001e-12 -7.056448000000001e-12
18808.459 57.435 -37.843 3.529967e-11 8.004164e-12 -8.004164e-12
18933.678 62.596 -67.784 2.55157175e-11 5.8128875e-12 -5.8128875e-12
19047.152 44.399 -50.879 3.541818e-11 8.0185245e-12 -8.0185245e-12
19193.98 95.642 -102.429 2.3805663000000004e-11 4.538786000000001e-12 -4.538786000000001e-12
23267.971 55.181 -47.619 1.37700605e-11 3.08933485e-12 -3.08933485e-12
23363.752 39.634 -40.6 1.77286865e-11 3.986311e-12 -3.986311e-12
23442.366 31.224 -38.98 1.97570975e-11 4.4374645000000005e-12 -4.4374645000000005e-12
23531.294 50.11 -57.704 1.37251975e-11 3.01734335e-12 -3.01734335e-12
23629.401 54.803 -47.996 1.38931205e-11 3.1378452000000005e-12 -3.1378452000000005e-12
23712.279 29.594 -28.074 2.4540662999999998e-11 5.511856e-12 -5.511856e-12
23784.484 35.115 -42.612 1.8660152000000004e-11 4.186434e-12 -4.186434e-12
23866.352 35.988 -46.753 1.72436845e-11 3.8600765e-12 -3.8600765e-12
23971.886 50.805 -69.545 1.16141515e-11 2.6260615500000003e-12 -2.6260615500000003e-12
24058.29 22.069 -35.599 2.4681786500000003e-11 5.5497225e-12 -5.5497225e-12
24132.857 60.331 -52.498 1.26677845e-11 2.8388860500000004e-12 -2.8388860500000004e-12
24239.084 46.874 -45.896 1.6162786500000002e-11 3.5381955e-12 -3.5381955e-12
24350.246 56.063 -64.288 1.1819674999999999e-11 2.6665653e-12 -2.6665653e-12
24446.794 29.719 -40.485 2.0479179e-11 4.599644e-12 -4.599644e-12
24514.987 36.746 -38.474 1.89337715e-11 4.2478205e-12 -4.2478205e-12
24588.204 43.762 -36.472 1.7884678e-11 4.0258645e-12 -4.0258645e-12
24685.486 46.773 -53.52 1.42322985e-11 3.20014485e-12 -3.20014485e-12
24766.852 38.119 -34.593 1.9556246500000003e-11 4.402139e-12 -4.402139e-12
24841.818 33.357 -36.848 2.0386730000000003e-11 4.5941980000000004e-12 -4.5941980000000004e-12
24936.218 54.294 -61.042 1.2990306000000002e-11 2.8437083500000005e-12 -2.8437083500000005e-12
25027.858 45.388 -37.347 1.71768205e-11 3.870839e-12 -3.870839e-12
28994.369 126.528 -104.144 1.8434374e-11 3.5571235000000005e-12 -3.5571235000000005e-12
29369.459 100.349 -81.506 1.4027111e-11 3.0772896e-12 -3.0772896e-12
29523.957 31.1 -54.149 2.17454545e-11 4.8787340000000004e-12 -4.8787340000000004e-12
29646.171 54.309 -91.114 9.1534975e-12 2.0629339500000002e-12 -2.0629339500000002e-12
29760.385 47.909 -59.905 8.613101e-12 1.93249665e-12 -1.93249665e-12
29855.55 30.471 -47.256 1.2056751000000002e-11 2.7082079500000003e-12 -2.7082079500000003e-12
29935.28 46.019 -49.258 9.867046e-12 2.2163529500000004e-12 -2.2163529500000004e-12
30027.913 33.619 -46.614 1.2235149500000001e-11 2.67280405e-12 -2.67280405e-12
30089.108 35.108 -27.575 1.5112247500000002e-11 3.3830230000000004e-12 -3.3830230000000004e-12
30170.716 41.255 -46.501 1.06636635e-11 2.39801135e-12 -2.39801135e-12
30273.751 63.586 -61.78 1.01298015e-11 2.27785075e-12 -2.27785075e-12
30407.774 57.435 -70.437 1.39266575e-11 3.13856795e-12 -3.13856795e-12
30502.188 28.211 -36.979 2.4254041000000003e-11 5.4537455e-12 -5.4537455e-12
30607.829 118.139 -77.431 1.6297736e-11 3.3044991e-12 -3.3044991e-12
34471.086 62.954 -72.441 1.2243518e-11 2.7610526999999998e-12 -2.7610526999999998e-12
34582.792 49.032 -48.753 1.6780179500000003e-11 3.7720725e-12 -3.7720725e-12
34701.011 38.628 -69.187 1.51223485e-11 3.4102614e-12 -3.4102614e-12
34818.482 46.522 -78.843 1.3682767000000001e-11 2.9948583000000003e-12 -2.9948583000000003e-12
34935.821 54.55 -70.816 1.30467295e-11 2.9421854e-12 -2.9421854e-12
35055.674 45.018 -65.303 1.4751345000000002e-11 3.33369365e-12 -3.33369365e-12
35202.962 60.705 -102.27 8.172395e-12 1.8469423000000003e-12 -1.8469423000000003e-12
35306.656 69.84 -42.989 9.345777e-12 2.1032938500000002e-12 -2.1032938500000002e-12
35462.973 76.499 -86.477 9.913918e-12 2.24526155e-12 -2.24526155e-12
35622.814 74.617 -83.343 1.0336112500000002e-11 2.3284316999999998e-12 -2.3284316999999998e-12
35844.565 161.263 -147.134 1.0299978500000001e-11 1.66281955e-12 -1.66281955e-12
40259.258 44.765 -42.991 9.647781499999999e-12 2.1617004500000002e-12 -2.1617004500000002e-12
40341.501 32.726 -37.478 1.1983139000000001e-11 2.68770005e-12 -2.68770005e-12
40414.839 42.13 -40.612 1.01529015e-11 2.2911987000000002e-12 -2.2911987000000002e-12
40507.233 34.985 -50.264 9.849336e-12 2.21814705e-12 -2.21814705e-12
40587.398 42.576 -45.18 1.0062391500000001e-11 2.2064644e-12 -2.2064644e-12
40676.471 38.752 -46.497 1.03772515e-11 2.27993745e-12 -2.27993745e-12
40771.983 38.517 -56.761 9.381155000000002e-12 2.05309335e-12 -2.05309335e-12
40843.215 32.475 -32.715 1.29512775e-11 2.9137478999999998e-12 -2.9137478999999998e-12
40934.843 71.227 -59.153 7.718172e-12 1.7346437500000001e-12 -1.7346437500000001e-12
41090.922 65.587 -84.851 9.3322635e-12 2.1078449e-12 -2.1078449e-12
41217.051 39.751 -60.541 8.4332605e-12 1.8895723e-12 -1.8895723e-12
41296.037 33.477 -39.235 1.17365675e-11 2.6350810500000003e-12 -2.6350810500000003e-12
41379.524 50.282 -50.011 8.435931e-12 1.9076407e-12 -1.9076407e-12
41468.288 34.23 -38.482 1.1597817e-11 2.6092500000000004e-12 -2.6092500000000004e-12
41544.635 35.609 -42.117 1.1099508e-11 2.4869775e-12 -2.4869775e-12
41643.293 52.288 -63.049 7.411271e-12 1.66566855e-12 -1.66566855e-12
41762.87 63.088 -67.289 1.04528725e-11 1.8596277e-12 -1.8596277e-12
46056.924 71.987 -78.452 1.08415965e-11 2.44749575e-12 -2.44749575e-12
46178.145 71.116 -49.235 7.6247535e-12 1.6811147500000002e-12 -1.6811147500000002e-12
46283.105 38.869 -33.843 1.2025048e-11 2.70932515e-12 -2.70932515e-12
46367.096 45.141 -45.122 9.752172499999999e-12 2.1900949e-12 -2.1900949e-12
46462.374 62.692 -50.137 7.8163995e-12 1.7534706e-12 -1.7534706e-12
46579.718 48.148 -54.652 8.528709e-12 1.9215756e-12 -1.9215756e-12
46694.037 84.268 -66.171 9.8236565e-12 2.2083369e-12 -2.2083369e-12
46850.114 71.108 -71.809 1.1558904e-11 2.6038809999999998e-12 -2.6038809999999998e-12
47025.375 73.866 -104.153 6.841275e-12 1.5528688000000001e-12 -1.5528688000000001e-12
47136.094 33.352 -36.853 1.2514344500000001e-11 2.80737065e-12 -2.80737065e-12
47253.775 68.617 -84.329 6.0116805e-12 1.3199865000000001e-12 -1.3199865000000001e-12
47394.326 68.475 -71.935 6.214148500000001e-12 1.4000896000000001e-12 -1.4000896000000001e-12
47519.558 66.099 -56.757 7.43386e-12 1.6373283500000001e-12 -1.6373283500000001e-12
51804.007 62.448 -67.932 9.3970205e-12 2.1154749e-12 -2.1154749e-12
51976.871 92.676 -110.416 5.9646055e-12 1.3473271e-12 -1.3473271e-12
52169.806 102.833 -100.259 5.9809015e-12 1.3556158000000002e-12 -1.3556158000000002e-12
52359.727 116.005 -87.087 6.004082e-12 1.3562447500000002e-12 -1.3562447500000002e-12
52571.998 49.158 -96.266 8.410195500000001e-12 1.89118405e-12 -1.89118405e-12
52712.158 69.466 -91.002 7.534968e-12 1.7001256999999999e-12 -1.7001256999999999e-12
52838.155 53.79 -56.531 1.0953026e-11 2.47134685e-12 -2.47134685e-12
52966.519 83.387 -74.574 7.666025500000001e-12 1.72579015e-12 -1.72579015e-12
53198.401 147.359 -148.495 7.458073e-12 1.2434387e-12 -1.2434387e-12
57676.462 56.677 -76.211 7.703318e-12 1.7340603e-12 -1.7340603e-12
57810.341 83.266 -77.202 6.447619500000001e-12 1.4562751000000001e-12 -1.4562751000000001e-12
57987.103 71.987 -93.496 6.268472e-12 1.4158123000000001e-12 -1.4158123000000001e-12
58191.046 128.804 -131.956 6.1540675e-12 1.388205e-12 -1.388205e-12
58411.594 73.739 -91.744 9.3292815e-12 2.1091756e-12 -2.1091756e-12
58581.34 79.505 -96.007 5.8425535e-12 1.3181364e-12 -1.3181364e-12
58731.535 87.27 -70.69 6.4309175e-12 1.44602045e-12 -1.44602045e-12
58901.409 65.328 -82.604 6.84222e-12 1.54367045e-12 -1.54367045e-12
59056.562 108.249 -89.825 6.894790000000001e-12 1.3390100500000002e-12 -1.3390100500000002e-12
63895.793 76.362 -79.092 5.1394035e-12 1.1587583e-12 -1.1587583e-12
64031.544 50.932 -59.39 7.656229e-12 1.6789654000000002e-12 -1.6789654000000002e-12
64154.394 73.506 -71.918 5.758711e-12 1.2640974500000002e-12 -1.2640974500000002e-12
64303.611 67.206 -75.71 5.6529585e-12 1.2705868e-12 -1.2705868e-12
64461.801 122.137 -90.984 3.76404e-12 8.486611e-13 -8.486611e-13
64692.093 107.474 -108.155 5.905707500000001e-12 1.3354768e-12 -1.3354768e-12
64870.104 54.828 -70.537 7.158277e-12 1.5290152500000002e-12 -1.5290152500000002e-12
69206.436 107.723 -127.964 4.7989375e-12 1.0800317500000002e-12 -1.0800317500000002e-12
69452.014 122.906 -137.855 4.313736e-12 9.7504785e-13 -9.7504785e-13
69670.294 120.255 -95.374 5.2032995e-12 1.17188015e-12 -1.17188015e-12
69881.792 89.284 -91.243 6.1756415e-12 1.3959001e-12 -1.3959001e-12
70078.494 85.644 -107.419 5.77528e-12 1.30351935e-12 -1.30351935e-12
70276.417 133.438 -112.279 4.5260495e-12 1.01861655e-12 -1.01861655e-12
70536.246 149.405 -126.391 5.591775e-12 1.06491175e-12 -1.06491175e-12
75050.907 95.683 -155.048 4.9984410000000004e-12 1.1241321e-12 -1.1241321e-12
75328.475 101.441 -181.885 3.32883985e-12 8.6947525e-13 -8.6947525e-13
75599.477 158.897 -169.561 3.871231e-12 8.807865500000001e-13 -8.807865500000001e-13
75922.35 209.613 -163.976 2.49476745e-12 6.5605995e-13 -6.5605995e-13
76318.555 186.99 -186.592 5.995787e-12 1.00611e-12 -1.00611e-12
80727.978 142.95 -97.751 3.8335955e-12 8.665454e-13 -8.665454e-13
81017.19 111.991 -146.262 3.6419075e-12 8.226197000000001e-13 -8.226197000000001e-13
81257.523 117.375 -128.341 3.8157840000000004e-12 8.606468500000001e-13 -8.606468500000001e-13
81463.885 114.105 -88.987 4.578647500000001e-12 1.0275034e-12 -1.0275034e-12
81692.214 118.956 -114.224 3.0135220500000002e-12 7.878878e-13 -7.878878e-13
81916.324 92.923 -105.155 4.821554500000001e-12 1.0835755e-12 -1.0835755e-12
82156.18 108.806 -146.933 4.809462e-12 9.4897565e-13 -9.4897565e-13
86521.759 130.669 -132.599 3.763613e-12 8.482694500000001e-13 -8.482694500000001e-13
86792.427 113.24 -139.999 3.9061225e-12 8.8230485e-13 -8.8230485e-13
87047.935 93.419 -142.268 4.2890960000000005e-12 9.63221e-13 -9.63221e-13
87270.329 94.175 -128.976 4.503408e-12 1.01574515e-12 -1.01574515e-12
87473.149 167.159 -108.645 3.633077e-12 8.2301835e-13 -8.2301835e-13
87880.263 146.164 -239.955 3.4025446000000004e-12 6.724942000000001e-13 -6.724942000000001e-13
92320.501 100.694 -112.427 3.866849e-12 8.702722e-13 -8.702722e-13
92517.338 81.877 -96.142 4.573453500000001e-12 1.03004405e-12 -1.03004405e-12
92710.018 99.81 -110.804 3.8896445000000006e-12 8.741400500000001e-13 -8.741400500000001e-13
92933.428 87.015 -123.599 2.8873775000000003e-12 7.563682000000001e-13 -7.563682000000001e-13
93126.837 84.161 -106.395 3.4329151500000003e-12 8.628711e-13 -8.628711e-13
93348.135 98.55 -137.137 3.4559612500000005e-12 7.7892255e-13 -7.7892255e-13
93537.946 91.773 -91.261 4.6860135000000005e-12 1.0296062000000001e-12 -1.0296062000000001e-12
93736.383 108.958 -106.665 3.614128e-12 8.291374000000001e-13 -8.291374000000001e-13
98306.654 86.192 -154.51 2.5249616000000003e-12 6.576167500000001e-13 -6.576167500000001e-13
98488.696 104.735 -95.85 3.0126561500000004e-12 7.846349000000001e-13 -7.846349000000001e-13
98697.587 111.472 -104.157 3.774568000000001e-12 8.4890225e-13 -8.4890225e-13
98898.555 93.538 -89.495 3.3213096000000003e-12 8.616895000000001e-13 -8.616895000000001e-13
99115.354 77.324 -123.261 3.0198371000000005e-12 7.84987e-13 -7.84987e-13
99302.859 100.433 -110.181 3.830148e-12 8.645287e-13 -8.645287e-13
99577.785 206.611 -174.494 2.7538577500000005e-12 5.452027e-13 -5.452027e-13
104238.789 112.376 -90.716 3.2035248000000004e-12 8.132432e-13 -8.132432e-13
104494.316 69.97 -143.151 2.8507535e-12 7.489188e-13 -7.489188e-13
104716.946 123.145 -152.659 2.21993625e-12 5.792626e-13 -5.792626e-13
104961.213 71.94 -121.122 3.3868698500000004e-12 8.5512875e-13 -8.5512875e-13
105134.938 83.756 -101.785 4.4143925e-12 9.942009e-13 -9.942009e-13
105406.483 57.926 -187.79 2.5030208000000004e-12 6.506213000000001e-13 -6.506213000000001e-13
105629.338 156.002 -164.928 3.0652664e-12 6.309611e-13 -6.309611e-13
110237.186 94.047 -136.625 2.6636113000000005e-12 6.930917e-13 -6.930917e-13
110498.605 146.042 -167.372 1.97834175e-12 5.174627500000001e-13 -5.174627500000001e-13
110734.808 95.379 -90.162 3.3566029000000005e-12 8.756839000000001e-13 -8.756839000000001e-13
110951.779 101.559 -121.591 3.3405960000000002e-12 7.913454500000001e-13 -7.913454500000001e-13
111228.724 120.476 -175.386 2.09723745e-12 5.4713575e-13 -5.4713575e-13
111492.496 172.619 -143.296 3.549826e-12 6.890744000000001e-13 -6.890744000000001e-13
115879.052 150.151 -186.084 3.3873525000000003e-12 7.656677e-13 -7.656677e-13
116187.22 100.236 -158.018 2.8359562e-12 7.4217115e-13 -7.4217115e-13
116414.371 103.758 -126.915 3.4041777e-12 8.59516e-13 -8.59516e-13
116698.643 305.898 -180.514 2.31175385e-12 4.878111e-13 -4.878111e-13
121383.797 190.547 -238.204 1.50888675e-12 3.9580135e-13 -3.9580135e-13
121784.003 173.959 -209.66 1.7092341000000001e-12 4.463928e-13 -4.463928e-13
122205.809 258.624 -247.847 2.5126136e-12 4.711945e-13 -4.711945e-13
127149.949 203.232 -245.577 1.6981597500000002e-12 4.429152e-13 -4.429152e-13
127562.478 151.756 -209.297 2.10612325e-12 5.510876000000001e-13 -5.510876000000001e-13
127916.849 308.871 -202.615 2.1049773500000003e-12 4.637248e-13 -4.637248e-13
132841.537 187.993 -178.075 2.4497133500000004e-12 6.379212000000001e-13 -6.379212000000001e-13
133210.939 172.122 -181.409 2.51035505e-12 6.551132000000001e-13 -6.551132000000001e-13
133613.115 371.695 -230.054 2.3646532000000003e-12 4.8883415e-13 -4.8883415e-13
138620.513 150.393 -132.933 2.6020025500000003e-12 6.775699000000001e-13 -6.775699000000001e-13
139051.379 273.643 -280.473 1.3162467500000001e-12 3.4570606000000003e-13 -3.4570606000000003e-13
139506.153 300.267 -181.131 1.7261622000000002e-12 4.2260155e-13 -4.2260155e-13
144583.082 267.146 -339.623 1.35040115e-12 3.5334565e-13 -3.5334565e-13
145226.859 337.947 -376.631 1.6030637000000002e-12 3.546417e-13 -3.546417e-13
150167.154 160.261 -160.675 2.1790398000000003e-12 5.6712635e-13 -5.6712635e-13
150474.708 281.458 -147.293 1.6213029e-12 4.224178e-13 -4.224178e-13
151015.741 309.578 -259.575 1.4685314000000002e-12 3.5046235e-13 -3.5046235e-13
156094.292 157.916 -270.834 1.7609305e-12 4.610116e-13 -4.610116e-13
156719.241 425.564 -467.033 1.2481934500000001e-12 2.7030839500000003e-13 -2.7030839500000003e-13
161787.515 271.577 -164.695 1.4862981000000002e-12 3.86953e-13 -3.86953e-13
162222.468 160.068 -163.375 2.00118275e-12 5.220873e-13 -5.220873e-13
162704.969 201.589 -322.433 1.30750305e-12 3.31198595e-13 -3.31198595e-13
167523.611 162.586 -140.798 2.16084505e-12 5.6324345e-13 -5.6324345e-13
167831.33 195.861 -145.133 1.9222392e-12 4.997958e-13 -4.997958e-13
168213.339 272.686 -186.147 1.6252194e-12 3.973081e-13 -3.973081e-13
173398.184 152.234 -251.443 1.7863125000000001e-12 4.6594765e-13 -4.6594765e-13
173931.569 373.546 -381.151 1.6905542500000001e-12 3.3024201e-13 -3.3024201e-13
179138.617 192.19 -216.501 1.5917930000000001e-12 4.1774775000000003e-13 -4.1774775000000003e-13
179732.963 332.481 -402.156 1.17488105e-12 2.6834682e-13 -2.6834682e-13
185624.618 502.063 -643.776 9.934365e-13 1.9827857e-13 -1.9827857e-13
191241.989 244.679 -269.319 1.20073975e-12 3.1578802500000003e-13 -3.1578802500000003e-13
191772.769 353.259 -286.101 1.0895409000000001e-12 2.7028456e-13 -2.7028456e-13
197441.383 503.666 -648.641 1.0618559000000001e-12 2.08014765e-13 -2.08014765e-13
202464.698 293.343 -349.171 1.05420665e-12 2.7654025e-13 -2.7654025e-13
203211.234 494.564 -453.193 8.341007500000001e-13 1.9542218500000002e-13 -1.9542218500000002e-13
208064.647 280.946 -253.112 1.1453134e-12 3.011365e-13 -3.011365e-13
208638.608 343.842 -293.016 9.566641e-13 2.52460075e-13 -2.52460075e-13
209506.135 439.113 -523.684 9.280271e-13 2.0190128e-13 -2.0190128e-13
213860.36 370.786 -288.638 9.400825000000002e-13 2.44797595e-13 -2.44797595e-13
215066.23 639.205 -835.084 7.417977e-13 1.4670894000000003e-13 -1.4670894000000003e-13
219702.881 216.629 -312.414 1.1706653e-12 3.0514449000000004e-13 -3.0514449000000004e-13
220240.635 225.47 -321.125 1.1296047e-12 2.952691e-13 -2.952691e-13
221087.934 436.245 -621.829 9.6643365e-13 1.9696078500000003e-13 -1.9696078500000003e-13
225452.02 380.63 -301.359 9.22005e-13 2.43697895e-13 -2.43697895e-13
226093.273 260.899 -260.623 1.2269379500000003e-12 3.2234321e-13 -3.2234321e-13
226784.386 499.987 -430.214 1.0004445500000001e-12 2.16632885e-13 -2.16632885e-13
231205.174 256.895 -294.714 1.1179077e-12 2.9161027e-13 -2.9161027e-13
232989.424 3956.674 -1527.355 1.03382125e-12 2.2248821e-13 -2.2248821e-13
245345.314 3241.136 -2855.031 1.0078369000000001e-12 2.6402460000000005e-13 -2.6402460000000005e-13
262061.774 4343.035 -7990.033 6.991838e-13 1.5999074e-13 -1.5999074e-13
272057.018 527.245 -443.08 8.403556000000001e-13 1.96635705e-13 -1.96635705e-13
296569.189 5116.572 -7740.25 3.929016e-13 8.574195e-14 -8.574195e-14
312525.582 5958.592 -6408.447 4.6849145e-13 7.8069425e-14 -7.8069425e-14
327339.028 3266.28 -3899.089 7.6650875e-13 1.6060471e-13 -1.6060471e-13
342042.214 10582.305 -7022.276 4.261649e-13 7.824425000000001e-14 -7.824425000000001e-14
367711.032 2364.005 -2754.884 8.0161585e-13 2.11298465e-13 -2.11298465e-13
370661.91 804.677 -586.873 5.107819500000001e-13 1.3693634500000002e-13 -1.3693634500000002e-13
377827.506 4259.074 -2299.514 5.106734500000001e-13 1.04990725e-13 -1.04990725e-13
388053.23 812.953 -947.172 4.3384635000000003e-13 1.1127084500000001e-13 -1.1127084500000001e-13
395192.146 4233.359 -2325.022 4.1350750000000004e-13 1.0350025e-13 -1.0350025e-13
409499.43 12845.27 -5053.566 3.3880686000000003e-13 8.273006e-14 -8.273006e-14
447328.706 10897.275 -19847.98 3.2585798e-13 7.166103e-14 -7.166103e-14
481746.724 16438.843 -19458.727 1.9468043000000002e-13 4.523946e-14 -4.523946e-14
512525.695 14220.393 -9848.425 1.9132592500000002e-13 4.4862895000000007e-14 -4.4862895000000007e-14
542577.248 2408.202 -10693.716 2.1257155500000003e-13 5.0070685e-14 -5.0070685e-14
564659.64 9005.084 -15697.047 2.0538455e-13 4.90497e-14 -4.90497e-14
581189.378 4056.429 -3412.119 2.2106941500000002e-13 5.559183e-14 -5.559183e-14
594202.195 2622.544 -4900.666 1.9624664500000001e-13 5.2374665e-14 -5.2374665e-14
604864.152 3540.412 -3445.775 3.2116167999999997e-13 7.1988245e-14 -7.1988245e-14
622333.285 9171.396 -9604.614 1.8991679e-13 4.9579145000000004e-14 -4.9579145000000004e-14
645026.765 9577.986 -9365.232 2.6083197e-13 6.5961e-14 -6.5961e-14
662383.169 3801.668 -3664.841 2.1110894e-13 5.6001365e-14 -5.6001365e-14
679810.393 9534.348 -9512.261 2.10849065e-13 4.3442175e-14 -4.3442175e-14
729470.794 22160.471 -18624.333 2.2351672e-13 4.4859710000000006e-14 -4.4859710000000006e-14
957733.042 9112.695 -66733.454 1.1964683500000002e-13 3.2662392e-14 -3.2662392e-14
1066111.813 21258.895 -37395.455 1.2371912e-13 3.0046520000000004e-14 -3.0046520000000004e-14
1161287.814 18617.648 -27256.762 1.40427805e-13 3.850329e-14 -3.850329e-14
1213381.341 24722.767 -28352.815 1.21438975e-13 3.0954483e-14 -3.0954483e-14
1273397.949 28188.711 -30345.401 9.8581945e-14 2.7051048500000003e-14 -2.7051048500000003e-14
1409219.913 119045.039 -102570.025 6.547499000000001e-14 1.6264423e-14 -1.6264423e-14
1965642.136 146419.111 -241685.418 3.7009875e-14 8.039185e-15 -8.039185e-15
2463054.771 156430.905 -79502.63 8.54175e-14 0.0 0.0
