! WT data
260.844	1.135	-1.062	3.309023e+01	6.277517e+00	-6.386583e+00
263.053	1.296	-1.074	2.906040e+01	5.605458e+00	-5.717006e+00
265.385	1.145	-1.036	3.298416e+01	6.070552e+00	-6.220478e+00
267.804	0.909	-1.274	3.295738e+01	6.152303e+00	-6.272576e+00
269.599	0.860	-0.886	4.122208e+01	7.577142e+00	-7.768114e+00
271.509	1.141	-1.051	3.145429e+01	6.035961e+00	-6.166300e+00
274.000	1.198	-1.350	2.799278e+01	5.433980e+00	-5.462614e+00
276.582	1.370	-1.385	2.552035e+01	4.986971e+00	-5.027807e+00
279.132	1.327	-1.180	2.950270e+01	5.512562e+00	-5.599268e+00
281.843	1.331	-1.384	2.665446e+01	4.943376e+00	-5.044653e+00
284.620	1.143	-1.446	2.764120e+01	5.292962e+00	-5.357209e+00
287.316	1.261	-1.554	2.579007e+01	4.867498e+00	-4.935390e+00
289.984	1.155	-1.407	2.833335e+01	5.278390e+00	-5.384767e+00
292.354	1.000	-1.215	3.183622e+01	6.158322e+00	-6.240957e+00
294.566	1.288	-1.212	2.836177e+01	5.513967e+00	-5.570579e+00
297.274	1.015	-1.421	2.956919e+01	5.578054e+00	-5.686604e+00
299.759	1.107	-1.469	2.795568e+01	5.242108e+00	-5.356202e+00
! PC data
136.091	30.855	-34.335	2.556945e+00	5.508208e-01	-5.508208e-01
194.274	7.774	-27.328	4.983317e+00	1.050750e+00	-1.050750e+00
210.019	7.073	-7.971	1.678678e+01	2.934810e+00	-2.934810e+00
227.532	7.111	-10.440	1.390006e+01	2.481389e+00	-2.481389e+00
242.624	7.064	-7.980	1.665873e+01	2.919982e+00	-2.919982e+00
253.676	3.532	-3.989	3.253156e+01	5.781556e+00	-5.781556e+00
4078.651	177.642	-185.919	5.574203e-02	1.409201e-02	-1.409201e-02
4471.815	198.179	-215.523	4.905508e-02	1.238064e-02	-1.238064e-02
5468.444	608.032	-609.170	2.990264e-02	5.849074e-03	-5.849074e-03
10150.127	212.029	-324.537	3.786866e-02	9.611270e-03	-9.611270e-03
11072.756	786.255	-710.600	2.368832e-02	4.557659e-03	-4.557659e-03
16128.072	1511.451	-1038.473	1.290169e-02	3.006053e-03	-3.006053e-03
21654.877	1765.533	-789.406	1.346096e-02	2.789144e-03	-2.789144e-03
28069.616	1129.667	-1425.271	1.108092e-02	2.601919e-03	-2.601919e-03
33699.506	1279.133	-1275.805	1.098498e-02	2.640113e-03	-2.640113e-03
39695.037	4431.777	-1486.153	1.781275e-02	4.728428e-03	-4.728428e-03
45182.584	1356.253	-1055.770	1.048504e-02	2.466335e-03	-2.466335e-03
51375.822	944.720	-1532.493	1.199299e-02	2.622670e-03	-2.622670e-03
