col1 col2 col3 col4 col5 col6
166.099 0.693 -0.485 1.58957877e-09 2.36960607e-10 -2.36961114e-10
167.386 0.763 -0.594 1.35835986e-09 2.06645283e-10 -2.0664563400000003e-10
168.834 0.657 -0.684 1.39563801e-09 2.08049634e-10 -2.08049907e-10
170.04 0.456 -0.55 1.8624797100000001e-09 2.77642287e-10 -2.7764256e-10
171.042 0.66 -0.546 1.5520845600000001e-09 2.3137128300000002e-10 -2.31371478e-10
172.467 0.597 -0.764 1.37558226e-09 2.0505985500000001e-10 -2.05059972e-10
173.662 0.587 -0.598 1.5800592599999998e-09 2.3554151400000003e-10 -2.35541631e-10
174.84 0.618 -0.592 1.54750167e-09 2.3068811999999998e-10 -2.3068819800000001e-10
176.231 0.608 -0.773 1.33394469e-09 2.02931079e-10 -2.02931118e-10
177.502 0.627 -0.663 1.44845142e-09 2.1592256400000002e-10 -2.1592256400000002e-10
178.949 0.808 -0.82 1.13034636e-09 1.71957942e-10 -1.71957942e-10
180.634 0.787 -0.878 1.12195356e-09 1.6725111000000002e-10 -1.6725111000000002e-10
182.433 0.817 -1.012 1.0215102300000001e-09 1.5227787900000001e-10 -1.5227787900000001e-10
183.939 0.774 -0.689 1.258257e-09 1.91416836e-10 -1.91416836e-10
185.539 0.897 -0.827 1.03465752e-09 1.64014773e-10 -1.64014773e-10
187.146 0.636 -0.709 1.36766916e-09 2.08061529e-10 -2.08061529e-10
188.591 0.666 -0.809 1.24708311e-09 1.8971694300000002e-10 -1.8971694300000002e-10
190.103 0.873 -0.846 1.08663087e-09 1.6198552500000002e-10 -1.6198552500000002e-10
192.087 0.765 -1.112 9.9495162e-10 1.48318755e-10 -1.48318755e-10
193.639 0.857 -0.787 1.13600799e-09 1.69346268e-10 -1.69346229e-10
195.46 0.755 -0.964 1.0866191700000001e-09 1.6198377e-10 -1.61983731e-10
197.223 0.847 -1.008 1.01577489e-09 1.51422882e-10 -1.51422882e-10
198.883 0.951 -0.812 1.08535596e-09 1.6179547800000001e-10 -1.61795439e-10
200.616 0.751 -0.782 1.24775391e-09 1.8600433800000001e-10 -1.8600433800000001e-10
202.369 0.969 -1.002 9.7073496e-10 1.44708798e-10 -1.44708759e-10
204.459 1.221 -1.12 7.926399e-10 1.23078657e-10 -1.23078657e-10
206.693 0.928 -1.013 1.00775883e-09 1.485861e-10 -1.4858606100000002e-10
208.565 0.942 -0.944 1.0147230600000002e-09 1.51266102e-10 -1.5126606300000002e-10
210.534 1.039 -1.027 9.2643681e-10 1.38105162e-10 -1.38105162e-10
212.663 0.871 -1.091 9.7516146e-10 1.453686e-10 -1.453686e-10
214.532 0.835 -0.997 1.0442718e-09 1.55670996e-10 -1.55670996e-10
216.651 1.447 -1.284 7.0071456e-10 1.0445646899999999e-10 -1.0445643000000001e-10
219.277 1.217 -1.179 7.860099e-10 1.1717156099999998e-10 -1.17171522e-10
221.552 0.729 -1.057 1.04526084e-09 1.55818416e-10 -1.55818377e-10
223.484 1.343 -1.203 7.333638000000001e-10 1.0932351300000001e-10 -1.09323474e-10
226.295 1.268 -1.469 6.7204644e-10 1.0223744700000001e-10 -1.0223744700000001e-10
228.582 1.047 -1.018 9.039092400000001e-10 1.3474695e-10 -1.34746911e-10
230.857 1.314 -1.229 7.232760599999999e-10 1.10030973e-10 -1.10030934e-10
233.219 1.242 -1.048 8.153788500000001e-10 1.21549584e-10 -1.21549584e-10
235.801 0.986 -1.341 7.901914800000001e-10 1.20210714e-10 -1.20210675e-10
238.252 1.329 -1.464 6.4823265e-10 1.00655568e-10 -1.00655568e-10
241.135 1.551 -1.554 6.0136323e-10 8.9645985e-11 -8.9645985e-11
243.651 1.108 -0.965 8.7355788e-10 1.35643365e-10 -1.35643326e-10
246.249 1.696 -1.491 5.8591884e-10 8.734365899999999e-11 -8.734365899999999e-11
249.598 1.668 -1.653 5.5361124e-10 8.422010999999999e-11 -8.422010999999999e-11
252.917 1.252 -1.651 6.4340172e-10 9.591277800000001e-11 -9.591277800000001e-11
255.844 1.785 -1.674 5.4014259e-10 8.0519751e-11 -8.0519751e-11
259.095 1.668 -1.467 5.959317000000001e-10 8.8836306e-11 -8.8836306e-11
262.543 1.912 -1.78 5.0606088e-10 7.543918199999999e-11 -7.543918199999999e-11
265.825 1.476 -1.37 6.4640667e-10 9.833690100000001e-11 -9.833690100000001e-11
268.764 1.524 -1.463 6.3932076e-10 9.4262766e-11 -9.4262766e-11
271.87 1.742 -1.581 3.6634587600000006e-10 6.8958123e-11 -6.8958123e-11
275.248 1.766 -1.636 3.66304029e-10 6.6877707e-11 -6.6877707e-11
278.805 1.583 -1.791 5.5379766e-10 8.2555317e-11 -8.2555317e-11
282.424 2.04 -2.036 4.5852612e-10 6.8353077e-11 -6.8353077e-11
286.0 2.168 -1.536 3.47130459e-10 6.573906299999999e-11 -6.573906299999999e-11
289.689 1.815 -1.521 3.77459823e-10 6.982552199999999e-11 -6.982556100000001e-11
293.517 1.754 -2.013 3.15821844e-10 6.1316034e-11 -6.1316034e-11
297.235 1.875 -1.964 3.2453452200000003e-10 5.9251647e-11 -5.9251647e-11
300.96 1.399 -1.85 3.8354121000000007e-10 7.0024773e-11 -7.0024773e-11
304.195 2.397 -1.836 3.5286696900000005e-10 6.1575969e-11 -6.1575969e-11
308.933 2.177 -2.342 2.69426976e-10 5.0714859e-11 -5.0714859e-11
313.203 2.256 -2.092 2.8649731500000003e-10 5.2307034e-11 -5.2307034e-11
317.218 1.899 -1.759 3.40570581e-10 6.2179416e-11 -6.2179416e-11
320.734 1.845 -1.618 3.5982141000000003e-10 6.569413500000001e-11 -6.569413500000001e-11
325.541 2.178 -2.962 2.36853084e-10 4.4583396000000005e-11 -4.4583396000000005e-11
330.293 2.537 -2.574 2.4365636100000003e-10 4.448538900000001e-11 -4.448538900000001e-11
336.584 3.065 -3.755 1.8263641500000003e-10 3.33447153e-11 -3.33447153e-11
342.413 2.278 -2.764 2.41432776e-10 4.5445452e-11 -4.5445452e-11
348.082 3.375 -3.391 1.84084797e-10 3.36091509e-11 -3.36091509e-11
354.956 4.055 -3.499 1.6114761e-10 3.03331821e-11 -3.03331821e-11
361.886 2.616 -2.874 2.2685906100000003e-10 4.1418624000000005e-11 -4.1418624000000005e-11
367.852 3.375 -3.35 1.81017681e-10 3.40733718e-11 -3.40733718e-11
373.935 3.828 -2.708 1.90555677e-10 3.47905701e-11 -3.47905701e-11
381.678 4.325 -3.914 1.47770337e-10 2.7815151e-11 -2.7815151e-11
388.694 2.857 -2.692 2.1941201100000003e-10 4.1300415e-11 -4.1300415e-11
394.402 3.156 -2.851 2.02712757e-10 3.81570852e-11 -3.81570852e-11
400.222 3.631 -2.664 1.9343785500000002e-10 3.6411254100000004e-11 -3.6411254100000004e-11
407.425 2.94 -3.573 1.91278971e-10 3.49226241e-11 -3.4922628e-11
413.899 3.423 -3.534 1.70946867e-10 3.31889103e-11 -3.31889103e-11
433.693 9.314 -8.237 1.43477373e-10 3.22470447e-11 -3.22470447e-11
454.59 10.983 -11.583 1.22120427e-10 2.61574872e-11 -2.61574872e-11
483.268 12.393 -17.695 9.0879672e-11 1.9502250300000004e-11 -1.9502250300000004e-11
506.913 13.821 -11.252 1.00209954e-10 2.2499470499999998e-11 -2.2499470499999998e-11
546.934 23.946 -26.2 4.9004786999999996e-11 1.10593665e-11 -1.10593665e-11
589.373 14.102 -18.493 7.7060997e-11 1.73019834e-11 -1.73019834e-11
628.133 35.517 -24.658 4.0852461e-11 9.1723281e-12 -9.1723281e-12
684.169 29.627 -20.519 4.9136529000000004e-11 1.1043606600000001e-11 -1.1043606600000001e-11
751.688 29.806 -37.891 3.80076918e-11 8.3918172e-12 -8.3918172e-12
832.399 51.895 -50.905 2.3645364600000003e-11 5.391785100000001e-12 -5.391785100000001e-12
953.916 75.802 -69.622 1.67056851e-11 3.80144193e-12 -3.80144193e-12
1124.069 51.073 -94.351 1.75972602e-11 3.89683866e-12 -3.89683866e-12
1259.519 66.062 -84.377 1.70072292e-11 3.77362011e-12 -3.77362011e-12
1471.834 79.405 -146.253 6.835869300000001e-12 1.57959477e-12 -1.57959477e-12
1652.887 121.503 -101.649 9.990786e-12 2.2338435600000002e-12 -2.2338435600000002e-12
1863.949 73.416 -89.56 5.2565136e-12 1.19471157e-12 -1.19471157e-12
1998.209 107.146 -60.844 3.8037675e-12 1.0067265e-12 -1.0067265e-12
2240.283 78.194 -134.928 3.1912124400000002e-12 8.2561206e-13 -8.2561206e-13
2424.679 129.481 -106.201 4.3710108000000004e-12 9.1524966e-13 -9.1524966e-13
6118.723 554.408 -433.472 6.6440868e-13 1.8738014100000002e-13 -1.8738014100000002e-13
7527.701 807.769 -854.57 5.409631500000001e-13 1.2814854e-13 -1.2814854e-13
24285.848 23328.144 -7037.596 2.6326755e-13 5.1280242000000004e-14 -5.1280242000000004e-14
181447.253 236545.448 -117944.536 4.0177800000000004e-14 0.0 0.0
