! WT data
102.848	3.386	-16.284	5.140298e+00	1.075574e+00	-1.075574e+00
108.793	2.862	-2.559	5.996469e+00	1.094803e+00	-1.094803e+00
114.251	3.126	-2.596	5.683359e+00	1.037637e+00	-1.037638e+00
120.339	2.930	-2.962	5.385052e+00	1.016510e+00	-1.016511e+00
125.740	2.334	-2.471	6.439791e+00	1.257414e+00	-1.257415e+00
131.725	4.907	-3.651	3.523665e+00	7.120419e-01	-7.120423e-01
140.421	3.080	-3.789	4.504132e+00	8.794633e-01	-8.794637e-01
162.970	6.396	-19.468	2.638774e+00	4.981085e-01	-4.981087e-01
222.969	55.166	-53.603	1.203905e+00	2.350707e-01	-2.350708e-01
407.718	146.977	-129.583	2.883399e-01	7.850311e-02	-7.850313e-02
624.798	86.055	-70.103	3.625147e-01	1.119964e-01	-1.119964e-01
836.215	57.556	-125.362	4.416293e-01	1.155173e-01	-1.155174e-01
! PC data
91.846	4.497	-3.025	9.189737e+00	2.021226e+00	-2.021226e+00
149.669	32.066	-53.326	2.895070e+00	6.516529e-01	-6.516529e-01
252.571	109.759	-70.836	5.888211e-01	1.334312e-01	-1.334312e-01
470.527	97.768	-108.197	3.658750e-01	8.379482e-02	-8.379482e-02
716.879	200.376	-148.584	3.303490e-01	6.032073e-02	-6.032073e-02
10077.065	107.537	-115.613	8.152687e-02	2.153979e-02	-2.153979e-02
10386.731	101.256	-202.129	5.921000e-02	1.574341e-02	-1.574341e-02
10580.429	163.305	-92.442	7.076391e-02	1.867642e-02	-1.867642e-02
10837.075	132.316	-93.342	1.076887e-01	2.443979e-02	-2.443979e-02
11104.330	125.823	-134.938	6.896661e-02	1.831812e-02	-1.831812e-02
11385.508	200.684	-155.355	4.997717e-02	1.341693e-02	-1.341693e-02
11695.255	89.015	-109.063	9.749124e-02	2.490354e-02	-2.490354e-02
11916.362	113.626	-132.092	7.318664e-02	1.943900e-02	-1.943900e-02
12259.570	231.747	-229.582	6.776120e-02	1.363032e-02	-1.363032e-02
16067.804	167.205	-274.082	5.490310e-02	1.448799e-02	-1.448799e-02
16616.730	315.312	-381.721	3.506291e-02	9.313069e-03	-9.313069e-03
17683.284	590.158	-751.242	2.271491e-02	5.438127e-03	-5.438127e-03
22367.849	813.908	-825.866	2.991329e-02	5.971086e-03	-5.971086e-03
75224.614	6679.052	-7479.038	7.363234e-03	1.333906e-03	-1.333906e-03
95409.492	3845.770	-4470.003	6.106202e-03	1.418277e-03	-1.418277e-03
141552.012	3980.287	-4429.260	4.969503e-03	1.286555e-03	-1.286555e-03
173555.908	898.153	-1634.220	3.616800e-03	1.744811e-03	-1.351193e-03
