! WT data
105.413	0.385	-0.298	9.555573e+01	1.233621e+01	-1.233621e+01
106.060	0.241	-0.262	9.574940e+01	1.457299e+01	-1.457299e+01
106.656	0.293	-0.355	7.444158e+01	1.132995e+01	-1.132995e+01
107.235	0.241	-0.286	9.297124e+01	1.385935e+01	-1.385935e+01
107.817	0.326	-0.342	7.388875e+01	1.111786e+01	-1.111786e+01
108.442	0.315	-0.299	7.976966e+01	1.189137e+01	-1.189137e+01
109.003	0.289	-0.247	9.142889e+01	1.362943e+01	-1.362943e+01
109.622	0.364	-0.330	6.947881e+01	1.057462e+01	-1.057462e+01
110.311	0.257	-0.325	8.286451e+01	1.261192e+01	-1.261192e+01
110.916	0.226	-0.348	8.519979e+01	1.270085e+01	-1.270085e+01
111.512	0.322	-0.370	7.074634e+01	1.054625e+01	-1.054625e+01
112.270	0.436	-0.435	5.530031e+01	8.416664e+00	-8.416664e+00
113.084	0.357	-0.378	6.458581e+01	1.003806e+01	-1.003806e+01
113.769	0.327	-0.328	7.248434e+01	1.126566e+01	-1.126566e+01
114.491	0.368	-0.395	6.414901e+01	9.562779e+00	-9.562778e+00
115.211	0.430	-0.352	6.062441e+01	9.422370e+00	-9.422370e+00
115.967	0.389	-0.326	6.736376e+01	1.025271e+01	-1.025271e+01
116.814	0.445	-0.457	5.424649e+01	8.086597e+00	-8.086597e+00
117.748	0.403	-0.489	5.405307e+01	8.226836e+00	-8.226836e+00
118.515	0.351	-0.365	6.841477e+01	1.019868e+01	-1.019868e+01
119.237	0.409	-0.372	6.264868e+01	9.339122e+00	-9.339121e+00
120.101	0.381	-0.455	5.851703e+01	8.723211e+00	-8.723210e+00
120.789	0.323	-0.307	7.650103e+01	1.164340e+01	-1.164340e+01
121.638	0.421	-0.525	5.169675e+01	7.706503e+00	-7.706503e+00
122.500	0.491	-0.441	5.168080e+01	7.865779e+00	-7.865778e+00
123.467	0.428	-0.476	5.413957e+01	8.070658e+00	-8.070657e+00
124.336	0.327	-0.441	6.366375e+01	9.490440e+00	-9.490439e+00
125.226	0.663	-0.563	3.991721e+01	5.950512e+00	-5.950511e+00
126.550	0.561	-0.661	4.002541e+01	5.966641e+00	-5.966640e+00
127.675	0.424	-0.563	4.954054e+01	7.385074e+00	-7.385074e+00
128.777	0.587	-0.678	3.748357e+01	5.825773e+00	-5.825772e+00
130.046	0.714	-0.683	3.502510e+01	5.221238e+00	-5.221238e+00
131.249	0.621	-0.489	4.338585e+01	6.603294e+00	-6.603293e+00
132.679	0.716	-0.809	3.208251e+01	4.782583e+00	-4.782582e+00
134.075	0.742	-0.680	3.441180e+01	5.129813e+00	-5.129813e+00
135.543	0.705	-0.726	3.419747e+01	5.097862e+00	-5.097862e+00
136.755	0.663	-0.508	4.178392e+01	6.228785e+00	-6.228784e+00
138.167	0.857	-0.749	3.044428e+01	4.538369e+00	-4.538369e+00
140.117	0.696	-1.092	2.735428e+01	4.077739e+00	-4.077739e+00
141.551	0.918	-0.739	2.907289e+01	4.424872e+00	-4.424872e+00
143.588	0.952	-1.119	2.252928e+01	3.576397e+00	-3.576397e+00
145.373	0.900	-0.833	2.822512e+01	4.207557e+00	-4.207556e+00
147.289	1.057	-1.016	2.323654e+01	3.536584e+00	-3.536584e+00
149.437	1.081	-1.091	2.182762e+01	3.392494e+00	-3.392493e+00
151.650	1.293	-1.132	1.986359e+01	3.023223e+00	-3.023223e+00
154.212	1.083	-1.269	2.047980e+01	3.117010e+00	-3.117010e+00
156.919	1.341	-1.625	1.649456e+01	2.458866e+00	-2.458866e+00
159.852	1.394	-1.592	1.638874e+01	2.443092e+00	-2.443092e+00
163.594	1.760	-2.348	1.191001e+01	1.775442e+00	-1.775442e+00
166.846	1.719	-1.492	1.476755e+01	2.295203e+00	-2.295202e+00
170.436	1.803	-1.871	8.881568e+00	1.621546e+00	-1.621546e+00
174.306	2.253	-2.067	1.115690e+01	1.698071e+00	-1.698071e+00
178.345	2.031	-1.786	8.547197e+00	1.560498e+00	-1.560498e+00
182.765	2.613	-2.389	6.375255e+00	1.200868e+00	-1.200868e+00
188.203	2.248	-2.826	6.432258e+00	1.174365e+00	-1.174365e+00
193.251	3.525	-2.800	4.922993e+00	9.571348e-01	-9.571348e-01
198.628	2.427	-1.852	7.628548e+00	1.392777e+00	-1.392777e+00
204.735	3.339	-3.680	4.649919e+00	8.489557e-01	-8.489557e-01
212.570	4.104	-4.496	3.707344e+00	6.983296e-01	-6.983296e-01
220.401	2.790	-3.727	4.892541e+00	9.215780e-01	-9.215780e-01
226.926	3.711	-3.735	4.181278e+00	8.129296e-01	-8.129296e-01
! PC data
247.960	10.704	-9.355	4.752663e+00	9.961202e-01	-9.961202e-01
269.657	9.065	-10.994	4.652650e+00	9.751583e-01	-9.751583e-01
290.025	16.277	-11.303	2.992165e+00	6.750553e-01	-6.750553e-01
326.827	17.085	-20.525	2.494238e+00	5.227724e-01	-5.227724e-01
355.623	10.855	-11.711	3.622609e+00	8.136482e-01	-8.136482e-01
388.147	13.433	-21.669	2.792484e+00	5.728360e-01	-5.728360e-01
420.823	18.367	-19.243	2.212339e+00	4.961610e-01	-4.961610e-01
450.415	11.340	-11.226	3.591094e+00	8.065699e-01	-8.065699e-01
478.492	13.351	-16.737	2.730384e+00	6.105325e-01	-6.105325e-01
503.146	16.278	-11.303	3.282666e+00	7.036490e-01	-7.036490e-01
542.043	20.005	-22.620	2.024826e+00	4.431008e-01	-4.431008e-01
579.493	17.657	-17.445	2.593392e+00	5.551511e-01	-5.551511e-01
614.900	12.338	-17.750	2.699327e+00	6.071779e-01	-6.071779e-01
637.741	9.555	-10.503	4.114230e+00	9.226978e-01	-9.226978e-01
669.149	15.757	-21.853	2.656166e+00	5.435268e-01	-5.435268e-01
712.049	20.496	-27.143	1.826967e+00	3.998026e-01	-3.998026e-01
749.877	12.756	-17.332	3.138363e+00	6.543940e-01	-6.543940e-01
779.753	15.474	-17.121	2.520095e+00	5.677061e-01	-5.677061e-01
822.448	17.912	-27.220	1.838958e+00	4.136493e-01	-4.136493e-01
864.796	18.188	-24.436	2.001496e+00	4.411088e-01	-4.411088e-01
897.117	13.447	-14.133	2.937605e+00	6.627461e-01	-6.627461e-01
926.699	13.953	-16.135	2.759384e+00	6.216110e-01	-6.216110e-01
957.287	15.961	-16.635	2.511863e+00	5.641714e-01	-5.641714e-01
989.853	13.481	-16.606	2.980277e+00	6.423017e-01	-6.423017e-01
1024.930	18.522	-21.595	2.229326e+00	4.798069e-01	-4.798069e-01
1061.939	19.122	-18.487	2.134017e+00	4.836138e-01	-4.836138e-01
1095.652	12.989	-14.591	3.085373e+00	6.780564e-01	-6.780564e-01
1126.628	17.116	-17.986	2.342475e+00	5.261266e-01	-5.261266e-01
1167.236	24.148	-23.491	1.696686e+00	3.839303e-01	-3.839303e-01
1207.150	11.814	-15.767	2.968767e+00	6.667934e-01	-6.667934e-01
1248.733	20.377	-29.769	1.617755e+00	3.638926e-01	-3.638926e-01
1287.168	14.537	-18.058	2.633736e+00	5.747283e-01	-5.747283e-01
1331.659	20.192	-29.954	1.698618e+00	3.743577e-01	-3.743577e-01
1373.444	21.032	-21.593	2.103927e+00	4.497676e-01	-4.497676e-01
1410.367	16.703	-15.892	2.492336e+00	5.639719e-01	-5.639719e-01
1440.579	16.580	-13.508	2.710500e+00	6.105989e-01	-6.105989e-01
1470.290	14.449	-13.132	2.954262e+00	6.635355e-01	-6.635355e-01
1506.878	22.993	-22.139	1.804936e+00	4.059965e-01	-4.059965e-01
1547.405	12.554	-17.534	2.703035e+00	6.080120e-01	-6.080120e-01
1585.388	22.210	-25.429	1.794555e+00	3.938217e-01	-3.938217e-01
1621.245	13.933	-13.648	3.002437e+00	6.733561e-01	-6.733561e-01
1665.961	16.856	-30.783	1.720827e+00	3.865027e-01	-3.865027e-01
1718.149	27.351	-35.332	1.429883e+00	3.090039e-01	-3.090039e-01
1773.383	29.785	-27.884	1.422189e+00	3.218165e-01	-3.218165e-01
1818.555	22.223	-15.387	2.168516e+00	4.870548e-01	-4.870548e-01
1861.554	16.833	-20.777	2.176057e+00	4.887485e-01	-4.887485e-01
1900.375	18.129	-21.988	2.145723e+00	4.715543e-01	-4.715543e-01
1935.273	18.334	-16.769	2.360654e+00	5.302096e-01	-5.302096e-01
1975.600	18.123	-21.994	2.136152e+00	4.687864e-01	-4.687864e-01
2027.413	26.477	-33.690	1.649345e+00	3.379199e-01	-3.379199e-01
5309.685	31.866	-28.309	1.105244e+00	2.486271e-01	-2.486271e-01
5389.393	37.406	-47.842	7.666312e-01	1.729757e-01	-1.729757e-01
5481.035	36.027	-54.236	7.301778e-01	1.640084e-01	-1.640084e-01
5572.854	59.544	-55.792	5.679608e-01	1.285373e-01	-1.285373e-01
5688.458	51.754	-56.060	6.058930e-01	1.373296e-01	-1.373296e-01
5764.139	38.757	-23.926	1.050881e+00	2.353361e-01	-2.353361e-01
5845.962	44.689	-43.067	7.418765e-01	1.686622e-01	-1.686622e-01
5947.511	40.925	-56.860	6.784269e-01	1.537699e-01	-1.537699e-01
6033.025	33.138	-44.589	8.397892e-01	1.903437e-01	-1.903437e-01
6116.487	54.982	-50.324	6.264014e-01	1.421934e-01	-1.421934e-01
6220.194	34.017	-48.724	7.895750e-01	1.800534e-01	-1.800534e-01
6306.176	45.820	-51.965	6.762655e-01	1.523566e-01	-1.523566e-01
6394.726	45.025	-42.730	7.933160e-01	1.753630e-01	-1.753630e-01
6499.746	52.834	-59.995	5.834288e-01	1.314413e-01	-1.314413e-01
6585.150	30.113	-32.569	1.048043e+00	2.364708e-01	-2.364708e-01
6662.540	40.478	-47.277	8.006113e-01	1.759605e-01	-1.759605e-01
6766.326	74.595	-63.308	4.733722e-01	1.074557e-01	-1.074557e-01
6908.462	85.405	-67.541	4.341178e-01	9.795038e-02	-9.795038e-02
7072.151	59.618	-78.284	5.029101e-01	1.108489e-01	-1.108489e-01
7184.128	40.412	-52.359	7.802194e-01	1.677111e-01	-1.677111e-01
7294.042	45.834	-69.503	5.631226e-01	1.272498e-01	-1.272498e-01
7405.833	74.453	-65.957	4.649617e-01	1.057069e-01	-1.057069e-01
7551.769	63.911	-71.484	4.808482e-01	1.089874e-01	-1.089874e-01
7727.830	110.992	-112.150	5.227117e-01	8.814359e-02	-8.814359e-02
11141.051	35.118	-101.414	3.058042e-01	6.824499e-02	-6.824499e-02
11230.040	43.914	-53.871	2.524371e-01	5.662645e-02	-5.662645e-02
11330.797	55.985	-56.844	2.784738e-01	6.273337e-02	-6.273337e-02
11462.200	72.513	-75.418	2.817062e-01	6.227655e-02	-6.227655e-02
11587.729	67.334	-53.016	3.775301e-01	8.312082e-02	-8.312082e-02
11718.293	72.165	-63.229	3.262150e-01	7.362936e-02	-7.362936e-02
11876.548	106.973	-86.090	2.256029e-01	5.124136e-02	-5.124136e-02
12056.746	89.749	-73.226	2.675008e-01	6.037709e-02	-6.037709e-02
12210.268	49.057	-63.772	3.015950e-01	6.815016e-02	-6.815016e-02
12318.206	53.948	-58.881	2.190621e-01	4.919201e-02	-4.919201e-02
12442.765	99.885	-70.612	2.194748e-01	4.948915e-02	-4.948915e-02
12891.406	728.309	-348.755	2.823343e-01	4.729721e-02	-4.729721e-02
17000.257	77.362	-140.994	3.728436e-01	8.476020e-02	-8.476020e-02
17121.217	64.216	-43.598	2.321009e-01	5.200881e-02	-5.200881e-02
17261.333	107.134	-75.899	1.358617e-01	3.067005e-02	-3.067005e-02
17440.637	43.166	-72.170	2.161969e-01	4.870184e-02	-4.870184e-02
17535.789	60.842	-51.987	2.929597e-01	6.564595e-02	-6.564595e-02
17717.656	72.037	-121.025	1.294410e-01	2.922062e-02	-2.922062e-02
17880.613	109.666	-90.919	1.232918e-01	2.810110e-02	-2.810110e-02
18494.774	905.933	-504.496	4.640325e-01	8.402208e-02	-8.402208e-02
22935.284	161.784	-316.007	9.272024e-01	2.150862e-01	-2.150862e-01
23168.234	66.735	-71.167	1.790758e-01	4.025364e-02	-4.025364e-02
23328.948	71.503	-93.979	1.560738e-01	3.443639e-02	-3.443639e-02
23487.427	63.463	-86.975	1.640466e-01	3.699227e-02	-3.699227e-02
23870.113	441.836	-319.223	1.185003e-01	2.777140e-02	-2.777140e-02
24728.958	403.673	-417.009	3.288782e-01	9.656225e-02	-9.656225e-02
29303.563	256.668	-289.613	9.318085e-02	2.446875e-02	-2.446875e-02
29774.879	216.609	-214.648	7.838525e-02	2.065753e-02	-2.065753e-02
30256.185	224.228	-264.698	6.615920e-02	1.798513e-02	-1.798513e-02
30732.194	234.631	-251.780	1.100363e-01	2.245833e-02	-2.245833e-02
35660.837	149.743	-95.974	7.935352e-02	2.071209e-02	-2.071209e-02
35919.915	103.786	-109.336	9.096416e-02	2.380739e-02	-2.380739e-02
36122.354	114.469	-98.653	9.081844e-02	2.374765e-02	-2.374765e-02
36474.043	276.773	-237.220	8.590713e-02	1.486244e-02	-1.486244e-02
48115.077	199.340	-196.813	5.775522e-02	1.415967e-02	-1.415967e-02
54793.126	2608.521	-1108.106	4.141339e-02	1.093427e-02	-1.093427e-02
57622.773	320.451	-221.126	5.015386e-02	1.106102e-02	-1.106102e-02
63625.345	616.385	-518.067	3.076281e-02	6.683824e-03	-6.683824e-03
69511.170	730.653	-590.694	2.974290e-02	5.751821e-03	-5.751821e-03
74966.107	262.339	-261.689	3.775894e-02	9.906985e-03	-9.906985e-03
75972.341	630.103	-743.895	1.458874e-02	3.846984e-03	-3.846984e-03
81104.732	396.687	-616.266	1.956330e-02	5.192007e-03	-5.192007e-03
82251.188	759.621	-749.769	1.372167e-02	3.605755e-03	-3.605755e-03
