col1 col2 col3 col4 col5 col6
103.443 0.392 -0.468 1.79176635e-09 2.72833176e-10 -2.7283311000000003e-10
104.143 0.338 -0.308 2.42195646e-09 3.6104442e-10 -3.6104442e-10
104.753 0.26 -0.272 2.9403570900000004e-09 4.3832316e-10 -4.3832283000000004e-10
105.295 0.312 -0.282 3.17609127e-09 4.3576368e-10 -4.3576368e-10
105.94 0.27 -0.333 3.8613861000000005e-09 4.7174424e-10 -4.7174391e-10
106.462 0.251 -0.252 4.6944381e-09 5.6928498e-10 -5.6928498e-10
107.01 0.307 -0.296 3.861316800000001e-09 4.7173566e-10 -4.7173566e-10
107.628 0.321 -0.311 3.6872913e-09 4.5047508000000003e-10 -4.5047508000000003e-10
108.261 0.38 -0.312 3.3296637e-09 4.1261781000000003e-10 -4.1261781000000003e-10
108.896 0.25 -0.255 3.2332594800000002e-09 4.7161983e-10 -4.7161983e-10
109.434 0.319 -0.288 3.2658156300000004e-09 4.3256829e-10 -4.3256829e-10
110.09 0.285 -0.338 2.4333470700000005e-09 3.7855191000000003e-10 -3.7855191000000003e-10
110.719 0.32 -0.344 2.35707219e-09 3.5137212000000003e-10 -3.5137179e-10
111.377 0.265 -0.338 2.55290475e-09 3.8873208e-10 -3.8873208e-10
111.95 0.239 -0.307 2.86375056e-09 4.2690318000000005e-10 -4.2690318000000005e-10
112.528 0.278 -0.339 2.4543905100000002e-09 3.8182551e-10 -3.8182551e-10
113.101 0.295 -0.296 2.6481067800000004e-09 3.9475689000000004e-10 -3.9475689000000004e-10
113.687 0.327 -0.291 2.50800165e-09 3.901656e-10 -3.901656e-10
114.298 0.38 -0.284 2.4179931600000003e-09 3.6045339e-10 -3.6045339e-10
115.023 0.32 -0.345 2.3738200200000005e-09 3.6146286000000003e-10 -3.6146286000000003e-10
115.67 0.347 -0.328 2.30483946e-09 3.5856018000000003e-10 -3.5856018000000003e-10
116.339 0.426 -0.322 2.14745388e-09 3.20123859e-10 -3.20123793e-10
117.168 0.374 -0.404 2.0315988000000003e-09 3.09352593e-10 -3.0935252700000004e-10
117.863 0.298 -0.322 2.4701133600000004e-09 3.9267360000000006e-10 -3.9267360000000006e-10
118.575 0.401 -0.414 1.93849227e-09 2.95175232e-10 -2.95175166e-10
119.329 0.474 -0.353 1.93959711e-09 2.89138377e-10 -2.8913831100000006e-10
120.245 0.396 -0.442 1.9148867100000002e-09 2.8545478500000005e-10 -2.85454719e-10
121.074 0.393 -0.433 1.88299683e-09 2.9293473000000007e-10 -2.92934697e-10
121.898 0.446 -0.431 1.80085521e-09 2.7421713e-10 -2.74217064e-10
122.842 0.534 -0.498 1.5550203900000002e-09 2.3180902800000003e-10 -2.31808962e-10
123.921 0.493 -0.546 1.5334750200000003e-09 2.2859720400000003e-10 -2.2859717100000002e-10
124.901 0.441 -0.486 1.68887037e-09 2.51762181e-10 -2.5176211500000003e-10
125.836 0.457 -0.495 1.6446830400000003e-09 2.45175117e-10 -2.45175084e-10
126.713 0.327 -0.42 2.0949802500000002e-09 3.12301539e-10 -3.12301473e-10
127.421 0.388 -0.381 2.0367778200000003e-09 3.03625212e-10 -3.03625146e-10
128.457 0.583 -0.648 1.27151475e-09 1.8954645600000003e-10 -1.8954642300000002e-10
129.479 0.446 -0.439 1.7427135000000002e-09 2.65363857e-10 -2.65363791e-10
130.256 0.42 -0.331 2.0198310000000004e-09 3.1422184200000004e-10 -3.14221776e-10
131.25 0.539 -0.575 1.40557197e-09 2.0953053e-10 -2.0953046400000003e-10
132.257 0.539 -0.468 1.5546039300000001e-09 2.3174692200000002e-10 -2.31746889e-10
133.318 0.549 -0.522 1.46160828e-09 2.17883952e-10 -2.17883886e-10
134.482 0.534 -0.615 1.3703811000000001e-09 2.04284553e-10 -2.0428452000000002e-10
135.607 0.76 -0.591 1.1882593800000001e-09 1.77135453e-10 -1.7713542000000001e-10
136.914 0.6 -0.547 1.39830405e-09 2.08447107e-10 -2.08447041e-10
138.252 0.524 -0.738 1.27205562e-09 1.8962707500000002e-10 -1.89627042e-10
139.335 0.679 -0.559 1.2755536200000002e-09 1.9422918900000003e-10 -1.9422915600000001e-10
140.543 0.576 -0.529 1.4523366e-09 2.16501813e-10 -2.1650174700000003e-10
141.77 0.555 -0.651 1.33026267e-09 1.98304062e-10 -1.9830402900000002e-10
142.717 0.524 -0.392 1.75124169e-09 2.6105999700000004e-10 -2.61059931e-10
143.722 0.401 -0.481 1.81832409e-09 2.7106002e-10 -2.7105995400000006e-10
144.745 0.58 -0.621 1.3361317200000002e-09 1.9917895800000004e-10 -1.9917892500000002e-10
145.887 0.542 -0.563 1.4523564000000002e-09 2.1650471700000003e-10 -2.1650468400000002e-10
146.98 0.474 -0.551 1.56585099e-09 2.3342352e-10 -2.33423487e-10
148.027 0.541 -0.573 1.4407730700000002e-09 2.14777992e-10 -2.14777959e-10
149.202 0.618 -0.634 1.28113359e-09 1.9098030600000003e-10 -1.9098027300000002e-10
150.205 0.56 -0.385 1.6719681000000002e-09 2.5459146900000004e-10 -2.54591403e-10
151.665 0.655 -0.9 1.0158056700000002e-09 1.54677237e-10 -1.54677237e-10
153.227 0.748 -0.907 9.546484200000002e-10 1.4536480200000002e-10 -1.45364769e-10
154.655 0.594 -0.68 1.23996807e-09 1.88810556e-10 -1.8881052300000002e-10
156.17 1.016 -0.922 7.668074700000001e-10 1.24591071e-10 -1.24591071e-10
158.246 1.009 -1.06 7.4409291e-10 1.13303388e-10 -1.13303355e-10
159.989 0.789 -0.734 1.02700785e-09 1.5309746100000002e-10 -1.53097428e-10
161.904 0.956 -1.126 7.5138459e-10 1.1200992e-10 -1.12009887e-10
164.085 1.105 -1.225 6.5009967e-10 1.0113496800000002e-10 -1.01134935e-10
166.238 0.985 -1.048 7.691277e-10 1.14654903e-10 -1.1465487e-10
168.088 0.883 -0.864 8.951952900000001e-10 1.3344797400000002e-10 -1.33447941e-10
169.518 0.4 -0.547 1.6523849100000002e-09 2.4632328600000003e-10 -2.4632322e-10
170.31 0.215 -0.393 2.57036538e-09 3.8316795000000005e-10 -3.8316795000000005e-10
170.876 0.321 -0.35 2.3317377600000004e-09 3.4759527e-10 -3.4759527e-10
171.473 0.305 -0.277 2.68827603e-09 4.0074507e-10 -4.0074474e-10
172.061 0.315 -0.282 2.61626574e-09 3.9001017000000007e-10 -3.9001017000000007e-10
172.658 0.302 -0.282 2.59630734e-09 4.0390317000000003e-10 -4.0390317000000003e-10
173.243 0.298 -0.284 2.68831299e-09 4.0075035000000005e-10 -4.0075035000000005e-10
173.786 0.257 -0.244 3.06850896e-09 4.672433700000001e-10 -4.672433700000001e-10
174.362 0.334 -0.319 2.39527266e-09 3.5706660000000004e-10 -3.5706660000000004e-10
174.953 0.254 -0.257 3.1310142600000003e-09 4.6164327000000006e-10 -4.6164327000000006e-10
175.507 0.281 -0.3 2.64616506e-09 4.0293297e-10 -4.0293297e-10
176.142 0.326 -0.353 2.30122068e-09 3.4304622e-10 -3.4304589e-10
176.837 0.293 -0.369 2.36307819e-09 3.5226741000000006e-10 -3.5226708e-10
177.474 0.417 -0.344 2.02187469e-09 3.0787188300000003e-10 -3.0787185e-10
178.298 0.51 -0.407 1.70703753e-09 2.54470392e-10 -2.5447032600000005e-10
179.137 0.329 -0.329 2.3389000800000002e-09 3.5614557e-10 -3.5614557e-10
179.81 0.369 -0.344 2.19234906e-09 3.2681645700000003e-10 -3.26816358e-10
180.505 0.242 -0.325 2.75587191e-09 4.1082162e-10 -4.1082162e-10
181.13 0.341 -0.383 2.1600110400000004e-09 3.21995784e-10 -3.21995718e-10
181.902 0.423 -0.431 1.8314752500000003e-09 2.73020517e-10 -2.73020451e-10
182.686 0.355 -0.361 2.15267613e-09 3.27789099e-10 -3.2778903300000007e-10
183.397 0.296 -0.357 2.3954343600000003e-09 3.5709069000000003e-10 -3.5709069000000003e-10
184.044 0.338 -0.35 2.2361295e-09 3.4049664000000004e-10 -3.4049664000000004e-10
184.719 0.266 -0.337 2.5122276300000005e-09 3.9082329000000003e-10 -3.9082296000000006e-10
185.279 0.338 -0.294 2.4764173500000004e-09 3.6916308e-10 -3.6916275000000004e-10
185.921 0.211 -0.305 3.0314585400000003e-09 4.5190365000000004e-10 -4.5190365000000004e-10
186.418 0.317 -0.286 2.59328751e-09 3.8658477e-10 -3.8658477e-10
186.954 0.283 -0.218 3.1867337700000003e-09 4.6985895e-10 -4.6985862e-10
187.454 0.313 -0.217 2.9500821900000003e-09 4.3977285e-10 -4.3977252000000003e-10
188.115 0.302 -0.347 3.5473185000000005e-09 4.3959036000000003e-10 -4.3959003e-10
188.7 0.247 -0.283 2.90169462e-09 4.4184261000000004e-10 -4.4184261000000004e-10
189.202 0.302 -0.255 2.80660941e-09 4.1838522000000005e-10 -4.183848900000001e-10
189.825 0.302 -0.321 3.29054814e-09 4.2839346e-10 -4.2839346e-10
190.425 0.292 -0.299 2.6459132700000003e-09 3.9442986000000005e-10 -3.9442986000000005e-10
190.967 0.275 -0.25 3.04388502e-09 4.4879703e-10 -4.487967e-10
191.502 0.339 -0.26 2.6066000400000003e-09 3.8856939e-10 -3.8856939e-10
192.178 0.245 -0.337 2.66199615e-09 4.092132e-10 -4.092132e-10
192.678 0.293 -0.255 2.80742682e-09 4.2748827000000004e-10 -4.2748827000000004e-10
193.327 0.342 -0.356 2.20583319e-09 3.3588324000000004e-10 -3.3588324000000004e-10
193.946 0.232 -0.277 3.13973055e-09 4.6292862000000003e-10 -4.6292829000000006e-10
194.481 0.349 -0.304 3.5637591000000002e-09 4.3538286e-10 -4.3538286e-10
195.129 0.308 -0.298 3.2629683900000004e-09 4.3219143000000005e-10 -4.321911e-10
195.701 0.242 -0.263 3.1617768600000003e-09 4.6617912e-10 -4.6617912e-10
196.218 0.319 -0.276 3.9158031e-09 4.7839209e-10 -4.7839209e-10
196.838 0.303 -0.302 3.7658907e-09 4.734100800000001e-10 -4.7340975e-10
197.485 0.272 -0.344 3.7402926000000005e-09 4.6350414e-10 -4.6350381e-10
198.06 0.215 -0.303 3.0186390300000003e-09 4.4999262e-10 -4.4999262e-10
198.548 0.248 -0.273 3.19790856e-09 4.6157892e-10 -4.6157892e-10
199.068 0.233 -0.272 4.8836271e-09 5.7958098e-10 -5.795806500000001e-10
199.566 0.258 -0.265 4.3587225e-09 5.4793497e-10 -5.4793464e-10
200.072 0.26 -0.247 3.1050277500000005e-09 4.6741992e-10 -4.6741992e-10
200.591 0.281 -0.259 4.260488100000001e-09 5.2796766e-10 -5.279673300000001e-10
201.186 0.312 -0.314 3.7185621000000003e-09 4.5429549e-10 -4.5429549e-10
201.849 0.28 -0.35 3.6587199000000003e-09 4.5339525000000004e-10 -4.5339525000000004e-10
202.396 0.241 -0.267 3.0739028100000006e-09 4.5823107000000004e-10 -4.5823074000000007e-10
202.844 0.299 -0.207 3.2331301200000005e-09 4.716010200000001e-10 -4.716010200000001e-10
203.415 0.25 -0.273 3.0961203900000006e-09 4.6511124e-10 -4.6511124e-10
203.92 0.277 -0.254 3.26701122e-09 4.6202574000000005e-10 -4.6202574000000005e-10
204.459 0.251 -0.261 3.25607733e-09 4.6997478e-10 -4.6997478e-10
205.031 0.263 -0.321 3.9068304e-09 4.911274500000001e-10 -4.911274500000001e-10
205.551 0.278 -0.257 3.2452374900000005e-09 4.5894651e-10 -4.5894618000000005e-10
206.104 0.23 -0.275 3.1159326000000004e-09 4.6906167e-10 -4.6906134e-10
206.675 0.343 -0.341 3.3728805e-09 4.1797371000000004e-10 -4.1797371000000004e-10
207.285 0.254 -0.267 3.00045999e-09 4.4728266000000004e-10 -4.4728266000000004e-10
207.807 0.25 -0.268 3.0210866400000003e-09 4.5035760000000005e-10 -4.5035727e-10
208.345 0.282 -0.289 2.73873501e-09 4.0826709e-10 -4.0826676e-10
208.951 0.319 -0.323 2.39724276e-09 3.6502950000000003e-10 -3.6502950000000003e-10
209.613 0.249 -0.343 2.63878824e-09 3.9336792e-10 -3.9336759e-10
210.196 0.295 -0.333 2.48843529e-09 3.7095432e-10 -3.7095432e-10
210.764 0.32 -0.274 2.62998912e-09 3.9205617000000004e-10 -3.9205584e-10
211.39 0.365 -0.306 2.33001714e-09 3.4733886000000005e-10 -3.4733886000000005e-10
212.065 0.329 -0.309 2.4085822200000003e-09 3.6675606000000006e-10 -3.6675606000000006e-10
212.762 0.291 -0.368 2.33704383e-09 3.5586276000000004e-10 -3.5586276000000004e-10
213.419 0.322 -0.366 2.2343178e-09 3.4022076e-10 -3.4022076e-10
214.051 0.333 -0.31 2.3952350400000003e-09 3.6472359e-10 -3.6472359e-10
214.828 0.471 -0.445 1.7056716600000001e-09 2.54266815e-10 -2.54266782e-10
215.726 0.329 -0.427 2.0022614700000002e-09 3.11488551e-10 -3.1148848500000005e-10
216.319 0.315 -0.264 2.7028234200000003e-09 4.0291350000000004e-10 -4.0291350000000004e-10
216.987 0.333 -0.353 2.24010336e-09 3.4110186000000006e-10 -3.4110153000000003e-10
217.712 0.388 -0.391 2.00551956e-09 2.98965546e-10 -2.9896548e-10
218.537 0.419 -0.437 1.8262302300000002e-09 2.72238615e-10 -2.72238582e-10
219.393 0.36 -0.437 1.9607705700000003e-09 2.9229476100000003e-10 -2.92294695e-10
220.099 0.411 -0.347 2.0781195600000004e-09 3.09788127e-10 -3.0978806100000006e-10
220.904 0.412 -0.393 1.98770088e-09 2.9630927700000005e-10 -2.96309211e-10
221.746 0.357 -0.43 2.03717085e-09 3.03683853e-10 -3.0368378700000003e-10
222.526 0.391 -0.424 1.96600107e-09 2.93074485e-10 -2.93074419e-10
223.204 0.327 -0.287 2.60993667e-09 3.890667e-10 -3.890667e-10
223.908 0.446 -0.376 1.94898165e-09 2.90537346e-10 -2.9053728e-10
224.792 0.33 -0.439 2.0843479800000002e-09 3.10716615e-10 -3.1071654900000003e-10
225.633 0.391 -0.511 1.7204698500000001e-09 2.6765072400000003e-10 -2.67650658e-10
226.409 0.456 -0.385 1.8738852e-09 2.8533750300000003e-10 -2.8533743700000006e-10
227.194 0.324 -0.329 2.4534863100000003e-09 3.6574461000000003e-10 -3.6574461000000003e-10
227.988 0.368 -0.47 1.95422106e-09 2.8813448400000005e-10 -2.88134418e-10
228.856 0.448 -0.5 1.68935943e-09 2.51835144e-10 -2.51835078e-10
229.698 0.429 -0.393 1.94898462e-09 2.9053780800000004e-10 -2.90537742e-10
230.497 0.319 -0.37 2.29034982e-09 3.4875291000000005e-10 -3.4875258000000003e-10
231.191 0.432 -0.376 1.9434703200000003e-09 2.89715778e-10 -2.89715712e-10
232.089 0.457 -0.466 1.6660512000000002e-09 2.5369047e-10 -2.5369043700000004e-10
233.131 0.414 -0.585 1.5413201100000003e-09 2.34697617e-10 -2.3469758400000003e-10
234.094 0.578 -0.55 1.38552513e-09 2.06542149e-10 -2.06542083e-10
235.069 0.481 -0.396 1.78180464e-09 2.65616076e-10 -2.6561601e-10
236.279 0.546 -0.73 1.2251481e-09 1.8263447400000003e-10 -1.8263444100000002e-10
237.343 0.49 -0.518 1.54923648e-09 2.3094680400000003e-10 -2.3094677100000002e-10
238.471 0.608 -0.637 1.2827680800000002e-09 1.89134055e-10 -1.8913402200000003e-10
239.64 0.578 -0.561 1.3510770900000001e-09 2.0572919400000004e-10 -2.0572916100000002e-10
240.925 0.579 -0.707 1.21496991e-09 1.81117233e-10 -1.8111720000000003e-10
241.933 0.54 -0.429 1.64859717e-09 2.45758623e-10 -2.4575859e-10
243.242 0.769 -0.768 1.0421796e-09 1.55359116e-10 -1.5535908300000001e-10
244.658 0.657 -0.647 1.22844249e-09 1.8312558000000003e-10 -1.8312554700000001e-10
246.128 0.749 -0.813 1.00953336e-09 1.5372215100000002e-10 -1.53722118e-10
248.018 0.937 -1.141 7.588719600000001e-10 1.1555382300000001e-10 -1.1555379000000001e-10
249.715 0.628 -0.76 1.1544307500000001e-09 1.7209255800000001e-10 -1.72092525e-10
251.418 1.06 -1.075 7.4751534e-10 1.1143311300000002e-10 -1.1143308e-10
253.342 0.744 -0.865 9.7170909e-10 1.44853995e-10 -1.4485396200000002e-10
254.864 0.816 -0.778 9.803970000000001e-10 1.46149113e-10 -1.4614908e-10
256.654 0.832 -0.973 8.654434800000002e-10 1.2901284000000001e-10 -1.2901280700000003e-10
258.399 1.148 -0.914 7.460663100000001e-10 1.1360391900000001e-10 -1.1360388600000001e-10
260.521 1.057 -0.973 7.5784599e-10 1.1539760100000001e-10 -1.1539760100000001e-10
262.509 1.069 -0.931 7.5726387e-10 1.17806337e-10 -1.1780630400000002e-10
264.852 1.14 -1.274 6.4785534e-10 9.6576678e-11 -9.6576678e-11
267.054 1.234 -1.062 6.8096985e-10 1.01513115e-10 -1.01513082e-10
269.837 1.369 -1.549 5.360602500000001e-10 7.991121600000002e-11 -7.991121600000002e-11
272.792 1.167 -1.586 5.593975200000001e-10 8.517976500000001e-11 -8.517973200000001e-11
275.652 2.135 -1.693 4.0213866e-10 6.1233876e-11 -6.1233876e-11
279.436 1.848 -1.648 4.4740509e-10 6.6695277e-11 -6.669524400000001e-11
283.271 2.071 -1.988 3.8735763000000003e-10 5.7743928000000005e-11 -5.7743895e-11
287.145 1.995 -1.803 4.2210300000000005e-10 6.2923476e-11 -6.2923443e-11
291.205 2.41 -2.065 3.5832720000000003e-10 5.3416341e-11 -5.3416341e-11
295.846 2.004 -2.232 3.6007488000000005e-10 5.6016246e-11 -5.6016246e-11
299.779 2.295 -1.929 2.41087836e-10 4.5444201e-11 -4.5444201e-11
304.123 1.381 -2.049 2.9685975e-10 5.5957011000000006e-11 -5.5957011000000006e-11
307.971 1.94 -2.467 3.5464440000000004e-10 5.2867353000000004e-11 -5.286732e-11
311.301 2.038 -1.39 3.17039283e-10 5.7747096e-11 -5.7747063000000005e-11
315.596 2.081 -2.256 3.6040851e-10 5.3726574e-11 -5.3726574e-11
319.571 2.03 -1.893 3.9870402e-10 5.943534300000001e-11 -5.943531e-11
323.32 1.568 -1.72 3.02270232e-10 5.885124300000001e-11 -5.885124300000001e-11
327.065 1.746 -2.177 3.8607228e-10 6.0060627e-11 -6.0060627e-11
330.282 1.77 -1.471 4.7458719e-10 7.2265644e-11 -7.2265644e-11
333.574 1.617 -1.521 4.9019322e-10 7.4642007e-11 -7.4641974e-11
336.791 1.056 -1.6 5.883659100000001e-10 8.7708522e-11 -8.770848900000001e-11
339.768 1.427 -1.921 4.667533200000001e-10 6.957954300000001e-11 -6.957954300000001e-11
343.184 1.794 -1.988 4.0026129000000003e-10 6.226803000000001e-11 -6.226799700000001e-11
346.603 1.775 -1.625 4.5966723e-10 6.852321300000001e-11 -6.852318e-11
350.19 1.871 -1.812 4.2436713000000004e-10 6.3260967e-11 -6.3260967e-11
353.722 1.616 -1.662 4.7689191e-10 7.109091e-11 -7.109091e-11
356.841 1.148 -1.503 5.618919900000001e-10 8.932390500000001e-11 -8.932387200000001e-11
358.823 0.65 -0.834 1.05326892e-09 1.57012218e-10 -1.5701218500000002e-10
360.418 0.627 -0.945 9.781473900000001e-10 1.48942992e-10 -1.4894295900000001e-10
361.669 0.731 -0.623 1.17993513e-09 1.7397213900000002e-10 -1.73972106e-10
363.023 0.468 -0.624 1.43066187e-09 2.1327068400000004e-10 -2.1327065100000002e-10
364.03 0.513 -0.538 1.4863120800000002e-09 2.2156658700000002e-10 -2.2156652100000002e-10
365.117 0.552 -0.574 1.36599375e-09 2.0800058400000003e-10 -2.0800055100000002e-10
366.228 0.569 -0.559 1.3638391800000002e-09 2.07672531e-10 -2.07672465e-10
367.245 0.449 -0.447 1.66111242e-09 2.64066825e-10 -2.6406679200000006e-10
368.157 0.427 -0.463 1.7568553200000001e-09 2.61896844e-10 -2.6189677800000004e-10
369.001 0.623 -0.418 1.50156171e-09 2.2383985800000003e-10 -2.23839792e-10
369.984 0.387 -0.36 2.0930573400000004e-09 3.1201490100000005e-10 -3.12014835e-10
370.784 0.381 -0.413 1.9403729400000003e-09 2.95461606e-10 -2.9546157300000003e-10
371.689 0.567 -0.524 1.3668666000000002e-09 2.17290645e-10 -2.17290579e-10
372.686 0.363 -0.43 1.97114841e-09 2.93841801e-10 -2.93841735e-10
373.443 0.415 -0.394 1.93219719e-09 2.88035286e-10 -2.8803522e-10
374.37 0.54 -0.511 1.4875406700000001e-09 2.21749737e-10 -2.2174967100000003e-10
375.247 0.437 -0.337 1.95778572e-09 3.0456954000000003e-10 -3.0456947400000006e-10
376.196 0.474 -0.512 1.5868818900000002e-09 2.36558619e-10 -2.36558586e-10
377.158 0.365 -0.489 1.8315339900000002e-09 2.7302926200000004e-10 -2.73029196e-10
377.977 0.372 -0.454 1.89471909e-09 2.82448353e-10 -2.8244828700000004e-10
378.846 0.385 -0.497 1.7724461700000001e-09 2.6422096800000004e-10 -2.64220902e-10
379.697 0.433 -0.465 1.65918654e-09 2.63760651e-10 -2.63760618e-10
380.619 0.41 -0.489 1.7125458900000001e-09 2.60770257e-10 -2.6077019100000003e-10
381.525 0.466 -0.497 1.62372507e-09 2.4205090800000004e-10 -2.4205087500000003e-10
382.437 0.445 -0.446 1.7533718400000003e-09 2.61377556e-10 -2.6137749e-10
383.26 0.325 -0.378 2.223936e-09 3.3152526e-10 -3.3152526e-10
384.171 0.512 -0.586 1.42372032e-09 2.12235903e-10 -2.1223587000000002e-10
385.328 0.556 -0.645 1.30138569e-09 1.9399937700000002e-10 -1.93999311e-10
386.293 0.409 -0.41 1.87978098e-09 2.86235235e-10 -2.8623516900000003e-10
387.396 0.457 -0.694 1.3577279100000002e-09 2.02398372e-10 -2.0239830600000004e-10
388.6 0.6 -0.747 1.1422702500000001e-09 1.7393409000000004e-10 -1.7393405700000002e-10
389.983 0.735 -0.783 9.9761046e-10 1.5519665700000002e-10 -1.55196624e-10
391.313 0.569 -0.596 1.3418991300000001e-09 2.0003874e-10 -2.0003867400000004e-10
392.408 0.452 -0.525 1.60138638e-09 2.38720845e-10 -2.38720812e-10
393.374 0.498 -0.514 1.5450557100000002e-09 2.3032356600000002e-10 -2.30323533e-10
394.398 0.538 -0.526 1.4701282200000001e-09 2.1915405600000003e-10 -2.1915399e-10
395.532 0.528 -0.597 1.3910394300000001e-09 2.07364113e-10 -2.0736408000000002e-10
396.521 0.484 -0.461 1.65564003e-09 2.4680851800000003e-10 -2.46808452e-10
397.62 0.687 -0.615 1.18223556e-09 1.8001965300000002e-10 -1.8001962000000003e-10
399.282 0.818 -0.975 8.5852074e-10 1.3072738800000001e-10 -1.30727355e-10
400.704 0.51 -0.604 1.3824105900000001e-09 2.10500367e-10 -2.10500334e-10
401.992 0.543 -0.777 1.14708165e-09 1.78449612e-10 -1.78449579e-10
403.095 0.676 -0.56 1.26394092e-09 1.8841739400000001e-10 -1.88417361e-10
404.544 0.59 -0.773 1.14677937e-09 1.70951979e-10 -1.7095194600000001e-10
405.78 0.604 -0.646 1.2495545700000002e-09 1.8627279000000001e-10 -1.8627275700000003e-10
407.094 1.19 -0.71 8.225098200000001e-10 1.22612688e-10 -1.2261265500000002e-10
409.141 0.682 -0.857 1.01553045e-09 1.5138651e-10 -1.5138644400000002e-10
410.6 0.886 -0.777 9.101281200000001e-10 1.4158716000000001e-10 -1.4158716000000001e-10
412.232 0.748 -0.745 1.04732199e-09 1.56125706e-10 -1.56125673e-10
413.789 0.888 -0.81 9.215481e-10 1.37376426e-10 -1.37376393e-10
415.689 0.922 -1.012 8.0878941e-10 1.20567381e-10 -1.20567348e-10
417.665 1.253 -1.054 6.7783188e-10 1.01045307e-10 -1.01045274e-10
419.994 0.634 -1.076 9.005191800000001e-10 1.3712252400000002e-10 -1.37122491e-10
421.476 0.648 -0.848 1.04537235e-09 1.55835075e-10 -1.55835042e-10
423.39 1.12 -1.266 6.5557998e-10 9.7728213e-11 -9.772818000000002e-11
425.737 1.146 -1.227 6.3840678e-10 9.931594200000001e-11 -9.931590900000001e-11
428.174 0.997 -1.29 6.836115e-10 1.0190690400000001e-10 -1.01906871e-10
429.973 1.565 -0.801 6.506646300000001e-10 9.907705500000001e-11 -9.9077022e-11
432.943 1.221 -1.405 5.768918100000001e-10 8.974614000000001e-11 -8.974610700000001e-11
436.013 1.666 -1.849 4.2369426e-10 6.735461700000001e-11 -6.7354584e-11
438.989 2.026 -1.31 4.6116708000000004e-10 7.0222152e-11 -7.0222152e-11
442.727 1.417 -1.712 4.993876800000001e-10 7.444443599999999e-11 -7.4444403e-11
445.872 1.758 -1.727 4.4139315000000004e-10 6.721116600000001e-11 -6.721116600000001e-11
449.793 1.888 -2.163 3.857832e-10 5.7509232000000006e-11 -5.7509232000000006e-11
453.182 1.234 -1.501 5.6258202e-10 8.566466700000002e-11 -8.566466700000002e-11
456.169 1.584 -1.754 4.6121889000000006e-10 7.0230006e-11 -7.0230006e-11
459.272 1.12 -1.519 5.9281464e-10 8.837169000000001e-11 -8.8371657e-11
462.026 1.573 -1.635 4.799757600000001e-10 7.308615600000001e-11 -7.308615600000001e-11
465.62 1.863 -2.02 3.8998674000000007e-10 6.066960900000001e-11 -6.066957600000001e-11
469.418 1.977 -1.935 3.9947226e-10 5.9549853e-11 -5.9549853e-11
473.627 2.305 -2.232 3.4448700000000004e-10 5.1353115000000004e-11 -5.1353115000000004e-11
477.909 2.473 -1.977 3.5147442000000007e-10 5.239476000000001e-11 -5.239476000000001e-11
482.211 1.492 -1.83 4.7088855e-10 7.019601600000001e-11 -7.019601600000001e-11
485.192 1.228 -1.489 5.757368100000001e-10 8.582587200000001e-11 -8.582587200000001e-11
488.266 1.901 -1.846 4.1717511000000003e-10 6.2188896e-11 -6.2188863e-11
491.916 2.28 -1.749 3.817638e-10 5.8131381000000006e-11 -5.8131381000000006e-11
496.554 1.964 -2.357 3.5598948e-10 5.420669100000001e-11 -5.4206658e-11
500.723 1.917 -2.205 3.7912281e-10 5.651636100000001e-11 -5.651636100000001e-11
504.787 2.561 -2.147 3.09850926e-10 4.7811093e-11 -4.7811093e-11
509.492 1.385 -2.144 4.3610886000000005e-10 6.640649400000001e-11 -6.640649400000001e-11
512.893 1.676 -2.015 4.1705763e-10 6.350556300000001e-11 -6.350556300000001e-11
516.466 2.261 -1.897 3.2602897800000003e-10 5.2206462000000006e-11 -5.2206462000000006e-11
520.8 1.84 -2.073 2.6652664500000006e-10 4.8660909e-11 -4.8660909e-11
524.184 1.728 -1.544 3.2932637100000005e-10 5.9148804e-11 -5.9148804e-11
527.522 1.723 -1.611 3.1275086700000005e-10 5.7100263000000005e-11 -5.7100263000000005e-11
530.933 2.346 -1.687 2.46407073e-10 4.7974839000000005e-11 -4.7974839000000005e-11
535.09 2.4 -1.811 3.7142292000000003e-10 5.5368522000000005e-11 -5.5368489e-11
539.609 1.69 -2.119 2.7374978400000004e-10 4.9979688000000006e-11 -4.9979688000000006e-11
542.616 1.851 -1.317 3.29079762e-10 6.0081516e-11 -6.0081516e-11
547.236 1.932 -2.769 2.21836494e-10 4.0501659000000004e-11 -4.0501626000000004e-11
551.441 2.401 -2.273 3.2942263200000006e-10 5.0161353000000003e-11 -5.0161353000000003e-11
556.484 1.768 -2.643 2.1978693000000002e-10 4.4220825e-11 -4.4220825e-11
560.812 1.667 -2.56 2.4661998900000004e-10 4.5026487e-11 -4.5026454000000007e-11
564.629 1.825 -2.15 2.5599321e-10 4.8253821000000003e-11 -4.8253821000000003e-11
568.965 2.086 -2.511 2.26635222e-10 4.1377776000000006e-11 -4.1377776000000006e-11
573.202 2.703 -2.151 2.1467367900000003e-10 3.9193902000000006e-11 -3.9193902000000006e-11
578.396 2.301 -2.492 1.9698673500000002e-10 4.0977882e-11 -4.0977882e-11
582.448 1.916 -1.75 2.84222796e-10 5.1891774000000004e-11 -5.1891774000000004e-11
586.554 2.399 -2.19 2.2725657900000002e-10 4.149123e-11 -4.1491197e-11
590.753 2.132 -1.8 2.5898192100000004e-10 4.8817197e-11 -4.8817197e-11
595.073 1.978 -2.189 2.5530628200000003e-10 4.6612368000000005e-11 -4.6612368000000005e-11
599.317 2.197 -2.265 2.39351409e-10 4.3699425000000006e-11 -4.3699425000000006e-11
604.808 2.436 -3.295 1.7941360800000002e-10 3.3818829e-11 -3.3818829e-11
610.26 2.734 -3.016 1.7708780100000002e-10 3.3380424000000004e-11 -3.3380424000000004e-11
3816.223 42.037 -67.159 6.1631361e-11 1.32893013e-11 -1.32893013e-11
3884.668 23.738 -26.409 4.5512973000000003e-11 9.5543514e-12 -9.5543514e-12
3931.96 26.592 -23.554 4.1608842e-11 9.160743900000002e-12 -9.160743900000002e-12
3997.972 25.77 -39.42 3.1936132800000005e-11 7.0626435e-12 -7.0626435e-12
4050.04 21.341 -26.298 4.1801298000000007e-11 9.361535700000002e-12 -9.361535700000002e-12
4101.707 37.371 -30.326 3.07957155e-11 6.790179000000001e-12 -6.790179000000001e-12
4165.506 18.704 -26.428 4.3301247000000004e-11 9.742722000000001e-12 -9.742722000000001e-12
4231.161 35.79 -46.951 2.36873241e-11 5.3462508e-12 -5.3462508e-12
4291.347 20.736 -24.396 4.6145121000000005e-11 1.01443947e-11 -1.01443947e-11
4346.746 17.991 -34.663 3.959637e-11 8.6789835e-12 -8.6789835e-12
4388.4 26.483 -23.664 3.9529941e-11 8.8941831e-12 -8.8941831e-12
4447.945 27.113 -33.062 3.26197641e-11 7.3508391e-12 -7.3508391e-12
4498.733 21.457 -23.674 4.3918281000000005e-11 9.866198100000001e-12 -9.866198100000001e-12
4544.232 21.09 -24.042 4.5610686e-11 9.967752300000002e-12 -9.967752300000002e-12
4590.117 25.351 -24.795 3.910995e-11 8.7996843e-12 -8.7996843e-12
4652.619 30.547 -37.151 3.01511727e-11 6.6480612000000005e-12 -6.6480612000000005e-12
4710.333 38.023 -27.167 3.04581684e-11 6.8317854000000005e-12 -6.8317854000000005e-12
4770.368 20.612 -22.012 4.7929926000000005e-11 1.0505586300000001e-11 -1.0505586300000001e-11
4819.781 28.867 -28.801 3.4142889e-11 7.6582671e-12 -7.6582671e-12
4873.835 17.438 -25.186 4.6022658e-11 1.04035932e-11 -1.04035932e-11
4915.07 31.364 -23.797 3.5801106e-11 8.042687400000001e-12 -8.042687400000001e-12
4974.358 32.252 -27.924 3.22414257e-11 7.243005000000001e-12 -7.243005000000001e-12
5027.655 21.579 -21.045 4.6170399000000005e-11 1.03400055e-11 -1.03400055e-11
5073.161 23.711 -23.928 4.1472222e-11 9.316692000000002e-12 -9.316692000000002e-12
5124.488 30.054 -27.615 3.5619870000000005e-11 7.8305568e-12 -7.8305568e-12
5180.614 21.566 -26.073 4.3479678e-11 9.516078000000001e-12 -9.516078000000001e-12
5231.737 33.126 -29.557 3.1252452e-11 7.053707100000001e-12 -7.053707100000001e-12
5289.914 27.603 -25.051 3.7155327e-11 8.3469078e-12 -8.3469078e-12
5375.506 29.767 -57.989 2.2090711500000002e-11 5.040957900000001e-12 -5.040957900000001e-12
5447.362 28.116 -42.089 2.79636489e-11 6.2820087e-12 -6.2820087e-12
5499.413 16.182 -23.935 4.949445600000001e-11 1.1118888e-11 -1.1118888e-11
5561.909 43.95 -46.314 2.1592698600000004e-11 4.8811092e-12 -4.8811092e-12
5625.898 32.614 -20.039 3.7059429000000006e-11 8.351313300000001e-12 -8.351313300000001e-12
5688.394 30.294 -29.882 3.418816500000001e-11 7.538180100000002e-12 -7.538180100000002e-12
5739.985 23.835 -21.297 4.3463706000000005e-11 9.794512200000001e-12 -9.794512200000001e-12
5793.757 22.716 -29.937 3.7462359000000004e-11 8.415887700000001e-12 -8.415887700000001e-12
5855.788 25.875 -39.315 3.1701476400000004e-11 6.979506600000001e-12 -6.979506600000001e-12
5912.603 26.729 -30.939 3.4009338e-11 7.6879407e-12 -7.6879407e-12
5973.887 33.142 -34.556 2.9243973e-11 6.5798535e-12 -6.5798535e-12
6053.35 36.421 -46.321 2.38781961e-11 5.3809338e-12 -5.3809338e-12
6133.093 41.927 -43.322 2.33308614e-11 5.257593e-12 -5.257593e-12
6205.209 27.479 -30.19 3.4633731e-11 7.768368300000001e-12 -7.768368300000001e-12
6265.665 32.213 -32.977 3.22248135e-11 7.073705100000001e-12 -7.073705100000001e-12
6349.834 45.813 -51.956 2.41423413e-11 4.9923654e-12 -4.9923654e-12
9569.499 28.028 -56.903 2.3551931700000002e-11 5.316478200000001e-12 -5.316478200000001e-12
9627.221 35.496 -29.695 1.86079575e-11 4.220528400000001e-12 -4.220528400000001e-12
9688.152 32.232 -25.436 2.12499705e-11 4.7816835e-12 -4.7816835e-12
9766.484 41.656 -46.1 1.39795227e-11 3.1656959400000005e-12 -3.1656959400000005e-12
9837.322 25.98 -29.181 2.3170547400000002e-11 5.0866695e-12 -5.0866695e-12
9899.139 31.86 -35.837 1.7818218000000002e-11 4.067316e-12 -4.067316e-12
9966.59 27.091 -35.591 1.9185761100000003e-11 4.3654875e-12 -4.3654875e-12
10025.008 28.849 -31.326 2.0406992100000002e-11 4.613871900000001e-12 -4.613871900000001e-12
10081.915 39.64 -28.058 1.81687836e-11 4.0883535e-12 -4.0883535e-12
10158.89 35.377 -37.336 1.68419592e-11 3.7778466000000006e-12 -3.7778466000000006e-12
10219.214 25.2 -24.947 2.69359398e-11 5.7674694e-12 -5.7674694e-12
10281.258 35.867 -36.845 1.6692492300000003e-11 3.7621023000000004e-12 -3.7621023000000004e-12
10335.323 29.441 -18.198 2.7131402100000003e-11 5.9383269000000004e-12 -5.9383269000000004e-12
10398.704 38.773 -33.939 1.8659516700000002e-11 4.0126020000000004e-12 -4.0126020000000004e-12
10473.559 44.151 -36.083 1.51647276e-11 3.4560702000000004e-12 -3.4560702000000004e-12
10548.529 41.894 -30.818 1.7062600500000002e-11 3.8577297000000006e-12 -3.8577297000000006e-12
10615.611 24.958 -25.188 2.4631464000000002e-11 5.533842600000001e-12 -5.533842600000001e-12
10680.291 38.005 -39.722 1.57397889e-11 3.5473845e-12 -3.5473845e-12
10759.769 28.732 -41.473 1.84841943e-11 4.0824399e-12 -4.0824399e-12
10816.325 19.815 -27.824 2.6361182100000004e-11 5.9224506e-12 -5.9224506e-12
10879.768 34.098 -43.629 1.77238347e-11 3.800445000000001e-12 -3.800445000000001e-12
10951.711 34.867 -37.845 1.70554791e-11 3.8317785e-12 -3.8317785e-12
11023.036 36.255 -36.457 1.69332042e-11 3.828475200000001e-12 -3.828475200000001e-12
11100.524 33.987 -41.232 1.79851782e-11 3.8564823e-12 -3.8564823e-12
11170.74 28.961 -36.23 2.2844009100000003e-11 4.6691271e-12 -4.6691271e-12
11230.018 37.38 -30.317 1.82393343e-11 4.1042265e-12 -4.1042265e-12
11303.982 36.129 -36.583 1.6829967000000002e-11 3.7991019e-12 -3.7991019e-12
11373.472 24.307 -33.361 1.61657298e-11 3.5492127000000003e-12 -3.5492127000000003e-12
11421.962 33.485 -24.183 1.2380728800000001e-11 2.78618769e-12 -2.78618769e-12
11483.393 24.708 -27.945 1.3558083000000001e-11 3.0511423800000003e-12 -3.0511423800000003e-12
11530.91 24.83 -22.809 2.11081332e-11 4.7650581e-12 -4.7650581e-12
11596.857 24.074 -41.116 1.9621159800000003e-11 4.313958e-12 -4.313958e-12
11665.041 31.109 -44.111 1.6199082900000003e-11 3.6508989e-12 -3.6508989e-12
11720.714 25.583 -24.563 2.4504255600000004e-11 5.487939600000001e-12 -5.487939600000001e-12
11780.012 21.445 -33.716 2.19869067e-11 4.9164225e-12 -4.9164225e-12
11836.293 30.355 -34.835 1.8767076900000003e-11 4.2163176000000006e-12 -4.2163176000000006e-12
11909.251 42.646 -42.603 1.4427062100000001e-11 3.2412642900000002e-12 -3.2412642900000002e-12
11985.356 31.731 -33.459 1.87798083e-11 4.2258447e-12 -4.2258447e-12
12054.625 27.652 -37.538 1.95848631e-11 4.3124763000000005e-12 -4.3124763000000005e-12
12138.654 43.911 -56.377 1.7134662600000003e-11 3.24543054e-12 -3.24543054e-12
15390.774 42.769 -42.48 1.4350937700000001e-11 3.06889209e-12 -3.06889209e-12
15468.004 33.236 -34.461 1.8306647700000003e-11 4.1162649e-12 -4.1162649e-12
15543.088 43.401 -41.848 1.4542796400000001e-11 3.26632548e-12 -3.26632548e-12
15633.475 50.799 -46.986 1.2639066000000002e-11 2.8387458e-12 -2.8387458e-12
15718.993 27.964 -34.719 1.80874683e-11 4.0624617e-12 -4.0624617e-12
15778.036 31.604 -31.079 1.1525781300000002e-11 2.58601134e-12 -2.58601134e-12
15851.498 35.869 -41.858 1.1037203100000001e-11 2.4819597e-12 -2.4819597e-12
15931.483 31.103 -44.116 1.6698194700000003e-11 3.7587858e-12 -3.7587858e-12
16014.601 28.219 -52.015 1.17947742e-11 2.6433042900000002e-12 -2.6433042900000002e-12
16080.793 39.754 -37.973 9.3227805e-12 2.0964837300000003e-12 -2.0964837300000003e-12
16183.707 49.669 -63.16 1.0800867e-11 2.4286416e-12 -2.4286416e-12
16299.295 41.895 -65.919 1.18934706e-11 2.6712849900000003e-12 -2.6712849900000003e-12
16390.181 58.823 -48.991 1.1913211200000001e-11 2.69669697e-12 -2.69669697e-12
16489.845 54.437 -40.841 1.34726262e-11 3.02260464e-12 -3.02260464e-12
16567.722 21.693 -23.439 1.8698040900000004e-11 4.199995800000001e-12 -4.199995800000001e-12
16623.252 28.845 -33.838 1.1573004300000001e-11 2.5995542100000003e-12 -2.5995542100000003e-12
16691.066 21.207 -38.968 1.32025806e-11 2.83225899e-12 -2.83225899e-12
16744.482 35.489 -32.209 1.0726597200000002e-11 2.4039737700000002e-12 -2.4039737700000002e-12
16819.059 31.116 -39.089 1.0859930400000002e-11 2.3749440000000003e-12 -2.3749440000000003e-12
16883.757 36.623 -33.581 1.0286241900000001e-11 2.31841401e-12 -2.31841401e-12
16960.737 39.877 -40.357 8.9850585e-12 2.0205375300000002e-12 -2.0205375300000002e-12
17033.446 32.359 -32.832 1.11574617e-11 2.50621404e-12 -2.50621404e-12
17101.4 27.088 -35.595 1.15132413e-11 2.58612981e-12 -2.58612981e-12
17175.36 40.884 -46.872 8.2545243e-12 1.85204712e-12 -1.85204712e-12
17262.238 46.776 -45.994 1.3040798100000001e-11 2.93884338e-12 -2.93884338e-12
17356.397 30.344 -47.382 1.4647314e-11 3.2899564500000002e-12 -3.2899564500000002e-12
17431.101 43.397 -44.359 8.2147527e-12 1.84731294e-12 -1.84731294e-12
17511.095 33.607 -36.598 1.0244899500000001e-11 2.30909646e-12 -2.30909646e-12
17595.323 52.18 -50.62 7.0044546e-12 1.57693635e-12 -1.57693635e-12
17682.293 37.921 -34.791 1.0390119300000002e-11 2.28452202e-12 -2.28452202e-12
17766.473 26.454 -46.258 1.04565186e-11 2.28425802e-12 -2.28425802e-12
17824.735 25.86 -31.809 1.3072336200000001e-11 2.88052017e-12 -2.88052017e-12
17910.775 55.152 -60.18 1.0321512300000002e-11 1.8054009600000002e-12 -1.8054009600000002e-12
21218.526 48.306 -134.311 1.0811298300000001e-11 2.43311871e-12 -2.43311871e-12
21305.183 41.884 -38.35 9.1475406e-12 2.05468395e-12 -2.05468395e-12
21404.964 54.932 -57.897 6.4507806e-12 1.4538691200000002e-12 -1.4538691200000002e-12
21494.804 35.296 -34.909 1.09184394e-11 2.39026986e-12 -2.39026986e-12
21574.845 35.489 -44.745 9.031667700000002e-12 2.0263706100000004e-12 -2.0263706100000004e-12
21638.157 44.889 -27.823 1.0071969600000002e-11 2.26488108e-12 -2.26488108e-12
21738.009 45.33 -54.963 7.621590900000001e-12 1.6793350200000001e-12 -1.6793350200000001e-12
21827.578 48.532 -44.239 7.8693054e-12 1.77759912e-12 -1.77759912e-12
21902.807 28.463 -26.698 1.3286153100000001e-11 2.97421509e-12 -2.97421509e-12
21968.996 27.464 -37.726 1.12362987e-11 2.5267034100000006e-12 -2.5267034100000006e-12
22034.955 29.203 -38.495 1.1377499100000001e-11 2.48809737e-12 -2.48809737e-12
22110.898 43.523 -46.74 8.091609900000002e-12 1.8154567200000001e-12 -1.8154567200000001e-12
22198.411 43.766 -43.99 8.3128617e-12 1.86720138e-12 -1.86720138e-12
22285.417 39.501 -43.241 8.8171182e-12 1.98046563e-12 -1.98046563e-12
22371.29 33.862 -46.372 9.1391751e-12 2.05280493e-12 -2.05280493e-12
22456.158 61.823 -51.006 6.466858200000001e-12 1.4542001100000001e-12 -1.4542001100000001e-12
22558.467 34.734 -40.485 9.637950300000001e-12 2.16728292e-12 -2.16728292e-12
22624.783 41.13 -31.583 9.9419166e-12 2.23059672e-12 -2.23059672e-12
22710.377 33.262 -44.464 9.8019042e-12 2.14353711e-12 -2.14353711e-12
22773.593 35.237 -29.953 1.1162580000000001e-11 2.5072938e-12 -2.5072938e-12
22862.958 46.165 -54.128 7.590165e-12 1.66521696e-12 -1.66521696e-12
22953.367 28.468 -44.245 1.00056033e-11 2.2448860500000003e-12 -2.2448860500000003e-12
23042.764 39.363 -60.929 7.610592000000001e-12 1.67329668e-12 -1.67329668e-12
23123.484 41.385 -41.357 8.7528012e-12 1.97269611e-12 -1.97269611e-12
23203.713 46.404 -38.844 8.5862403e-12 1.9242646500000004e-12 -1.9242646500000004e-12
23291.973 45.901 -41.855 8.3954838e-12 1.88363472e-12 -1.88363472e-12
23396.763 73.998 -58.889 8.8233849e-12 1.92946182e-12 -1.92946182e-12
23514.129 31.852 -43.367 1.01842653e-11 2.2875491100000003e-12 -2.2875491100000003e-12
23594.734 41.51 -48.753 8.163216600000001e-12 1.8335889000000002e-12 -1.8335889000000002e-12
23685.898 65.682 -49.653 1.0185799800000001e-11 1.8056827800000003e-12 -1.8056827800000003e-12
27004.807 54.337 -99.341 1.11306987e-11 2.5055448e-12 -2.5055448e-12
27106.011 53.426 -46.867 7.2323856e-12 1.6226001e-12 -1.6226001e-12
27215.09 27.088 -55.653 8.7565599e-12 1.96673697e-12 -1.96673697e-12
27279.399 50.535 -37.221 8.2651635e-12 1.8543063000000003e-12 -1.8543063000000003e-12
27358.642 36.482 -28.708 1.16731494e-11 2.5580801400000003e-12 -2.5580801400000003e-12
27437.617 35.233 -42.493 9.3439863e-12 2.09401599e-12 -2.09401599e-12
27526.386 46.757 -53.535 7.581222e-12 1.66312707e-12 -1.66312707e-12
27608.74 34.607 -35.597 1.03464339e-11 2.31866811e-12 -2.31866811e-12
27708.26 60.453 -64.913 5.7616284e-12 1.29840282e-12 -1.29840282e-12
27847.926 46.153 -79.212 5.755853400000001e-12 1.2985496700000001e-12 -1.2985496700000001e-12
27950.111 56.797 -56.033 6.724667400000001e-12 1.4783547900000001e-12 -1.4783547900000001e-12
28048.646 35.989 -41.738 9.3354987e-12 2.0944383900000003e-12 -2.0944383900000003e-12
28120.858 38.996 -36.223 9.6244929e-12 2.16408291e-12 -2.16408291e-12
28203.579 71.611 -43.725 6.256377600000001e-12 1.41147072e-12 -1.41147072e-12
28349.13 53.933 -73.94 5.946197400000001e-12 1.30444413e-12 -1.30444413e-12
28475.138 30.726 -72.074 7.0505391e-12 1.5835624200000001e-12 -1.5835624200000001e-12
28551.609 39.503 -45.746 8.5116471e-12 1.90960539e-12 -1.90960539e-12
28666.182 72.862 -75.07 4.8668697e-12 1.10044902e-12 -1.10044902e-12
28783.288 46.019 -44.244 8.0200989e-12 1.80333252e-12 -1.80333252e-12
28873.412 38.637 -44.105 9.1984794e-12 2.01577563e-12 -2.01577563e-12
28960.55 49.284 -48.501 7.4111004e-12 1.66454442e-12 -1.66454442e-12
29040.797 19.184 -30.962 1.4483812200000002e-11 3.2458664700000003e-12 -3.2458664700000003e-12
29114.475 40.783 -54.495 7.978261500000001e-12 1.7502276000000001e-12 -1.7502276000000001e-12
29208.519 54.554 -53.26 6.7354419e-12 1.5094332000000002e-12 -1.5094332000000002e-12
29337.639 55.815 -74.566 5.5508607000000004e-12 1.24812006e-12 -1.24812006e-12
29466.39 69.966 -72.937 6.320869500000001e-12 1.2731957700000002e-12 -1.2731957700000002e-12
32972.527 64.042 -165.469 6.1167282000000005e-12 1.3843467e-12 -1.3843467e-12
33084.695 47.152 -48.126 7.600919700000001e-12 1.70987256e-12 -1.70987256e-12
33167.24 42.334 -35.393 9.823152900000002e-12 2.1559022100000003e-12 -2.1559022100000003e-12
33271.617 63.322 -62.043 5.830255200000001e-12 1.3099706400000002e-12 -1.3099706400000002e-12
33400.996 41.758 -66.057 6.7191168e-12 1.51150593e-12 -1.51150593e-12
33510.927 74.743 -68.174 5.120646300000001e-12 1.1533117200000002e-12 -1.1533117200000002e-12
33637.806 63.201 -52.136 6.327281400000001e-12 1.4199332400000002e-12 -1.4199332400000002e-12
33769.314 57.058 -68.308 5.791731e-12 1.2997479e-12 -1.2997479e-12
33877.759 48.906 -51.387 7.2488427e-12 1.6247886600000001e-12 -1.6247886600000001e-12
34013.262 78.885 -86.598 4.3830204e-12 9.8598687e-13 -9.8598687e-13
34159.68 95.443 -67.533 4.434163800000001e-12 9.9990462e-13 -9.9990462e-13
34292.349 43.007 -37.227 9.0603678e-12 2.03083221e-12 -2.03083221e-12
34382.324 55.833 -46.967 7.438797300000001e-12 1.6363647300000003e-12 -1.6363647300000003e-12
34497.31 53.676 -59.153 6.4562916e-12 1.45942566e-12 -1.45942566e-12
34589.588 61.69 -38.602 7.2768795e-12 1.6350048000000001e-12 -1.6350048000000001e-12
34754.147 95.209 -102.869 3.6641946000000006e-12 8.3130399e-13 -8.3130399e-13
34918.039 51.669 -68.682 6.1243182000000005e-12 1.37438532e-12 -1.37438532e-12
35035.252 59.821 -65.544 5.798941500000001e-12 1.30450683e-12 -1.30450683e-12
35140.73 42.099 -45.657 8.6544579e-12 1.901592e-12 -1.901592e-12
35252.381 68.338 -69.552 5.2515969000000006e-12 1.1828058e-12 -1.1828058e-12
38552.942 83.922 -116.662 3.9744309000000006e-12 8.735789700000001e-13 -8.735789700000001e-13
38726.914 75.433 -90.049 4.821927e-12 1.05439884e-12 -1.05439884e-12
38861.999 98.308 -59.652 4.7800731000000004e-12 1.07582475e-12 -1.07582475e-12
39044.9 90.919 -84.592 4.3002102e-12 9.7098936e-13 -9.7098936e-13
39249.868 66.478 -114.048 4.2112026e-12 9.4676406e-13 -9.4676406e-13
39379.427 74.821 -63.081 5.7529065e-12 1.2631786200000002e-12 -1.2631786200000002e-12
39557.143 87.661 -102.895 3.9696558e-12 8.9439999e-13 -8.9439999e-13
39701.452 63.702 -56.649 6.2844969e-12 1.4159557500000001e-12 -1.4159557500000001e-12
39849.483 111.242 -84.329 3.8664153e-12 8.711392800000001e-13 -8.711392800000001e-13
40036.431 47.153 -75.705 6.1896318e-12 1.3855393200000001e-12 -1.3855393200000001e-12
40174.313 72.246 -90.729 4.6447302e-12 1.0442295600000001e-12 -1.0442295600000001e-12
40323.141 63.827 -76.582 5.3577579e-12 1.2097836300000002e-12 -1.2097836300000002e-12
40444.868 80.003 -57.9 5.4666282e-12 1.2316821e-12 -1.2316821e-12
40602.941 77.383 -78.07 4.8840066e-12 1.0968328800000002e-12 -1.0968328800000002e-12
40767.436 60.82 -87.111 5.0907945e-12 1.15075752e-12 -1.15075752e-12
40968.234 135.813 -139.978 4.9317147000000005e-12 8.279106000000001e-13 -8.279106000000001e-13
44348.969 97.762 -95.3 4.8926064e-12 1.0773820200000001e-12 -1.0773820200000001e-12
44553.117 96.707 -106.385 4.2925377e-12 9.6244764e-13 -9.6244764e-13
44748.204 124.77 -98.381 3.1380119100000002e-12 7.871684700000001e-13 -7.871684700000001e-13
44988.532 107.593 -115.558 3.9013029e-12 8.8010604e-13 -8.8010604e-13
45237.862 119.024 -141.737 2.5128292200000004e-12 6.5651586e-13 -6.5651586e-13
45490.585 122.047 -133.699 3.2665980600000004e-12 7.542480000000001e-13 -7.542480000000001e-13
45730.687 118.648 -118.056 5.4202071e-12 1.21694034e-12 -1.21694034e-12
46007.38 197.085 -158.045 4.4251152000000005e-12 9.9759297e-13 -9.9759297e-13
46427.816 163.44 -223.35 4.4421729e-12 1.0028073000000001e-12 -1.0028073000000001e-12
46753.472 136.165 -162.217 6.4534998e-12 1.3792878000000002e-12 -1.3792878000000002e-12
50118.617 82.715 -105.27 4.421369700000001e-12 9.761400000000001e-13 -9.761400000000001e-13
50259.365 54.796 -58.033 6.5499093e-12 1.47275502e-12 -1.47275502e-12
50430.231 76.993 -116.07 3.7776123e-12 8.5224579e-13 -8.5224579e-13
50587.653 112.634 -80.429 3.18929523e-12 7.816601100000001e-13 -7.816601100000001e-13
50795.611 87.71 -95.324 2.97940962e-12 7.749990600000001e-13 -7.749990600000001e-13
50974.977 81.348 -91.657 3.1440241800000004e-12 8.214818700000001e-13 -8.214818700000001e-13
51185.208 206.097 -128.883 3.6510276e-12 8.246089500000001e-13 -8.246089500000001e-13
51558.965 233.808 -167.659 3.919383600000001e-12 8.802981000000001e-13 -8.802981000000001e-13
52203.549 471.233 -410.776 4.587264e-12 7.605117300000001e-13 -7.605117300000001e-13
56000.97 87.184 -166.434 4.9565307000000005e-12 1.1167084500000001e-12 -1.1167084500000001e-12
56200.693 85.539 -112.539 3.0569583e-12 7.9656126e-13 -7.9656126e-13
56380.906 193.667 -94.674 2.52921141e-12 6.0254601e-13 -6.0254601e-13
56697.92 165.802 -123.347 4.152980700000001e-12 9.382527000000001e-13 -9.382527000000001e-13
57399.077 793.466 -535.355 1.9440557400000004e-12 4.1048601000000005e-13 -4.1048601000000005e-13
71456.933 2639.833 -1905.793 2.6626809000000002e-12 7.0304421e-13 -7.0304421e-13
74308.621 219.4 -211.855 1.8059573400000001e-12 4.0046061000000007e-13 -4.0046061000000007e-13
79891.936 82.844 -130.278 2.65309308e-12 6.9139653e-13 -6.9139653e-13
80107.77 180.421 -132.991 2.1748085700000002e-12 5.181778799999999e-13 -5.181778799999999e-13
85725.297 104.756 -153.498 2.16867684e-12 5.657523300000001e-13 -5.657523300000001e-13
85946.848 161.513 -116.796 2.7000039e-12 6.0927801e-13 -6.0927801e-13
91599.382 269.051 -262.496 1.46828814e-12 3.3181104000000004e-13 -3.3181104000000004e-13
99481.381 3874.166 -2388.101 1.27504542e-12 2.2723116900000002e-13 -2.2723116900000002e-13
288126.17 6301.205 -4833.473 5.3691759e-13 1.23261567e-13 -1.23261567e-13
322039.926 7727.351 -4987.315 3.5243835000000007e-13 9.127265400000001e-14 -9.127265400000001e-14
339114.987 2653.654 -4541.963 2.8967598000000003e-13 6.878965500000001e-14 -6.878965500000001e-14
350268.267 3138.188 -4116.103 2.12765718e-13 5.5718388e-14 -5.5718388e-14
363112.686 7634.683 -5438.616 2.2106030100000003e-13 5.2165872000000005e-14 -5.2165872000000005e-14
382312.885 5773.886 -7240.547 1.7852940600000002e-13 4.2486708000000003e-14 -4.2486708000000003e-14
398523.833 12124.739 -6110.365 2.2761453e-13 4.374447e-14 -4.374447e-14
517704.336 14382.887 -15373.707 1.36389528e-13 3.4081872e-14 -3.4081872e-14
551259.318 15507.476 -14246.04 1.38266931e-13 3.5137113000000005e-14 -3.5137113000000005e-14
575481.033 8566.077 -3788.055 2.79055986e-13 7.4982831e-14 -7.4982831e-14
855921.222 40422.237 -34888.97 7.062547800000002e-14 1.65081576e-14 -1.65081576e-14
1576387.923 303117.099 -120529.97 1.0989214500000002e-14 6.034116e-15 -4.6743972e-15
