col1 col2 col3 col4 col5 col6
170.786 0.298 -0.311 1.3049982000000002e-08 2.5167172800000003e-09 -3.8503971000000006e-09
171.357 0.303 -0.274 1.3726234500000002e-08 2.97556644e-09 -3.9420645000000005e-09
172.067 0.463 -0.407 8.957064600000001e-09 2.57805933e-09 -1.9970583600000003e-09
172.945 0.378 -0.415 9.8206482e-09 3.7111272e-09 -1.4248779600000002e-09
173.773 0.39 -0.45 9.3675945e-09 3.25706205e-09 -1.51503561e-09
174.56 0.603 -0.397 7.7936628e-09 2.0294122200000003e-09 -1.93694589e-09
175.548 0.445 -0.385 9.379161000000001e-09 1.7940377400000002e-09 -2.8701816000000002e-09
176.383 0.402 -0.39 9.843141e-09 2.18022189e-09 -2.2841362500000004e-09
177.23 0.455 -0.445 8.574126e-09 3.17696016e-09 -2.33741541e-09
178.016 0.273 -0.33 1.3165204800000002e-08 1.06946862e-08 -2.1990068100000003e-09
178.701 0.298 -0.412 1.0977446700000001e-08 5.1156765e-09 -2.75640387e-09
179.391 0.438 -0.393 9.3792105e-09 2.4726160800000004e-09 -1.8736136100000003e-09
180.134 0.27 -0.305 1.36889775e-08 3.907902900000001e-09 -2.2992301200000003e-09
180.763 0.28 -0.359 1.19107065e-08 3.16265301e-09 -2.2272211500000005e-09
181.461 0.302 -0.418 8.353210800000001e-09 1.6035666900000002e-09 -2.45900787e-09
182.113 0.37 -0.349 8.373875400000001e-09 1.38729921e-09 -1.7776027500000002e-09
182.818 0.366 -0.335 8.6677668e-09 1.2079656600000002e-09 -1.1249703300000001e-09
183.546 0.364 -0.363 8.4282627e-09 1.14513003e-09 -1.0472170500000001e-09
184.313 0.356 -0.402 8.0167296e-09 1.0513780200000002e-09 -1.0039946400000002e-09
185.065 0.385 -0.396 7.8525843e-09 1.00007094e-09 -9.726334200000001e-10
185.842 0.337 -0.392 8.485887300000001e-09 1.0996253400000002e-09 -1.0381549200000002e-09
186.597 0.422 -0.417 7.2353853e-09 9.565475700000001e-10 -9.0690006e-10
187.361 0.317 -0.342 9.2300307e-09 1.3033369800000002e-09 -1.15550094e-09
188.245 0.347 -0.568 6.644295900000001e-09 9.263063700000001e-10 -8.320567200000001e-10
188.956 0.352 -0.365 8.633285100000002e-09 1.13788257e-09 -1.05665208e-09
189.692 0.389 -0.384 8.0166141e-09 1.01804505e-09 -9.8160744e-10
190.411 0.298 -0.33 9.492892200000001e-09 1.2445530900000001e-09 -1.21978263e-09
191.104 0.388 -0.395 7.7616e-09 9.874286400000001e-10 -9.721516200000002e-10
191.878 0.459 -0.386 7.185875400000001e-09 8.9499135e-10 -8.789365200000001e-10
192.628 0.306 -0.291 1.0018001400000001e-08 1.2631113e-09 -1.24058352e-09
193.341 0.31 -0.407 7.242737700000001e-09 9.119553300000001e-10 -9.067862100000001e-10
193.945 0.214 -0.293 6.938246700000001e-09 8.7161481e-10 -8.859279e-10
194.464 0.319 -0.306 5.7434058e-09 7.0776717e-10 -7.1707944e-10
195.107 0.357 -0.324 5.0617974e-09 6.612899700000001e-10 -6.651552600000001e-10
195.728 0.241 -0.264 7.068266700000001e-09 9.079468200000001e-10 -9.0236058e-10
196.225 0.246 -0.256 7.1487075e-09 8.969304300000001e-10 -8.9623413e-10
196.757 0.28 -0.286 6.0356967e-09 8.0188218e-10 -8.038440300000002e-10
197.297 0.242 -0.26 7.4687976e-09 9.4098708e-10 -9.214467900000001e-10
197.789 0.253 -0.25 6.986934900000001e-09 9.2573514e-10 -9.025318500000001e-10
198.306 0.265 -0.264 6.824000700000001e-09 9.108815100000001e-10 -8.6895501e-10
198.823 0.259 -0.252 9.301013700000001e-09 1.16256063e-09 -1.0566481200000002e-09
199.341 0.242 -0.259 7.1186676e-09 9.857350800000002e-10 -9.2164413e-10
199.922 0.287 -0.339 5.672205e-09 7.723851300000001e-10 -7.291653600000001e-10
200.481 0.28 -0.271 6.4407057e-09 9.0596715e-10 -8.344686900000001e-10
201.008 0.258 -0.247 7.0303497000000006e-09 1.02507537e-09 -9.181949700000001e-10
201.561 0.255 -0.294 6.524136300000001e-09 9.224829900000001e-10 -8.376591300000001e-10
202.075 0.264 -0.259 6.857050200000001e-09 9.538432200000002e-10 -8.769363900000001e-10
202.579 0.261 -0.24 7.9338204e-09 1.07563566e-09 -9.7591989e-10
203.087 0.255 -0.246 8.1853827e-09 1.12696551e-09 -1.0043652300000002e-09
203.611 0.235 -0.268 7.973991300000001e-09 1.11952203e-09 -9.827086500000002e-10
204.065 0.285 -0.219 6.986934900000001e-09 1.036959e-09 -9.254355000000001e-10
204.569 0.296 -0.22 8.088969900000001e-09 1.1145928200000001e-09 -9.8092104e-10
205.165 0.268 -0.299 6.2145138e-09 9.2211438e-10 -8.161913100000001e-10
205.702 0.249 -0.269 6.812463900000001e-09 1.1534377800000001e-09 -9.125985000000001e-10
206.189 0.264 -0.238 8.3011599e-09 1.42661376e-09 -1.03527534e-09
206.696 0.263 -0.244 7.023225e-09 1.25401947e-09 -9.2991492e-10
207.206 0.267 -0.247 7.8564849e-09 1.2016976400000001e-09 -9.961129200000002e-10
207.715 0.264 -0.241 7.363583700000001e-09 1.13733279e-09 -9.8581494e-10
208.267 0.302 -0.288 6.0289416e-09 9.418411200000002e-10 -8.0790468e-10
208.844 0.256 -0.275 6.6524403e-09 1.0650796200000002e-09 -8.981979600000001e-10
209.349 0.28 -0.25 6.5880936e-09 1.0798530600000001e-09 -8.9802801e-10
209.893 0.24 -0.263 7.253964300000001e-09 1.1386758900000001e-09 -9.7339209e-10
210.43 0.256 -0.297 6.3127053e-09 1.01246409e-09 -8.6182107e-10
210.97 0.222 -0.283 7.4690154e-09 1.1858157300000002e-09 -9.724034100000002e-10
211.457 0.263 -0.265 6.6103983000000005e-09 1.1450283900000002e-09 -8.9701953e-10
211.946 0.282 -0.225 7.165633200000001e-09 1.2727710600000001e-09 -9.455328300000001e-10
212.523 0.266 -0.296 6.273514500000001e-09 1.11673485e-09 -8.368971600000001e-10
213.087 0.267 -0.297 6.072211200000001e-09 1.0569632700000001e-09 -8.3575338e-10
213.605 0.277 -0.252 7.752759300000001e-09 1.3009896900000001e-09 -9.7873446e-10
214.136 0.258 -0.255 6.6836484e-09 1.12899468e-09 -9.1860945e-10
214.616 0.284 -0.222 7.8894618e-09 1.18656153e-09 -9.849912600000002e-10
215.134 0.274 -0.235 7.265237100000001e-09 1.2436627500000003e-09 -9.398584800000002e-10
215.631 0.279 -0.223 8.2773405e-09 1.1990741400000001e-09 -1.0051331400000002e-09
216.17 0.26 -0.26 7.5909438e-09 1.08591186e-09 -9.4417455e-10
216.677 0.256 -0.248 8.767931700000001e-09 1.22961927e-09 -1.0426152e-09
217.208 0.227 -0.274 7.3838028e-09 1.1027227200000002e-09 -9.690060600000002e-10
217.685 0.253 -0.25 1.00817145e-08 1.33306569e-09 -1.12111362e-09
218.195 0.245 -0.257 7.375935600000001e-09 1.07933463e-09 -9.485543100000002e-10
218.713 0.23 -0.273 7.9067736e-09 1.12578576e-09 -9.8743062e-10
219.203 0.244 -0.259 6.830165100000001e-09 1.00992243e-09 -9.036069900000001e-10
219.68 0.268 -0.233 8.6947179e-09 1.18182207e-09 -1.02830046e-09
220.175 0.275 -0.226 6.7206348000000005e-09 1.00701414e-09 -9.0854313e-10
220.71 0.251 -0.259 6.8008479e-09 1.03495887e-09 -8.984256600000001e-10
221.253 0.272 -0.292 6.0380661000000004e-09 9.220143900000001e-10 -8.140047300000002e-10
221.768 0.259 -0.243 7.442895900000001e-09 1.0814014200000001e-09 -9.475428600000001e-10
222.348 0.317 -0.322 5.489451000000001e-09 8.487085200000001e-10 -7.157264400000001e-10
222.98 0.228 -0.315 6.495888300000001e-09 1.03150542e-09 -8.5353279e-10
223.444 0.275 -0.235 6.8007984e-09 1.00231626e-09 -8.9128875e-10
223.97 0.252 -0.251 7.2087378e-09 1.0260336900000001e-09 -9.206508300000001e-10
224.492 0.25 -0.269 6.619691100000001e-09 9.7200246e-10 -8.740818900000001e-10
224.986 0.301 -0.244 6.378606300000001e-09 9.3408084e-10 -8.3414958e-10
225.655 0.32 -0.369 5.084923800000001e-09 7.372127400000001e-10 -6.6303204e-10
226.277 0.252 -0.303 6.4849059000000004e-09 9.292585500000001e-10 -8.429668500000001e-10
226.801 0.33 -0.272 6.0439698000000005e-09 8.505014100000001e-10 -7.750083000000001e-10
227.406 0.344 -0.275 5.9016705000000005e-09 8.281412700000001e-10 -7.5908448e-10
228.113 0.337 -0.362 4.999038e-09 7.2318279e-10 -6.6993861e-10
228.739 0.255 -0.289 6.6120615000000005e-09 9.209336400000001e-10 -8.5386708e-10
229.333 0.317 -0.339 5.5362120000000005e-09 7.614050400000001e-10 -7.0629009e-10
230.002 0.364 -0.351 4.9843794e-09 7.167774900000001e-10 -6.5455533e-10
230.777 0.319 -0.412 4.92294e-09 6.7683594e-10 -6.3412338e-10
231.354 0.27 -0.257 6.8354880000000005e-09 9.4608096e-10 -8.8162668e-10
232.006 0.313 -0.382 5.2247118e-09 7.1050287e-10 -6.650272200000001e-10
232.716 0.4 -0.397 4.5162744e-09 6.454410600000001e-10 -5.8683438e-10
233.384 0.245 -0.268 7.025346900000001e-09 9.844107900000001e-10 -9.084296100000001e-10
234.034 0.375 -0.406 4.6338237e-09 6.424994400000001e-10 -6.002066400000001e-10
234.778 0.53 -0.369 3.9289965000000005e-09 5.253362400000001e-10 -5.135328e-10
235.743 0.378 -0.436 4.3416648e-09 5.9616051e-10 -5.7017928e-10
236.483 0.415 -0.362 4.7491422e-09 6.323499600000001e-10 -6.0199359e-10
237.242 0.367 -0.343 5.200331400000001e-09 7.0441635e-10 -6.744474e-10
237.986 0.414 -0.378 4.708324500000001e-09 6.3668517e-10 -6.0447948e-10
238.757 0.326 -0.357 5.4562992000000004e-09 7.590485100000001e-10 -7.0452459e-10
239.536 0.383 -0.453 4.4579568e-09 5.850075000000001e-10 -5.692836600000001e-10
240.275 0.295 -0.356 5.779986300000001e-09 7.4261847e-10 -7.2795855e-10
240.985 0.391 -0.415 4.5804264000000006e-09 5.9268363e-10 -5.891037900000001e-10
241.715 0.389 -0.339 5.172195600000001e-09 6.6901626e-10 -6.521667900000001e-10
242.403 0.283 -0.299 6.4073559e-09 8.301123600000001e-10 -8.1616161e-10
242.995 0.344 -0.309 5.6538108e-09 7.257327000000001e-10 -7.260287100000001e-10
243.664 0.317 -0.325 5.8603050000000005e-09 7.328524500000001e-10 -7.3421436e-10
244.36 0.384 -0.379 4.9311768e-09 6.150602700000001e-10 -6.174643200000001e-10
245.064 0.302 -0.319 5.8874739000000006e-09 7.606186500000001e-10 -7.6436613e-10
245.68 0.327 -0.315 5.6915925000000006e-09 7.322742900000001e-10 -7.382354100000001e-10
246.319 0.411 -0.311 5.1105648000000005e-09 6.479022000000001e-10 -6.5441475e-10
247.079 0.371 -0.349 5.2626486e-09 6.524073600000001e-10 -6.5806521e-10
247.956 0.343 -0.505 4.5521982e-09 5.609475300000001e-10 -5.7018654e-10
248.611 0.312 -0.312 6.0946116000000004e-09 7.551865200000001e-10 -7.682591400000001e-10
249.228 0.35 -0.304 5.7568038e-09 7.244410800000001e-10 -7.355568e-10
249.893 0.327 -0.315 5.9576451e-09 7.4821758e-10 -7.568599500000001e-10
250.54 0.323 -0.319 5.8683405e-09 7.4151429e-10 -7.507800300000001e-10
251.287 0.34 -0.425 5.097906e-09 6.2270307e-10 -6.317001900000001e-10
252.097 0.408 -0.469 4.381146000000001e-09 5.370189e-10 -5.460414300000001e-10
252.938 0.387 -0.434 4.640291700000001e-09 5.759569200000001e-10 -5.8542231e-10
253.8 0.402 -0.475 4.3390809e-09 5.3704332e-10 -5.465163000000001e-10
254.716 0.418 -0.514 4.1438991e-09 5.0884647e-10 -5.1778287e-10
255.605 0.447 -0.471 4.1857794e-09 5.113812e-10 -5.2038162e-10
256.404 0.355 -0.351 5.4404625000000004e-09 6.6465861e-10 -6.765363000000001e-10
257.291 0.395 -0.532 4.066223700000001e-09 5.096374800000001e-10 -5.180785500000001e-10
257.993 0.313 -0.307 6.0270012e-09 7.458095700000001e-10 -7.584492300000001e-10
258.703 0.378 -0.396 4.8442910999999996e-09 5.9188899e-10 -6.021836700000001e-10
259.461 0.361 -0.381 5.0534055e-09 6.1739403e-10 -6.283312200000001e-10
260.157 0.363 -0.334 5.324173800000001e-09 6.5877471e-10 -6.704695800000001e-10
260.974 0.409 -0.454 4.3448988e-09 5.308261200000001e-10 -5.4084987e-10
261.71 0.34 -0.328 5.565648e-09 6.886638e-10 -7.007946e-10
262.419 0.291 -0.369 5.625747600000001e-09 6.9610695e-10 -7.0805064e-10
263.044 0.332 -0.334 5.526427500000001e-09 6.9257859e-10 -7.041823800000001e-10
263.692 0.357 -0.317 5.506802400000001e-09 6.814140300000001e-10 -6.9302871e-10
264.314 0.285 -0.265 6.6889449e-09 8.382722700000001e-10 -8.5282923e-10
264.913 0.279 -0.313 6.2675019e-09 7.754808600000001e-10 -7.894359000000001e-10
265.478 0.229 -0.287 7.127244300000001e-09 8.932007700000001e-10 -9.0916881e-10
265.976 0.289 -0.268 6.6681087000000005e-09 8.253316500000001e-10 -8.4104592e-10
266.608 0.293 -0.344 5.7734688e-09 7.2364149e-10 -7.369157400000001e-10
267.179 0.231 -0.278 8.546534700000001e-09 9.8254794e-10 -1.00280532e-09
267.671 0.244 -0.261 8.195170500000001e-09 9.5441742e-10 -9.7516155e-10
268.141 0.287 -0.226 8.955021900000002e-09 9.9263736e-10 -1.0160327100000001e-09
268.646 0.283 -0.218 9.290572500000001e-09 1.05588615e-09 -1.0783555199999999e-09
269.189 0.243 -0.259 8.4554811e-09 9.9451473e-10 -1.01556642e-09
269.748 0.283 -0.317 9.723925200000001e-09 1.3290954600000001e-09 -1.2341854800000002e-09
270.269 0.285 -0.238 1.20445545e-08 1.55892165e-09 -1.47115056e-09
270.822 0.282 -0.268 1.11245739e-08 1.44294315e-09 -1.3804434600000002e-09
271.349 0.263 -0.245 1.3217229300000002e-08 1.6436765400000002e-09 -1.55208867e-09
271.869 0.316 -0.256 1.0576080900000001e-08 1.39688769e-09 -1.32760089e-09
272.416 0.272 -0.23 1.20331794e-08 1.6295277900000001e-09 -1.5343412700000002e-09
272.951 0.243 -0.264 1.27450422e-08 1.6839810900000001e-09 -1.55639451e-09
273.46 0.261 -0.266 1.15050771e-08 1.57751517e-09 -1.4414690400000003e-09
274.008 0.217 -0.287 1.31747352e-08 1.7539255800000001e-09 -1.5534598200000002e-09
274.486 0.245 -0.262 1.26759072e-08 1.7403629100000001e-09 -1.53969156e-09
274.974 0.259 -0.242 1.2924153000000001e-08 1.72765527e-09 -1.55259456e-09
275.54 0.266 -0.307 1.04770248e-08 1.4148585e-09 -1.33030557e-09
276.063 0.26 -0.257 1.25926317e-08 1.6715364600000002e-09 -1.51956585e-09
276.6 0.231 -0.276 1.23125211e-08 1.70152983e-09 -1.5180475200000003e-09
277.123 0.27 -0.292 1.08780441e-08 1.5278250900000001e-09 -1.34535918e-09
277.68 0.257 -0.287 1.09201752e-08 1.5051029400000002e-09 -1.40195253e-09
278.18 0.282 -0.242 1.14357045e-08 1.5913326000000001e-09 -1.44964842e-09
278.714 0.261 -0.251 1.20466401e-08 1.68378804e-09 -1.4718887700000003e-09
279.225 0.282 -0.25 1.1389788300000002e-08 1.60091778e-09 -1.4259382500000002e-09
279.794 0.239 -0.288 1.1613284100000002e-08 1.59687594e-09 -1.4365470900000002e-09
280.326 0.259 -0.292 1.12314213e-08 1.5283148100000002e-09 -1.38951714e-09
280.86 0.269 -0.275 1.1463648900000002e-08 1.57482336e-09 -1.41805455e-09
281.392 0.321 -0.263 1.0694455200000001e-08 1.50572994e-09 -1.32260634e-09
281.955 0.266 -0.242 1.3118424000000002e-08 1.7944122900000003e-09 -1.5570977400000002e-09
282.497 0.28 -0.275 1.13480334e-08 1.5942144900000002e-09 -1.3864913700000001e-09
283.1 0.305 -0.323 9.752516400000001e-09 1.39283925e-09 -1.23591699e-09
283.782 0.327 -0.377 8.940558e-09 1.2181567200000001e-09 -1.09264386e-09
284.451 0.347 -0.342 8.895836400000002e-09 1.2405290700000003e-09 -1.1276469600000002e-09
285.126 0.358 -0.329 9.003258e-09 1.2795515700000002e-09 -1.12705989e-09
285.835 0.391 -0.351 8.334110400000001e-09 1.16207883e-09 -1.0436827500000001e-09
286.547 0.338 -0.321 9.3925755e-09 1.3321344300000001e-09 -1.17587415e-09
287.291 0.49 -0.407 6.959950800000001e-09 9.8350659e-10 -8.607195300000001e-10
288.164 0.288 -0.383 9.3912357e-09 1.29762831e-09 -1.1475479400000002e-09
288.701 0.278 -0.249 7.2122424e-09 9.1932819e-10 -9.199707000000001e-10
289.321 0.32 -0.342 5.6299386e-09 7.2814104e-10 -7.281492900000001e-10
289.982 0.296 -0.341 5.907201300000001e-09 7.541552700000001e-10 -7.546915200000001e-10
290.626 0.287 -0.349 5.866380300000001e-09 7.5718005e-10 -7.5827301e-10
291.19 0.284 -0.278 6.7570008e-09 8.4220686e-10 -8.499070800000001e-10
291.718 0.276 -0.243 7.172253000000001e-09 9.1957272e-10 -9.2521341e-10
292.368 0.335 -0.373 5.364856200000001e-09 6.7967064e-10 -6.7821303e-10
293.046 0.365 -0.343 5.210667e-09 6.763564500000001e-10 -6.8036859e-10
293.676 0.245 -0.265 7.5194295e-09 9.4602354e-10 -9.546834000000001e-10
294.293 0.44 -0.372 4.5927948e-09 5.8737063e-10 -5.919800700000001e-10
295.057 0.307 -0.324 6.014685600000001e-09 7.5784236e-10 -7.591214400000001e-10
295.688 0.291 -0.324 6.1449894000000005e-09 7.819746000000001e-10 -7.8689292e-10
296.345 0.339 -0.366 5.2369944e-09 6.904174200000001e-10 -6.869702400000001e-10
296.999 0.364 -0.315 5.4825507e-09 7.1534529e-10 -7.109110800000001e-10
297.635 0.284 -0.271 6.8437677e-09 8.781910500000001e-10 -8.6829798e-10
298.237 0.328 -0.318 5.7695187e-09 7.631306100000001e-10 -7.511123400000001e-10
298.956 0.384 -0.391 4.897282500000001e-09 6.412451100000001e-10 -6.2510514e-10
299.765 0.387 -0.424 4.5480633e-09 6.040821600000001e-10 -5.8329315e-10
300.621 0.495 -0.469 3.7965411e-09 4.8858414e-10 -4.822108500000001e-10
301.541 0.406 -0.425 4.4062821e-09 5.6505438e-10 -5.5894476e-10
302.451 0.401 -0.504 3.965286600000001e-09 5.249574e-10 -5.1635265e-10
303.288 0.415 -0.435 4.263623100000001e-09 5.628258900000001e-10 -5.501001e-10
304.207 0.447 -0.505 3.846216e-09 5.0432547e-10 -4.9122744e-10
305.069 0.491 -0.414 4.0039461e-09 5.276304e-10 -5.1642723e-10
306.066 0.477 -0.506 3.6762462e-09 5.0203923e-10 -4.8495744e-10
306.962 0.368 -0.42 3.11977776e-09 4.912525200000001e-10 -4.8043083e-10
307.851 0.522 -0.52 3.5115333000000004e-09 4.6505250000000003e-10 -4.4988702e-10
308.789 0.351 -0.416 3.23213517e-09 5.112105900000001e-10 -5.0072418e-10
309.62 0.384 -0.48 2.8031675100000002e-09 4.4026389e-10 -4.366672200000001e-10
310.46 0.313 -0.456 3.2156846700000005e-09 4.972911900000001e-10 -4.922996100000001e-10
311.165 0.448 -0.392 2.94596346e-09 4.5800040000000005e-10 -4.5170730000000005e-10
312.098 0.427 -0.486 2.7105493800000005e-09 4.1825982000000004e-10 -4.1472057000000005e-10
313.192 0.457 -0.667 2.16875208e-09 3.3941358e-10 -3.3752961000000004e-10
314.115 0.522 -0.465 2.46969162e-09 3.9084804000000006e-10 -3.8560731000000004e-10
315.197 0.611 -0.56 2.11320912e-09 3.24756201e-10 -3.2293370999999997e-10
316.215 0.481 -0.407 2.7468487200000004e-09 4.3192116000000004e-10 -4.280331000000001e-10
317.228 0.424 -0.533 2.5845501e-09 3.9544725e-10 -3.9450609e-10
318.208 0.728 -0.555 1.9010422200000003e-09 3.00508197e-10 -2.9671313100000003e-10
319.491 0.607 -0.555 2.0990125200000002e-09 3.3017787e-10 -3.2712655800000003e-10
320.602 0.5 -0.505 2.4756441600000003e-09 3.8347683e-10 -3.7918947e-10
321.938 1.029 -0.836 1.3562415900000001e-09 2.094576e-10 -2.0758419e-10
323.649 0.733 -0.681 1.8275858700000003e-09 2.77813635e-10 -2.7633988800000004e-10
325.018 0.607 -0.637 2.00441076e-09 3.16129539e-10 -3.1264487100000005e-10
326.54 0.745 -0.915 1.50167655e-09 2.33112165e-10 -2.33131206e-10
328.233 0.844 -0.948 1.3913344500000002e-09 2.1825351900000002e-10 -2.1666249e-10
330.027 0.873 -0.951 1.34711577e-09 2.1523121400000003e-10 -2.1368014800000001e-10
332.072 1.073 -1.172 1.09926135e-09 1.68420846e-10 -1.6996257300000003e-10
334.043 0.967 -0.897 1.3208708700000002e-09 2.04063717e-10 -2.04779982e-10
336.025 1.118 -1.015 1.18054233e-09 1.8133064400000002e-10 -1.8130629e-10
338.33 1.076 -1.187 1.10401731e-09 1.69325376e-10 -1.6861610700000002e-10
341.066 1.621 -1.66 7.594719000000001e-10 1.1603819700000001e-10 -1.1587323e-10
343.64 1.086 -0.953 1.1866717500000001e-09 1.8511904400000002e-10 -1.84492209e-10
345.767 1.059 -1.042 1.1681719500000001e-09 1.8288530700000004e-10 -1.7951894400000003e-10
347.718 1.0 -0.891 1.27935324e-09 2.03047251e-10 -1.99911525e-10
349.833 0.957 -1.115 1.16731824e-09 1.8442878300000003e-10 -1.8215003400000002e-10
352.209 1.289 -1.419 9.1527711e-10 1.4093032800000003e-10 -1.39946994e-10
354.928 1.649 -1.429 8.125788e-10 1.2633079800000003e-10 -1.262052e-10
358.096 1.204 -1.52 9.1819992e-10 1.4206176600000002e-10 -1.42403349e-10
360.795 1.635 -1.495 7.991864100000001e-10 1.23548832e-10 -1.23915264e-10
364.761 1.93 -2.331 5.9189823e-10 9.003122700000002e-11 -9.017946300000001e-11
368.178 2.314 -1.488 6.5290929e-10 1.01204202e-10 -1.0131594000000001e-10
372.426 2.493 -1.933 5.2742448e-10 8.8086801e-11 -8.817147900000001e-11
377.499 1.982 -2.58 5.381570700000001e-10 8.398625400000001e-11 -8.3675922e-11
381.443 2.341 -1.962 5.539069800000001e-10 9.016616400000002e-11 -8.949065400000001e-11
385.678 1.864 -1.894 6.544510500000001e-10 1.0280457e-10 -1.01949474e-10
389.568 1.972 -2.026 6.244689000000001e-10 9.607587e-11 -9.545923200000001e-11
393.593 1.676 -2.053 6.599072700000001e-10 1.0332055800000001e-10 -1.02701742e-10
396.878 1.615 -1.609 7.911324300000001e-10 1.2165598500000002e-10 -1.20919755e-10
400.409 1.717 -1.916 6.9234462e-10 1.0697468100000001e-10 -1.0733339100000002e-10
403.972 1.717 -1.847 7.1603631e-10 1.0863943200000001e-10 -1.0900995600000001e-10
407.682 1.957 -1.993 6.504250500000001e-10 1.0066244100000001e-10 -1.0088403600000001e-10
411.811 1.559 -2.172 6.9122592e-10 1.06099422e-10 -1.06929966e-10
415.347 2.245 -1.977 5.9010039e-10 9.364297800000001e-11 -9.4575888e-11
420.244 2.587 -2.653 4.779505500000001e-10 7.3518885e-11 -7.3991214e-11
424.655 1.832 -1.824 6.948598800000001e-10 1.0541229600000001e-10 -1.0578107100000001e-10
429.535 2.729 -3.048 4.4531058000000004e-10 6.8530704e-11 -6.8947989e-11
434.481 1.548 -2.217 6.9605151e-10 1.05700353e-10 -1.0599692400000002e-10
438.511 2.537 -2.482 5.0967378e-10 7.7595243e-11 -7.767368400000001e-11
444.574 3.028 -3.526 3.7353162000000003e-10 5.8230942e-11 -5.8790358e-11
450.162 3.259 -2.56 3.2370525000000005e-10 5.7291399e-11 -5.7676971000000004e-11
455.78 3.566 -2.359 4.3063911000000004e-10 6.519905700000001e-11 -6.551721e-11
462.781 3.8 -3.436 3.5013198000000004e-10 5.3240418000000004e-11 -5.3339913e-11
469.841 2.49 -3.26 2.8344148800000004e-10 5.419154400000001e-11 -5.4062085e-11
475.811 3.299 -3.48 3.574989e-10 5.5920051e-11 -5.562496500000001e-11
481.92 2.933 -2.81 2.7676073700000004e-10 5.3830425e-11 -5.410746000000001e-11
500.137 8.583 -8.969 1.7281694100000002e-10 3.6171762000000005e-11 -3.6171762000000005e-11
516.404 7.36 -7.684 1.8309954300000002e-10 4.0233666e-11 -4.0233666e-11
532.769 8.545 -9.006 1.4938275e-10 3.3598058999999997e-11 -3.3598058999999997e-11
551.426 14.961 -10.112 1.04630526e-10 2.3498409e-11 -2.3498409e-11
583.614 17.876 -17.226 1.0158802500000001e-10 1.9635066e-11 -1.9635066e-11
3890.679 23.974 -38.709 2.02034151e-11 4.5228612e-12 -4.5228612e-12
3944.69 35.154 -30.036 2.16384465e-11 4.6279530000000004e-12 -4.6279530000000004e-12
4008.887 23.61 -29.043 2.5553025300000003e-11 5.582286600000001e-12 -5.582286600000001e-12
4060.047 22.596 -27.55 2.5141224900000003e-11 5.628268800000001e-12 -5.628268800000001e-12
4127.288 38.097 -44.644 1.58826459e-11 3.4851003000000003e-12 -3.4851003000000003e-12
4202.713 27.862 -37.328 1.9225635e-11 4.318993800000001e-12 -4.318993800000001e-12
4262.08 36.192 -31.505 2.03872746e-11 4.3649661e-12 -4.3649661e-12
4328.049 47.949 -29.777 1.62132168e-11 3.6465033e-12 -3.6465033e-12
4406.414 42.297 -30.415 1.71164103e-11 3.8496414000000005e-12 -3.8496414000000005e-12
4481.789 44.648 -33.078 1.70685636e-11 3.7453251e-12 -3.7453251e-12
4570.605 36.066 -44.168 1.66477179e-11 3.6448929e-12 -3.6448929e-12
4642.137 37.246 -35.466 1.8275357100000002e-11 4.00125e-12 -4.00125e-12
4722.337 37.28 -42.954 1.59312549e-11 3.5914560000000002e-12 -3.5914560000000002e-12
4796.931 32.891 -37.314 1.8231503400000003e-11 4.0909044e-12 -4.0909044e-12
4861.49 38.537 -31.668 1.8454388700000002e-11 4.1409159e-12 -4.1409159e-12
4944.669 43.114 -44.642 1.6924363500000003e-11 3.5432496000000004e-12 -3.5432496000000004e-12
5020.945 44.564 -33.163 1.64906742e-11 3.700286700000001e-12 -3.700286700000001e-12
5111.818 41.447 -46.309 1.4550327e-11 3.27632085e-12 -3.27632085e-12
5238.662 82.594 -85.396 7.515730200000001e-12 1.7002609800000003e-12 -1.7002609800000003e-12
5379.045 65.069 -57.79 1.0487759700000002e-11 2.3505797700000003e-12 -2.3505797700000003e-12
5499.873 34.504 -55.759 1.4495025600000001e-11 3.1770931500000004e-12 -3.1770931500000004e-12
5575.474 29.108 -41.097 1.9219048200000002e-11 4.1939403e-12 -4.1939403e-12
5642.414 32.373 -37.832 1.81724928e-11 4.068207e-12 -4.068207e-12
5720.0 45.05 -45.213 1.4215555200000002e-11 3.1934911800000005e-12 -3.1934911800000005e-12
5804.509 28.238 -39.459 1.8753405000000004e-11 4.1982534e-12 -4.1982534e-12
5879.974 30.501 -47.226 1.63648452e-11 3.6763221e-12 -3.6763221e-12
5959.909 50.858 -49.435 1.2530034e-11 2.8181217900000003e-12 -2.8181217900000003e-12
6053.081 45.442 -42.314 1.4356996500000002e-11 3.2252652300000004e-12 -3.2252652300000004e-12
6143.332 55.484 -44.808 1.2400370400000001e-11 2.7954719100000004e-12 -2.7954719100000004e-12
6235.513 46.045 -36.697 1.52713077e-11 3.4306635000000002e-12 -3.4306635000000002e-12
6335.343 51.508 -53.786 1.72988574e-11 3.2277874200000002e-12 -3.2277874200000002e-12
9832.221 90.295 -200.324 9.152748e-12 2.07886437e-12 -2.07886437e-12
9994.791 53.092 -72.274 6.030004200000001e-12 1.3563623700000002e-12 -1.3563623700000002e-12
10090.843 49.81 -42.961 7.977354e-12 1.7986656600000003e-12 -1.7986656600000003e-12
10183.002 30.363 -42.349 1.01123055e-11 2.28003633e-12 -2.28003633e-12
10246.444 37.126 -33.079 1.0627732500000001e-11 2.3820621000000005e-12 -2.3820621000000005e-12
10327.927 30.863 -44.357 9.8309607e-12 2.20347699e-12 -2.20347699e-12
10385.46 25.983 -26.671 1.4719531200000003e-11 3.2265882e-12 -3.2265882e-12
10446.016 38.139 -34.573 1.00424973e-11 2.25623376e-12 -2.25623376e-12
10526.121 48.297 -41.966 8.2150662e-12 1.84786074e-12 -1.84786074e-12
10611.257 40.888 -36.839 9.5261133e-12 2.1351491700000003e-12 -2.1351491700000003e-12
10693.106 34.258 -40.962 1.17788352e-11 2.63694321e-12 -2.63694321e-12
10789.843 57.872 -62.479 1.0835916300000001e-11 2.4399338700000005e-12 -2.4399338700000005e-12
10916.166 104.555 -68.45 7.7224125e-12 1.74089223e-12 -1.74089223e-12
11116.899 74.319 -96.178 9.495888600000001e-12 2.13322494e-12 -2.13322494e-12
11265.68 98.542 -74.463 7.617555000000001e-12 1.7293636800000002e-12 -1.7293636800000002e-12
11418.808 50.722 -54.586 1.01647722e-11 2.2281134700000004e-12 -2.2281134700000004e-12
11511.377 40.895 -41.847 9.026720999999999e-12 2.0208236400000003e-12 -2.0208236400000003e-12
11606.272 43.785 -54.001 7.546004400000001e-12 1.6993845000000001e-12 -1.6993845000000001e-12
11715.967 39.398 -65.91 9.2656509e-12 2.0767698600000002e-12 -2.0767698600000002e-12
11806.111 39.518 -50.746 8.207004300000001e-12 1.8482442000000002e-12 -1.8482442000000002e-12
11902.624 53.326 -56.996 6.713345100000001e-12 1.50827787e-12 -1.50827787e-12
12032.565 136.507 -76.615 7.9009689e-12 1.50276951e-12 -1.50276951e-12
15576.419 51.705 -101.241 4.8851748e-12 1.0988637000000001e-12 -1.0988637000000001e-12
15714.184 71.901 -86.06 4.758369e-12 1.06779684e-12 -1.06779684e-12
15836.202 52.682 -50.118 7.294567500000001e-12 1.6388766900000002e-12 -1.6388766900000002e-12
15978.058 81.324 -89.173 4.3840764e-12 9.8732304e-13 -9.8732304e-13
16113.03 39.122 -53.648 8.5599657e-12 1.8742782300000004e-12 -1.8742782300000004e-12
16199.695 55.257 -47.543 7.711265100000002e-12 1.6884483e-12 -1.6884483e-12
16332.839 90.103 -77.887 7.063227600000001e-12 1.5904581000000002e-12 -1.5904581000000002e-12
16485.216 53.063 -62.273 8.7031329e-12 1.9599096e-12 -1.9599096e-12
16592.156 56.445 -53.877 6.896287200000001e-12 1.5438845400000002e-12 -1.5438845400000002e-12
16697.974 53.427 -49.373 7.406427600000001e-12 1.66005873e-12 -1.66005873e-12
16816.44 55.312 -65.039 6.299337e-12 1.41527727e-12 -1.41527727e-12
16916.118 30.854 -44.366 1.00800381e-11 2.2619998499999998e-12 -2.2619998499999998e-12
17014.498 60.347 -67.526 5.894945100000001e-12 1.3228485600000002e-12 -1.3228485600000002e-12
17175.939 79.433 -101.094 4.0981941e-12 9.3520548e-13 -9.3520548e-13
17306.743 51.429 -51.371 7.3214559e-12 1.64491767e-12 -1.64491767e-12
17444.627 63.985 -86.454 4.9653615e-12 1.11557226e-12 -1.11557226e-12
17578.618 72.911 -70.007 5.241677100000001e-12 1.1804604900000002e-12 -1.1804604900000002e-12
17789.278 163.118 -137.749 4.825095000000001e-12 7.778284800000001e-13 -7.778284800000001e-13
21347.024 71.507 -86.454 4.6683747000000005e-12 1.0512994800000001e-12 -1.0512994800000001e-12
21493.789 100.254 -75.258 4.1975241000000004e-12 9.430320900000002e-13 -9.430320900000002e-13
21670.724 128.919 -76.681 3.0498062100000002e-12 7.4587953e-13 -7.4587953e-13
21917.499 85.236 -117.856 3.9752691000000006e-12 8.576175300000001e-13 -8.576175300000001e-13
22102.934 110.415 -100.199 3.4809687000000003e-12 7.857620100000001e-13 -7.857620100000001e-13
22292.896 68.384 -79.547 4.959065100000001e-12 1.1247551700000001e-12 -1.1247551700000001e-12
22442.335 71.892 -81.054 4.8178713e-12 1.07857761e-12 -1.07857761e-12
22590.909 68.743 -76.682 5.0635398e-12 1.1362517100000002e-12 -1.1362517100000002e-12
22741.959 88.19 -82.307 4.3245048e-12 9.6926907e-13 -9.6926907e-13
22943.141 70.043 -112.992 3.0015668100000004e-12 7.8236301e-13 -7.8236301e-13
23108.229 90.495 -95.046 3.1891183500000003e-12 8.0199636e-13 -8.0199636e-13
23303.625 128.281 -104.9 2.34461568e-12 6.130687200000001e-13 -6.130687200000001e-13
23560.777 177.006 -128.871 3.4623732e-12 6.5086593e-13 -6.5086593e-13
27122.673 160.041 -128.299 1.92892425e-12 5.0366448e-13 -5.0366448e-13
27469.797 53.62 -187.082 2.31929478e-12 6.0189129e-13 -6.0189129e-13
27664.663 114.5 -141.246 2.18079246e-12 5.694301800000001e-13 -5.694301800000001e-13
27901.204 101.11 -122.041 2.5135166100000005e-12 6.583331700000001e-13 -6.583331700000001e-13
28107.46 112.991 -105.146 2.6123255400000002e-12 6.793218300000001e-13 -6.793218300000001e-13
28408.838 217.798 -188.388 1.4828272800000001e-12 3.8678673000000003e-13 -3.8678673000000003e-13
28726.252 98.462 -99.616 3.0040160700000003e-12 7.589406e-13 -7.589406e-13
28903.478 96.748 -78.764 3.2045468400000002e-12 8.3846367e-13 -8.3846367e-13
29244.38 277.361 -244.154 2.06336592e-12 3.8599209000000007e-13 -3.8599209000000007e-13
33053.938 178.896 -267.405 1.2664509000000002e-12 3.5000064000000006e-13 -3.5000064000000006e-13
33388.483 238.0 -155.648 1.4295699e-12 3.736491e-13 -3.736491e-13
33797.286 122.553 -170.802 1.9123064400000002e-12 4.9778388e-13 -4.9778388e-13
34098.968 139.3 -179.129 1.7540688000000001e-12 4.594048800000001e-13 -4.594048800000001e-13
34338.249 98.097 -99.981 2.84496267e-12 7.3980522e-13 -7.3980522e-13
34600.656 106.481 -164.309 2.0599223700000003e-12 5.411759100000001e-13 -5.411759100000001e-13
34799.608 105.608 -92.471 2.86375287e-12 7.424221200000001e-13 -7.424221200000001e-13
35072.698 233.673 -167.482 1.37738964e-12 3.660063e-13 -3.660063e-13
38773.702 148.778 -207.261 1.61760753e-12 4.2163671e-13 -4.2163671e-13
39157.157 296.873 -234.677 1.08910098e-12 2.8287039000000003e-13 -2.8287039000000003e-13
39642.469 242.82 -188.439 1.3350513000000002e-12 3.4798731e-13 -3.4798731e-13
40546.205 542.596 -660.916 8.229804000000001e-13 1.6418853000000003e-13 -1.6418853000000003e-13
44565.966 222.103 -231.721 1.2711920100000002e-12 3.3095964e-13 -3.3095964e-13
44980.038 179.113 -191.97 1.5512956800000002e-12 4.0485093e-13 -4.0485093e-13
45383.911 156.353 -224.76 1.51224315e-12 3.9348375000000005e-13 -3.9348375000000005e-13
45807.222 267.1 -266.959 1.07202942e-12 2.80780566e-13 -2.80780566e-13
46510.805 363.335 -436.482 1.2068232000000001e-12 2.43873234e-13 -2.43873234e-13
50468.226 397.422 -347.251 7.746783e-13 2.0272329000000002e-13 -2.0272329000000002e-13
51020.423 261.439 -154.775 1.3909711200000003e-12 3.6335904000000005e-13 -3.6335904000000005e-13
51904.885 753.478 -623.023 7.8395328e-13 1.51013181e-13 -1.51013181e-13
56541.208 345.008 -715.17 7.2237792e-13 1.8981702300000003e-13 -1.8981702300000003e-13
57244.097 271.455 -357.881 9.066918300000001e-13 2.3852994000000003e-13 -2.3852994000000003e-13
57991.429 449.309 -475.876 7.8124299e-13 1.8197671800000002e-13 -1.8197671800000002e-13
62840.352 1385.2 -1041.867 7.607470200000001e-13 1.8319062300000002e-13 -1.8319062300000002e-13
68094.771 404.409 -590.995 5.6108052e-13 1.5168143100000002e-13 -1.5168143100000002e-13
69305.452 703.116 -806.272 3.9572412e-13 1.0333781700000001e-13 -1.0333781700000001e-13
74258.93 1534.52 -1078.49 3.8255811e-13 1.02122064e-13 -1.02122064e-13
79915.652 486.424 -847.469 4.1981478000000003e-13 1.1344466100000001e-13 -1.1344466100000001e-13
81052.086 525.905 -650.01 5.446584e-13 1.36398438e-13 -1.36398438e-13
86148.017 1214.441 -1327.961 2.36649072e-13 6.325096800000001e-14 -6.325096800000001e-14
91745.492 1399.257 -1108.043 3.14971536e-13 7.3926798e-14 -7.3926798e-14
97811.505 1117.422 -1389.878 2.3812621800000003e-13 6.4064913e-14 -6.4064913e-14
105735.402 4761.661 -3528.945 1.8810042900000002e-13 4.0779222000000005e-14 -4.0779222000000005e-14
122468.203 26216.251 -8669.206 2.1032127600000003e-13 4.1671014e-14 -4.1671014e-14
285289.831 193453.1 -90467.577 4.9060407000000004e-14 9.0522564e-15 -9.0522564e-15
1255357.681 246803.72 -331828.683 2.009865e-14 0.0 0.0
