! PC data
161.773	12.884	-14.696	1.654698e+00	3.618523e-01	-3.618523e-01
195.531	26.765	-20.874	9.329004e-01	2.093021e-01	-2.093021e-01
254.550	45.473	-32.254	5.795551e-01	1.278248e-01	-1.278248e-01
374.012	63.914	-73.988	2.556514e-01	5.774407e-02	-5.774407e-02
578.518	77.544	-140.592	1.119022e-01	2.542645e-02	-2.542645e-02
761.151	183.248	-105.090	1.014508e-01	2.106751e-02	-2.106751e-02
4323.465	131.453	-111.756	7.661745e-02	2.007600e-02	-2.007600e-02
4539.160	106.313	-84.242	1.315200e-01	2.958175e-02	-2.958175e-02
4865.772	158.301	-220.299	9.921101e-02	1.830063e-02	-1.830063e-02
10139.885	196.187	-149.822	5.663342e-02	1.484819e-02	-1.484819e-02
10653.238	269.541	-317.166	5.819784e-02	1.152575e-02	-1.152575e-02
16304.928	617.178	-532.437	2.326827e-02	8.980622e-03	-8.980622e-03
