! WT data
102.228	2.716	-3.689	5.566024e+00	1.067585e+00	-1.085371e+00
111.366	4.076	-6.423	3.323405e+00	6.094834e-01	-6.120746e-01
542.806	49.066	-16.207	9.971132e-01	1.895119e-01	-1.911823e-01
! PC data
131.940	5.933	-6.603	3.546962e+00	7.931248e-01	-7.931248e-01
148.798	9.134	-10.925	2.388736e+00	5.373229e-01	-5.373229e-01
173.045	12.467	-15.113	1.699055e+00	3.810498e-01	-3.810498e-01
207.789	15.333	-22.276	1.376623e+00	3.025389e-01	-3.025389e-01
241.492	14.224	-18.371	1.516394e+00	3.395794e-01	-3.395794e-01
270.735	15.070	-15.018	1.606851e+00	3.609075e-01	-3.609075e-01
301.600	14.293	-15.795	1.727832e+00	3.775768e-01	-3.775768e-01
346.502	27.058	-30.610	9.557549e-01	2.011027e-01	-2.011027e-01
401.243	22.463	-27.683	1.006717e+00	2.209311e-01	-2.209311e-01
440.982	15.320	-17.275	1.539015e+00	3.363153e-01	-3.363153e-01
513.124	70.049	-56.822	7.669910e-01	1.554250e-01	-1.554250e-01
3809.777	44.584	-38.157	5.152888e-01	1.153513e-01	-1.153513e-01
3925.512	51.707	-71.151	3.777381e-01	8.086345e-02	-8.086345e-02
4021.268	46.214	-44.049	4.612128e-01	1.037113e-01	-1.037113e-01
4139.976	65.409	-72.493	3.017162e-01	6.807590e-02	-6.807590e-02
4261.817	46.367	-56.433	4.075343e-01	9.164075e-02	-9.164075e-02
4333.355	29.990	-25.171	7.584850e-01	1.697926e-01	-1.697926e-01
4416.171	32.423	-52.826	4.889150e-01	1.100645e-01	-1.100645e-01
4491.647	49.717	-43.054	4.481868e-01	1.010097e-01	-1.010097e-01
4582.247	64.424	-40.883	3.937632e-01	8.904564e-02	-8.904564e-02
4675.340	31.506	-28.669	6.946780e-01	1.562097e-01	-1.562097e-01
4790.879	68.913	-84.032	2.702745e-01	6.098173e-02	-6.098173e-02
4926.080	56.570	-66.287	3.605140e-01	7.875463e-02	-7.875463e-02
5028.081	44.833	-45.430	4.609383e-01	1.035329e-01	-1.035329e-01
5125.946	69.825	-53.032	3.387079e-01	7.659543e-02	-7.659543e-02
5247.866	43.182	-52.095	4.423831e-01	9.936514e-02	-9.936514e-02
5370.912	83.112	-79.863	2.549773e-01	5.753025e-02	-5.753025e-02
5496.963	42.308	-42.940	4.880726e-01	1.101233e-01	-1.101233e-01
5606.742	40.344	-67.470	3.865735e-01	8.702542e-02	-8.702542e-02
5692.461	34.858	-45.375	5.438034e-01	1.199473e-01	-1.199473e-01
5806.010	71.747	-78.691	2.798506e-01	6.299996e-02	-6.299996e-02
5974.679	63.546	-96.922	2.641980e-01	5.947625e-02	-5.947625e-02
6116.487	67.162	-78.262	2.868434e-01	6.523624e-02	-6.523624e-02
6260.171	112.595	-76.522	3.298222e-01	6.225642e-02	-6.225642e-02
9674.050	87.801	-110.277	1.199274e-01	2.741677e-02	-2.741677e-02
9823.721	63.496	-61.870	1.925932e-01	4.331473e-02	-4.331473e-02
9965.566	82.119	-78.349	1.503007e-01	3.384226e-02	-3.384226e-02
10128.560	69.563	-80.876	1.601355e-01	3.609857e-02	-3.609857e-02
10271.332	97.288	-73.209	1.406555e-01	3.185531e-02	-3.185531e-02
10427.853	56.103	-59.234	2.098568e-01	4.708821e-02	-4.708821e-02
10560.227	61.631	-76.271	1.755060e-01	3.938048e-02	-3.938048e-02
10696.971	75.325	-75.113	1.596045e-01	3.610468e-02	-3.610468e-02
10842.928	87.329	-70.632	1.518330e-01	3.438675e-02	-3.438675e-02
10985.999	69.623	-55.742	2.018574e-01	4.438993e-02	-4.438993e-02
11110.208	78.300	-54.587	1.811105e-01	4.087436e-02	-4.087436e-02
11271.053	75.416	-82.544	1.507723e-01	3.438728e-02	-3.438728e-02
11429.842	84.616	-83.373	1.432446e-01	3.232849e-02	-3.232849e-02
11630.573	64.412	-116.114	1.406247e-01	3.082213e-02	-3.082213e-02
11773.174	109.858	-78.190	1.275113e-01	2.887845e-02	-2.887845e-02
12025.504	138.339	-142.472	1.579039e-01	2.630329e-02	-2.630329e-02
15440.733	122.046	-88.568	9.435416e-02	2.385102e-02	-2.385102e-02
15682.720	103.210	-119.940	8.319318e-02	2.167118e-02	-2.167118e-02
15918.455	90.625	-132.525	1.107675e-01	2.502541e-02	-2.502541e-02
16145.230	92.016	-136.149	8.152823e-02	2.119564e-02	-2.119564e-02
16370.527	150.045	-133.281	6.559243e-02	1.706948e-02	-1.706948e-02
16677.650	103.681	-157.078	7.083894e-02	1.854449e-02	-1.854449e-02
16918.175	96.336	-136.844	7.984985e-02	2.073887e-02	-2.073887e-02
17152.637	97.560	-138.127	7.909263e-02	2.056243e-02	-2.056243e-02
17362.374	158.612	-112.177	8.704014e-02	2.020240e-02	-2.020240e-02
17740.491	205.288	-219.505	8.120518e-02	1.631225e-02	-1.631225e-02
21485.655	254.766	-281.799	3.548967e-02	9.268667e-03	-9.268667e-03
22163.211	304.324	-422.790	3.498319e-02	7.951165e-03	-7.951165e-03
22906.756	175.748	-263.843	4.803914e-02	1.261134e-02	-1.261134e-02
23391.854	340.069	-309.350	3.648951e-02	8.728714e-03	-8.728714e-03
27430.988	310.424	-346.491	2.875115e-02	7.586145e-03	-7.586145e-03
28072.905	267.752	-331.494	3.160981e-02	8.330812e-03	-8.330812e-03
28888.787	624.106	-548.129	2.738390e-02	5.582601e-03	-5.582601e-03
33157.567	382.079	-462.884	2.211898e-02	5.850299e-03	-5.850299e-03
34645.589	661.705	-1105.943	1.491817e-02	3.361510e-03	-3.361510e-03
38999.706	380.688	-514.421	2.097777e-02	5.571469e-03	-5.571469e-03
40307.846	782.524	-927.452	1.169599e-02	3.023804e-03	-3.023804e-03
48653.400	4006.914	-4386.026	6.293953e-03	1.364064e-03	-1.364064e-03
