! WT data
117.207	0.363	-0.327	1.052891e+02	1.305176e+01	-1.305176e+01
117.890	0.298	-0.320	7.992681e+01	1.191480e+01	-1.191481e+01
118.440	0.254	-0.253	9.731565e+01	1.450698e+01	-1.450699e+01
118.952	0.253	-0.258	9.663667e+01	1.440577e+01	-1.440577e+01
119.473	0.286	-0.268	8.775925e+01	1.336945e+01	-1.336945e+01
120.148	0.324	-0.390	6.916382e+01	1.031035e+01	-1.031035e+01
120.819	0.261	-0.348	8.109644e+01	1.208916e+01	-1.208917e+01
121.373	0.216	-0.293	9.697358e+01	1.445599e+01	-1.445599e+01
121.958	0.344	-0.369	6.916166e+01	1.031003e+01	-1.031003e+01
122.614	0.320	-0.312	7.812519e+01	1.164623e+01	-1.164624e+01
123.416	0.398	-0.482	5.424786e+01	8.447256e+00	-8.447258e+00
124.172	0.302	-0.358	7.475696e+01	1.114413e+01	-1.114413e+01
124.793	0.312	-0.318	7.834588e+01	1.167913e+01	-1.167914e+01
125.377	0.252	-0.273	9.401490e+01	1.401494e+01	-1.401494e+01
125.910	0.257	-0.280	9.183590e+01	1.369011e+01	-1.369011e+01
126.639	0.401	-0.473	5.558741e+01	8.468318e+00	-8.468320e+00
127.469	0.360	-0.428	6.257951e+01	9.328816e+00	-9.328819e+00
128.162	0.401	-0.334	6.710671e+01	1.000369e+01	-1.000370e+01
128.984	0.408	-0.421	5.852810e+01	8.916310e+00	-8.916312e+00
129.889	0.464	-0.496	5.132422e+01	7.650975e+00	-7.650977e+00
130.733	0.338	-0.380	6.751061e+01	1.028473e+01	-1.028473e+01
131.561	0.418	-0.489	5.434431e+01	8.101183e+00	-8.101186e+00
132.548	0.511	-0.569	4.565984e+01	6.806578e+00	-6.806580e+00
133.562	0.530	-0.503	4.770249e+01	7.111078e+00	-7.111080e+00
134.531	0.553	-0.438	4.975866e+01	7.417594e+00	-7.417596e+00
135.653	0.508	-0.570	4.500677e+01	6.856439e+00	-6.856441e+00
136.805	0.574	-0.643	4.051976e+01	6.040338e+00	-6.040340e+00
137.754	0.454	-0.375	5.946910e+01	8.865144e+00	-8.865146e+00
138.590	0.345	-0.383	6.772418e+01	1.009574e+01	-1.009574e+01
139.224	0.299	-0.289	9.192816e+01	1.325697e+01	-1.325697e+01
140.034	0.384	-0.511	5.506797e+01	8.209061e+00	-8.209064e+00
140.807	0.394	-0.389	6.295271e+01	9.384450e+00	-9.384453e+00
141.651	0.492	-0.451	5.226368e+01	7.791022e+00	-7.791025e+00
142.503	0.403	-0.360	6.456745e+01	9.625162e+00	-9.625165e+00
143.331	0.497	-0.424	5.347401e+01	7.971448e+00	-7.971450e+00
144.312	0.413	-0.484	5.408415e+01	8.239307e+00	-8.239310e+00
145.109	0.312	-0.384	6.971467e+01	1.062050e+01	-1.062050e+01
145.749	0.367	-0.328	6.971458e+01	1.062048e+01	-1.062049e+01
146.516	0.386	-0.400	6.266798e+01	9.342005e+00	-9.342009e+00
147.222	0.316	-0.319	7.512096e+01	1.169753e+01	-1.169753e+01
148.078	0.488	-0.541	4.792270e+01	7.143906e+00	-7.143908e+00
148.962	0.372	-0.396	6.411388e+01	9.557548e+00	-9.557551e+00
149.769	0.430	-0.434	5.608297e+01	8.543813e+00	-8.543815e+00
150.723	0.439	-0.524	5.119720e+01	7.632041e+00	-7.632043e+00
151.641	0.472	-0.480	5.094591e+01	7.761221e+00	-7.761223e+00
152.582	0.581	-0.469	4.694459e+01	6.998097e+00	-6.998099e+00
154.004	0.558	-0.841	3.523764e+01	5.252926e+00	-5.252927e+00
155.183	0.576	-0.622	4.049964e+01	6.169811e+00	-6.169813e+00
156.412	0.661	-0.654	3.747907e+01	5.587058e+00	-5.587060e+00
157.953	0.814	-0.879	2.909333e+01	4.336985e+00	-4.336986e+00
159.498	0.540	-0.730	3.879049e+01	5.782555e+00	-5.782557e+00
160.970	1.003	-0.933	2.545471e+01	3.794570e+00	-3.794571e+00
163.155	0.999	-1.182	2.187080e+01	3.405632e+00	-3.405633e+00
165.588	1.059	-1.434	1.976793e+01	2.946833e+00	-2.946834e+00
167.544	0.923	-0.897	2.664159e+01	4.058643e+00	-4.058645e+00
169.658	1.015	-1.191	2.233385e+01	3.329340e+00	-3.329341e+00
172.396	1.616	-1.723	1.475301e+01	2.199253e+00	-2.199253e+00
174.980	1.365	-0.968	2.112241e+01	3.148748e+00	-3.148749e+00
177.624	1.487	-1.279	1.752467e+01	2.669750e+00	-2.669751e+00
180.469	1.128	-1.357	1.972265e+01	3.004595e+00	-3.004596e+00
182.880	1.137	-1.283	2.095821e+01	3.124271e+00	-3.124272e+00
185.886	1.415	-1.869	1.494927e+01	2.327839e+00	-2.327840e+00
188.345	1.080	-1.044	2.349220e+01	3.578858e+00	-3.578860e+00
190.559	1.145	-1.134	2.219500e+01	3.308640e+00	-3.308642e+00
193.037	1.137	-1.333	1.995810e+01	2.975183e+00	-2.975184e+00
195.763	1.373	-1.589	1.663776e+01	2.480215e+00	-2.480216e+00
198.597	1.357	-1.461	1.721022e+01	2.621846e+00	-2.621847e+00
201.253	1.562	-1.299	1.722773e+01	2.568163e+00	-2.568164e+00
204.520	1.686	-1.705	1.453531e+01	2.166800e+00	-2.166801e+00
208.360	2.109	-2.154	1.156268e+01	1.723666e+00	-1.723667e+00
212.506	2.148	-2.038	1.158692e+01	1.765178e+00	-1.765179e+00
216.465	1.725	-1.810	1.372144e+01	2.090357e+00	-2.090358e+00
220.372	1.914	-2.182	1.184387e+01	1.804324e+00	-1.804324e+00
224.434	2.168	-2.149	1.141950e+01	1.702322e+00	-1.702322e+00
228.153	1.750	-1.552	9.475694e+00	1.847533e+00	-1.847533e+00
232.509	2.293	-2.605	6.932274e+00	1.245075e+00	-1.245075e+00
237.217	3.088	-2.415	5.971658e+00	1.090272e+00	-1.090272e+00
242.517	2.931	-2.212	6.236392e+00	1.176372e+00	-1.176372e+00
248.327	3.247	-2.879	4.980260e+00	1.004192e+00	-1.004192e+00
255.511	3.088	-3.937	4.565497e+00	8.611907e-01	-8.611909e-01
261.879	3.710	-3.280	4.701059e+00	8.582930e-01	-8.582932e-01
! PC data
282.041	9.773	-10.286	2.444456e+00	5.339741e-01	-5.339741e-01
299.127	7.731	-7.313	3.151505e+00	6.884240e-01	-6.884240e-01
317.835	9.081	-10.978	2.365259e+00	5.288879e-01	-5.288879e-01
335.064	6.896	-8.148	3.473843e+00	7.580547e-01	-7.580547e-01
352.649	14.384	-10.689	1.837415e+00	4.126440e-01	-4.126440e-01
384.719	17.416	-17.686	1.328841e+00	2.984291e-01	-2.984291e-01
421.827	17.918	-19.692	1.242056e+00	2.783343e-01	-2.783343e-01
463.481	23.903	-23.736	1.002173e+00	2.195971e-01	-2.195971e-01
517.988	27.064	-30.604	8.124383e-01	1.826546e-01	-1.826546e-01
576.437	23.775	-31.386	8.289910e-01	1.863761e-01	-1.863761e-01
635.068	30.334	-34.856	7.077622e-01	1.586036e-01	-1.586036e-01
697.857	32.736	-32.454	6.883513e-01	1.549255e-01	-1.549255e-01
758.302	29.959	-27.709	8.618658e-01	1.842941e-01	-1.842941e-01
823.741	34.724	-35.480	6.833723e-01	1.494320e-01	-1.494320e-01
892.605	48.601	-34.140	5.374858e-01	1.213670e-01	-1.213670e-01
976.213	37.705	-35.007	6.119318e-01	1.375762e-01	-1.375762e-01
1066.090	43.106	-52.172	4.619795e-01	1.039766e-01	-1.039766e-01
1158.980	53.015	-49.784	4.491826e-01	9.903995e-02	-9.903995e-02
1275.641	76.761	-63.645	4.592488e-01	8.579238e-02	-8.579238e-02
4670.045	125.433	-127.804	1.631316e-01	2.824418e-02	-2.824418e-02
5083.018	93.667	-91.874	9.636531e-02	2.511236e-02	-2.511236e-02
5249.955	69.647	-73.270	1.672869e-01	3.749270e-02	-3.749270e-02
5485.894	169.685	-166.292	1.266896e-01	2.141581e-02	-2.141581e-02
10491.137	152.923	-140.433	8.753660e-02	2.280674e-02	-2.280674e-02
11022.941	453.541	-378.882	4.932733e-02	1.022972e-02	-1.022972e-02
16300.987	195.225	-143.262	5.696928e-02	1.488194e-02	-1.488194e-02
16836.398	399.466	-340.186	3.597659e-02	7.959494e-03	-7.959494e-03
34134.294	442.904	-647.771	1.831136e-02	4.745179e-03	-4.745179e-03
! PC upper limits
92014.872	342.593	-630.239	1.7206e-02	0.0000e+00	0.0000e+00
