! WT data
64.355	0.289	-0.318	9.025454e+01	1.357756e+01	-1.371131e+01
65.110	0.405	-0.465	6.209399e+01	9.516317e+00	-9.606430e+00
65.882	0.335	-0.367	7.798329e+01	1.173856e+01	-1.186357e+01
66.684	0.328	-0.467	6.792840e+01	1.043533e+01	-1.056740e+01
67.421	0.426	-0.408	6.474163e+01	9.947762e+00	-1.007624e+01
68.364	0.398	-0.517	6.002803e+01	9.344383e+00	-9.451802e+00
69.153	0.407	-0.392	6.762575e+01	1.039223e+01	-1.052805e+01
70.016	0.425	-0.455	6.222910e+01	9.385558e+00	-9.510018e+00
70.766	0.353	-0.325	7.969552e+01	1.223439e+01	-1.237800e+01
71.513	0.444	-0.394	6.539949e+01	9.867074e+00	-1.000197e+01
72.429	0.496	-0.472	5.500898e+01	8.625274e+00	-8.749448e+00
73.331	0.430	-0.406	6.460417e+01	9.977265e+00	-1.016299e+01
74.261	0.391	-0.500	5.983982e+01	9.397760e+00	-9.549751e+00
75.039	0.352	-0.387	7.526420e+01	1.138890e+01	-1.158447e+01
75.752	0.349	-0.361	7.828322e+01	1.186593e+01	-1.209119e+01
76.501	0.362	-0.401	7.280514e+01	1.103711e+01	-1.124815e+01
77.377	0.495	-0.514	5.508647e+01	8.353742e+00	-8.516182e+00
78.213	0.364	-0.341	7.774866e+01	1.198911e+01	-1.219398e+01
79.033	0.414	-0.456	6.387326e+01	9.669478e+00	-9.840364e+00
79.888	0.520	-0.441	5.619046e+01	8.841556e+00	-9.000188e+00
80.857	0.444	-0.449	6.044392e+01	9.555726e+00	-9.767114e+00
81.615	0.355	-0.314	8.306930e+01	1.265517e+01	-1.295051e+01
82.411	0.464	-0.441	6.048895e+01	9.380425e+00	-9.588310e+00
83.229	0.355	-0.353	7.849387e+01	1.201711e+01	-1.233353e+01
83.923	0.356	-0.340	7.988400e+01	1.223884e+01	-1.256571e+01
84.626	0.351	-0.347	7.854200e+01	1.226272e+01	-1.258446e+01
85.355	0.269	-0.378	8.972487e+01	1.373849e+01	-1.410147e+01
86.077	0.480	-0.453	6.162352e+01	9.800614e+00	-1.005031e+01
87.060	0.312	-0.504	7.241636e+01	1.118316e+01	-1.151510e+01
87.703	0.271	-0.330	9.834066e+01	1.523595e+01	-1.570293e+01
88.314	0.307	-0.340	9.943319e+01	1.481371e+01	-1.530483e+01
88.899	0.344	-0.277	9.524110e+01	1.477466e+01	-1.523275e+01
89.643	0.474	-0.400	1.007939e+02	1.309515e+01	-1.368461e+01
90.431	0.351	-0.314	8.887613e+01	1.383405e+01	-1.427587e+01
91.183	0.349	-0.401	7.939241e+01	1.245150e+01	-1.284607e+01
91.880	0.355	-0.347	8.174689e+01	1.318237e+01	-1.357700e+01
92.590	0.350	-0.355	8.393713e+01	1.303193e+01	-1.343891e+01
93.327	0.333	-0.388	7.973026e+01	1.275140e+01	-1.310264e+01
94.071	0.447	-0.410	6.699437e+01	1.066497e+01	-1.093972e+01
94.888	0.326	-0.370	8.500915e+01	1.310582e+01	-1.348800e+01
95.806	0.635	-0.593	4.724808e+01	7.569375e+00	-7.781836e+00
96.760	0.381	-0.318	8.650352e+01	1.347212e+01	-1.390513e+01
97.676	0.468	-0.536	6.027469e+01	9.420119e+00	-9.733928e+00
98.627	0.456	-0.484	6.438438e+01	1.018493e+01	-1.057292e+01
99.481	0.348	-0.398	8.113345e+01	1.292774e+01	-1.347078e+01
100.431	0.561	-0.602	5.049691e+01	8.342604e+00	-8.684207e+00
101.425	0.435	-0.433	6.966172e+01	1.112324e+01	-1.160386e+01
102.253	0.399	-0.393	7.639307e+01	1.214932e+01	-1.264558e+01
103.128	0.576	-0.476	5.587982e+01	9.219190e+00	-9.588690e+00
104.103	0.553	-0.399	6.263673e+01	1.011608e+01	-1.051080e+01
105.209	0.439	-0.554	6.005367e+01	9.772541e+00	-1.019492e+01
106.241	0.452	-0.593	5.783015e+01	9.560064e+00	-1.004349e+01
107.268	0.555	-0.576	5.616121e+01	9.656940e+00	-1.013520e+01
108.105	0.392	-0.281	9.871678e+01	1.617980e+01	-1.706004e+01
109.058	0.509	-0.562	6.198491e+01	1.019373e+01	-1.074067e+01
109.934	0.373	-0.367	8.458064e+01	1.483755e+01	-1.554247e+01
110.773	0.477	-0.466	6.940108e+01	1.158099e+01	-1.218343e+01
111.679	0.409	-0.429	7.922674e+01	1.313785e+01	-1.379219e+01
112.512	0.413	-0.423	7.712823e+01	1.330686e+01	-1.379743e+01
113.393	0.553	-0.468	6.408114e+01	1.089182e+01	-1.129018e+01
114.534	0.422	-0.589	6.475805e+01	1.098647e+01	-1.143020e+01
115.465	0.379	-0.508	7.477937e+01	1.241982e+01	-1.301829e+01
116.431	0.411	-0.587	6.651500e+01	1.111635e+01	-1.156789e+01
117.252	0.410	-0.410	8.102830e+01	1.377579e+01	-1.428397e+01
118.035	0.434	-0.372	9.742438e+01	1.563143e+01	-1.636009e+01
118.840	0.416	-0.372	8.421442e+01	1.437901e+01	-1.505660e+01
119.674	0.441	-0.418	7.837434e+01	1.331211e+01	-1.382124e+01
120.686	0.471	-0.570	6.377196e+01	1.091250e+01	-1.142506e+01
121.673	0.416	-0.516	7.386923e+01	1.238847e+01	-1.292852e+01
122.475	0.544	-0.386	9.848590e+01	1.497724e+01	-1.532165e+01
123.391	0.332	-0.371	9.583314e+01	1.633060e+01	-1.685364e+01
124.139	0.392	-0.417	1.256622e+02	1.823259e+01	-1.886313e+01
124.920	0.341	-0.389	9.366326e+01	1.582323e+01	-1.607209e+01
125.654	0.322	-0.393	9.977291e+01	1.659340e+01	-1.679204e+01
126.376	0.389	-0.399	9.577279e+01	1.570532e+01	-1.626425e+01
127.132	0.324	-0.368	9.590361e+01	1.646848e+01	-1.716797e+01
127.880	0.365	-0.423	1.267640e+02	1.848577e+01	-1.949824e+01
128.670	0.517	-0.426	1.051180e+02	1.564427e+01	-1.623188e+01
129.613	0.362	-0.426	1.294841e+02	1.861041e+01	-1.962389e+01
130.383	0.435	-0.407	8.028901e+01	1.370059e+01	-1.410062e+01
131.217	0.347	-0.400	1.365757e+02	1.961272e+01	-2.068397e+01
131.888	0.395	-0.324	9.128272e+01	1.596266e+01	-1.657064e+01
132.785	0.511	-0.502	9.984475e+01	1.461030e+01	-1.512827e+01
133.754	0.424	-0.459	1.134341e+02	1.687124e+01	-1.705428e+01
134.632	0.461	-0.454	1.094602e+02	1.626710e+01	-1.647744e+01
135.462	0.349	-0.369	9.536217e+01	1.608755e+01	-1.641278e+01
136.145	0.340	-0.334	1.469988e+02	2.208462e+01	-2.222569e+01
136.839	0.296	-0.354	1.556489e+02	2.300020e+01	-2.296893e+01
137.490	0.325	-0.355	1.472831e+02	2.189763e+01	-2.219127e+01
138.224	0.445	-0.409	1.196578e+02	1.776166e+01	-1.755662e+01
139.008	0.328	-0.339	1.610402e+02	2.388746e+01	-2.316879e+01
139.680	0.362	-0.344	1.491726e+02	2.251006e+01	-2.195132e+01
140.399	0.376	-0.357	1.451592e+02	2.181077e+01	-2.104904e+01
141.151	0.389	-0.376	1.404447e+02	2.078343e+01	-2.054199e+01
141.891	0.320	-0.351	1.617373e+02	2.354994e+01	-2.409007e+01
142.516	0.367	-0.305	1.597655e+02	2.337152e+01	-2.421851e+01
143.214	0.320	-0.331	1.634039e+02	2.432562e+01	-2.447213e+01
143.888	0.366	-0.353	1.494777e+02	2.214157e+01	-2.182743e+01
144.543	0.274	-0.290	1.905086e+02	2.894911e+01	-2.702995e+01
145.177	0.337	-0.360	1.510768e+02	2.286512e+01	-2.280613e+01
145.895	0.364	-0.380	1.444766e+02	2.097826e+01	-2.205952e+01
146.522	0.254	-0.264	2.189158e+02	3.115458e+01	-3.257489e+01
147.145	0.352	-0.369	1.505537e+02	2.192853e+01	-2.233473e+01
147.856	0.430	-0.360	1.346948e+02	2.003622e+01	-2.019817e+01
148.611	0.300	-0.325	1.737193e+02	2.519450e+01	-2.610739e+01
149.255	0.298	-0.344	1.644575e+02	2.393974e+01	-2.453896e+01
149.921	0.328	-0.367	1.470673e+02	2.152884e+01	-2.153318e+01
150.611	0.400	-0.362	1.317787e+02	1.963308e+01	-1.965642e+01
151.324	0.240	-0.314	1.848978e+02	2.706289e+01	-2.714683e+01
151.961	0.301	-0.397	1.452866e+02	2.147537e+01	-2.141831e+01
152.737	0.414	-0.476	1.150085e+02	1.685273e+01	-1.678844e+01
153.507	0.461	-0.356	1.240768e+02	1.835102e+01	-1.822808e+01
154.196	0.293	-0.229	1.962571e+02	2.874401e+01	-2.872699e+01
154.825	0.297	-0.336	1.599821e+02	2.361922e+01	-2.371764e+01
155.561	0.370	-0.439	1.263813e+02	1.848627e+01	-1.859233e+01
156.283	0.323	-0.352	1.502757e+02	2.223472e+01	-2.200408e+01
156.914	0.341	-0.309	1.575459e+02	2.312061e+01	-2.273515e+01
157.559	0.294	-0.304	1.694965e+02	2.510384e+01	-2.459453e+01
158.116	0.286	-0.263	1.825287e+02	2.876083e+01	-2.614020e+01
158.691	0.215	-0.288	2.042835e+02	3.061716e+01	-2.901628e+01
159.165	0.261	-0.259	2.028077e+02	2.947575e+01	-2.893265e+01
159.752	0.252	-0.326	1.698976e+02	2.583302e+01	-2.558812e+01
160.271	0.242	-0.267	2.028548e+02	2.951032e+01	-3.015365e+01
160.805	0.283	-0.292	1.760489e+02	2.563495e+01	-2.626180e+01
161.345	0.289	-0.258	1.852244e+02	2.703608e+01	-2.745420e+01
161.927	0.226	-0.294	1.947390e+02	2.852397e+01	-2.844417e+01
162.507	0.284	-0.354	1.553598e+02	2.321975e+01	-2.272756e+01
163.161	0.373	-0.369	1.337516e+02	1.994633e+01	-1.986707e+01
163.894	0.304	-0.360	1.524530e+02	2.235703e+01	-2.211068e+01
164.463	0.268	-0.265	1.895472e+02	2.788221e+01	-2.698257e+01
165.075	0.289	-0.344	1.566688e+02	2.342632e+01	-2.297388e+01
165.697	0.313	-0.333	1.551488e+02	2.286151e+01	-2.313115e+01
166.274	0.247	-0.264	2.021476e+02	2.924093e+01	-3.037135e+01
166.780	0.299	-0.259	1.793600e+02	2.632396e+01	-2.703958e+01
167.352	0.286	-0.273	1.810949e+02	2.620000e+01	-2.729996e+01
167.927	0.216	-0.289	2.181555e+02	3.079367e+01	-3.171167e+01
168.429	0.269	-0.286	1.822560e+02	2.658495e+01	-2.707239e+01
168.957	0.268	-0.259	1.884298e+02	2.794142e+01	-2.856048e+01
169.485	0.245	-0.260	1.983098e+02	2.901213e+01	-3.007044e+01
170.025	0.276	-0.295	1.720540e+02	2.564394e+01	-2.653456e+01
170.555	0.262	-0.254	1.973167e+02	2.880355e+01	-2.907130e+01
171.090	0.297	-0.272	1.812723e+02	2.639286e+01	-2.687429e+01
171.728	0.288	-0.341	1.622909e+02	2.369930e+01	-2.466888e+01
172.295	0.230	-0.279	1.989317e+02	2.931051e+01	-3.050681e+01
172.851	0.393	-0.326	1.422034e+02	2.088985e+01	-2.136228e+01
173.496	0.286	-0.251	1.930994e+02	2.840378e+01	-2.824512e+01
174.127	0.373	-0.345	1.435792e+02	2.104585e+01	-2.092062e+01
174.801	0.295	-0.301	1.714930e+02	2.520804e+01	-2.575888e+01
175.473	0.303	-0.377	1.503933e+02	2.204643e+01	-2.272176e+01
176.119	0.362	-0.343	1.450762e+02	2.137640e+01	-2.164655e+01
176.830	0.309	-0.350	1.552708e+02	2.280941e+01	-2.328444e+01
177.456	0.360	-0.318	1.507881e+02	2.228976e+01	-2.215782e+01
178.137	0.295	-0.320	1.660410e+02	2.439924e+01	-2.495819e+01
178.743	0.273	-0.311	1.734587e+02	2.548166e+01	-2.666150e+01
179.305	0.229	-0.289	1.955208e+02	2.890673e+01	-2.983694e+01
179.814	0.299	-0.281	1.779327e+02	2.587001e+01	-2.662749e+01
180.417	0.335	-0.304	1.600283e+02	2.350657e+01	-2.409003e+01
181.092	0.327	-0.340	1.544211e+02	2.253330e+01	-2.290864e+01
181.702	0.256	-0.283	1.898947e+02	2.779867e+01	-2.784609e+01
182.304	0.335	-0.346	1.473505e+02	2.195108e+01	-2.204349e+01
183.001	0.309	-0.361	1.496934e+02	2.222484e+01	-2.260459e+01
183.567	0.270	-0.257	1.972827e+02	2.848441e+01	-2.946835e+01
184.081	0.263	-0.244	1.971599e+02	2.902493e+01	-3.058995e+01
184.607	0.242	-0.263	2.146900e+02	2.971876e+01	-3.191692e+01
185.139	0.226	-0.290	2.231537e+02	3.083348e+01	-3.270927e+01
185.630	0.264	-0.265	2.150023e+02	2.994899e+01	-3.165597e+01
186.154	0.322	-0.260	1.742683e+02	2.557163e+01	-2.613424e+01
186.740	0.271	-0.264	1.856648e+02	2.791552e+01	-2.801585e+01
187.268	0.248	-0.257	2.490349e+02	3.412030e+01	-3.435385e+01
187.759	0.261	-0.243	2.043971e+02	2.980244e+01	-3.072418e+01
188.242	0.279	-0.223	2.112128e+02	3.048372e+01	-3.143251e+01
188.798	0.225	-0.277	2.305742e+02	3.274148e+01	-3.230190e+01
189.279	0.256	-0.256	2.415267e+02	3.324833e+01	-3.268804e+01
189.787	0.263	-0.251	2.080042e+02	3.004368e+01	-2.970982e+01
190.307	0.248	-0.257	2.047603e+02	2.954349e+01	-3.127871e+01
190.792	0.269	-0.237	3.034629e+02	3.743952e+01	-4.082456e+01
191.305	0.264	-0.245	2.342077e+02	3.226222e+01	-3.345161e+01
191.832	0.244	-0.263	2.509607e+02	3.518814e+01	-3.593745e+01
192.408	0.348	-0.332	2.795773e+02	4.594332e+01	-4.885115e+01
193.061	0.259	-0.305	3.482212e+02	9.375865e+01	-6.094582e+01
193.652	0.269	-0.333	3.072617e+02	9.070622e+01	-4.854033e+01
194.310	0.391	-0.389	2.460786e+02	7.040440e+01	-3.922518e+01
194.997	0.296	-0.296	3.236714e+02	7.681417e+01	-7.095668e+01
195.671	0.347	-0.378	2.641680e+02	7.303345e+01	-4.481835e+01
196.364	0.321	-0.346	2.874144e+02	6.983714e+01	-6.075399e+01
196.990	0.276	-0.304	3.276029e+02	6.425644e+01	-7.598116e+01
197.576	0.268	-0.311	3.316320e+02	5.795082e+01	-8.464018e+01
198.146	0.305	-0.301	3.160715e+02	5.464263e+01	-7.851244e+01
198.858	0.376	-0.407	2.427239e+02	5.437715e+01	-5.451101e+01
199.542	0.268	-0.309	3.326555e+02	9.857125e+01	-4.976931e+01
200.123	0.340	-0.313	2.963557e+02	7.398206e+01	-5.945089e+01
200.756	0.295	-0.293	3.206557e+02	7.317699e+01	-7.553145e+01
201.443	0.390	-0.393	2.360286e+02	4.423773e+01	-6.819195e+01
202.192	0.306	-0.359	2.750600e+02	5.407420e+01	-8.028835e+01
202.807	0.284	-0.308	3.240428e+02	6.765697e+01	-8.489421e+01
203.398	0.264	-0.307	3.393201e+02	1.073530e+02	-4.519811e+01
203.928	0.244	-0.266	4.044132e+02	1.266944e+02	-5.334493e+01
204.444	0.321	-0.271	3.270923e+02	9.067402e+01	-5.567884e+01
205.090	0.296	-0.325	2.980068e+02	6.169918e+01	-7.775829e+01
205.681	0.378	-0.295	2.803476e+02	5.129052e+01	-7.821396e+01
206.330	0.264	-0.272	3.586058e+02	6.422663e+01	-9.721864e+01
206.902	0.235	-0.308	3.506770e+02	6.138048e+01	-8.877881e+01
207.497	0.330	-0.361	2.823815e+02	4.171704e+01	-4.497734e+01
208.067	0.274	-0.240	3.666825e+02	5.228142e+01	-4.969685e+01
208.661	0.279	-0.320	3.173734e+02	4.511331e+01	-4.345379e+01
209.253	0.321	-0.312	3.032003e+02	4.568604e+01	-5.077327e+01
209.929	0.350	-0.355	2.651258e+02	4.354002e+01	-5.474380e+01
210.578	0.423	-0.299	2.561688e+02	4.447235e+01	-6.093269e+01
211.295	0.368	-0.294	2.928000e+02	4.700577e+01	-6.037621e+01
212.005	0.337	-0.342	2.799862e+02	5.420494e+01	-7.728601e+01
212.741	0.414	-0.399	2.275810e+02	4.492430e+01	-6.299361e+01
213.480	0.360	-0.325	2.753395e+02	5.629095e+01	-7.417994e+01
214.179	0.348	-0.339	2.764960e+02	4.796453e+01	-6.928169e+01
214.802	0.270	-0.275	3.424272e+02	7.070076e+01	-9.186198e+01
215.382	0.325	-0.310	2.962325e+02	7.291816e+01	-6.190398e+01
216.029	0.385	-0.323	2.681597e+02	6.904342e+01	-5.156521e+01
216.806	0.332	-0.392	2.685684e+02	5.074648e+01	-7.026365e+01
217.431	0.383	-0.293	2.757518e+02	4.935811e+01	-7.293951e+01
218.115	0.319	-0.300	3.038941e+02	5.980273e+01	-8.142871e+01
218.792	0.412	-0.358	2.419944e+02	5.247885e+01	-6.131884e+01
219.614	0.350	-0.410	2.431194e+02	5.039413e+01	-6.583132e+01
220.284	0.276	-0.320	3.214925e+02	7.961664e+01	-6.413374e+01
220.883	0.289	-0.323	3.130809e+02	5.566392e+01	-8.431966e+01
221.570	0.407	-0.398	2.332249e+02	4.460723e+01	-6.828722e+01
222.378	0.344	-0.402	2.570405e+02	4.439896e+01	-6.402835e+01
222.985	0.376	-0.263	2.945822e+02	5.076820e+01	-7.165875e+01
223.752	0.414	-0.392	2.275547e+02	4.957535e+01	-5.593646e+01
224.510	0.338	-0.344	2.772156e+02	5.066350e+01	-7.714324e+01
225.167	0.342	-0.320	2.950907e+02	6.052847e+01	-7.471804e+01
225.756	0.275	-0.247	3.690998e+02	8.492184e+01	-8.472889e+01
226.442	0.354	-0.411	2.492081e+02	5.621104e+01	-5.934812e+01
227.067	0.248	-0.271	3.703563e+02	6.850762e+01	-7.357155e+01
227.555	0.268	-0.240	3.817112e+02	6.303826e+01	-8.353402e+01
228.144	0.355	-0.321	2.871827e+02	6.401093e+01	-6.349552e+01
228.811	0.280	-0.312	3.188396e+02	7.185321e+01	-7.667461e+01
229.394	0.234	-0.303	3.580929e+02	7.364193e+01	-8.411665e+01
229.935	0.277	-0.307	3.237000e+02	5.335875e+01	-6.869398e+01
230.480	0.233	-0.268	4.076626e+02	7.316686e+01	-1.000402e+02
230.995	0.294	-0.281	3.226097e+02	6.057568e+01	-8.008638e+01
231.574	0.229	-0.285	3.742009e+02	6.656269e+01	-9.934595e+01
232.134	0.357	-0.332	2.692582e+02	6.103503e+01	-6.536445e+01
232.827	0.379	-0.336	2.690187e+02	6.404105e+01	-5.869931e+01
233.473	0.268	-0.267	3.527557e+02	9.845866e+01	-6.011362e+01
234.030	0.322	-0.289	3.124166e+02	8.120124e+01	-5.969297e+01
234.694	0.337	-0.342	2.805694e+02	7.230747e+01	-5.438391e+01
235.270	0.269	-0.238	3.795771e+02	8.370296e+01	-9.250300e+01
235.786	0.277	-0.248	3.700506e+02	7.016947e+01	-1.067437e+02
236.410	0.317	-0.347	2.900254e+02	4.878823e+01	-6.707763e+01
237.108	0.412	-0.381	2.425546e+02	4.488671e+01	-6.178691e+01
237.863	0.319	-0.342	2.908046e+02	7.063454e+01	-5.828882e+01
238.498	0.298	-0.316	3.164206e+02	5.464215e+01	-7.934374e+01
239.173	0.366	-0.377	2.540862e+02	4.485855e+01	-6.432769e+01
239.841	0.396	-0.301	2.759677e+02	5.674953e+01	-6.495640e+01
240.604	0.409	-0.367	2.481180e+02	4.290139e+01	-6.165691e+01
241.375	0.339	-0.362	2.720686e+02	5.308451e+01	-7.125177e+01
242.088	0.460	-0.374	2.327643e+02	4.952575e+01	-5.902475e+01
242.903	0.430	-0.355	2.385996e+02	4.543495e+01	-6.877899e+01
243.696	0.418	-0.363	2.441773e+02	4.168830e+01	-5.794857e+01
244.411	0.336	-0.297	3.066431e+02	4.976645e+01	-6.520652e+01
245.093	0.353	-0.346	2.699428e+02	5.333005e+01	-7.326560e+01
245.811	0.430	-0.365	2.356027e+02	4.377100e+01	-6.484476e+01
246.528	0.299	-0.286	3.290135e+02	6.172817e+01	-8.257995e+01
247.198	0.375	-0.371	2.513420e+02	5.031740e+01	-7.041934e+01
247.909	0.329	-0.337	2.841972e+02	5.310313e+01	-8.086058e+01
248.615	0.400	-0.377	2.454622e+02	4.389702e+01	-6.630726e+01
249.406	0.453	-0.390	2.263070e+02	3.836416e+01	-5.342483e+01
250.213	0.358	-0.354	2.681677e+02	4.440423e+01	-5.941816e+01
250.945	0.341	-0.375	2.644021e+02	5.552684e+01	-5.367562e+01
251.606	0.326	-0.320	2.945671e+02	8.243092e+01	-4.960220e+01
252.292	0.323	-0.360	2.793414e+02	5.857065e+01	-7.275401e+01
252.957	0.444	-0.342	2.426855e+02	4.743233e+01	-6.883999e+01
253.769	0.331	-0.368	2.704570e+02	5.551500e+01	-7.291900e+01
254.499	0.335	-0.398	2.532405e+02	5.283741e+01	-6.801229e+01
255.186	0.341	-0.353	2.725375e+02	5.783722e+01	-7.045567e+01
255.891	0.348	-0.364	2.670527e+02	5.382754e+01	-6.137387e+01
256.743	0.380	-0.504	2.194436e+02	3.776179e+01	-5.386559e+01
257.538	0.418	-0.415	2.330468e+02	3.906547e+01	-5.339224e+01
258.306	0.423	-0.351	2.507259e+02	4.661355e+01	-7.315109e+01
259.243	0.538	-0.514	1.778176e+02	3.140457e+01	-4.331932e+01
260.317	0.457	-0.536	1.936740e+02	3.313062e+01	-4.620173e+01
261.184	0.388	-0.410	2.429037e+02	4.298126e+01	-6.394841e+01
261.989	0.389	-0.417	1.808056e+02	2.962870e+01	-3.736652e+01
262.643	0.267	-0.265	1.923094e+02	2.802730e+01	-2.862949e+01
263.280	0.337	-0.369	1.434499e+02	2.088024e+01	-2.185846e+01
263.941	0.329	-0.324	1.536749e+02	2.260134e+01	-2.360872e+01
264.610	0.307	-0.341	1.549413e+02	2.289154e+01	-2.366315e+01
265.225	0.313	-0.308	1.647582e+02	2.399563e+01	-2.456524e+01
265.872	0.374	-0.334	1.417091e+02	2.082732e+01	-2.178639e+01
266.546	0.282	-0.300	1.758426e+02	2.534893e+01	-2.660687e+01
267.153	0.331	-0.326	1.543351e+02	2.260417e+01	-2.332886e+01
267.923	0.410	-0.438	1.200353e+02	1.777973e+01	-1.782545e+01
268.642	0.311	-0.309	1.604818e+02	2.409373e+01	-2.427407e+01
269.236	0.237	-0.284	1.962478e+02	2.846593e+01	-2.947999e+01
269.782	0.286	-0.309	1.714277e+02	2.514341e+01	-2.611780e+01
270.403	0.401	-0.335	1.348979e+02	2.005439e+01	-2.087499e+01
271.148	0.354	-0.344	1.466865e+02	2.097426e+01	-2.223894e+01
271.801	0.361	-0.299	1.535060e+02	2.202728e+01	-2.349428e+01
272.574	0.415	-0.412	1.212875e+02	1.768313e+01	-1.866545e+01
273.352	0.338	-0.363	1.458850e+02	2.117631e+01	-2.251800e+01
273.990	0.313	-0.299	1.709165e+02	2.416094e+01	-2.586179e+01
274.753	0.397	-0.451	1.232583e+02	1.743350e+01	-1.862761e+01
275.526	0.491	-0.376	1.207272e+02	1.743003e+01	-1.824317e+01
276.415	0.365	-0.398	1.370492e+02	1.970498e+01	-2.076804e+01
277.126	0.313	-0.345	1.558579e+02	2.305143e+01	-2.373057e+01
277.821	0.406	-0.382	1.327183e+02	1.946606e+01	-1.957372e+01
278.650	0.439	-0.423	1.200635e+02	1.822847e+01	-1.703511e+01
279.570	0.441	-0.480	1.124146e+02	1.644201e+01	-1.698024e+01
280.435	0.437	-0.424	1.214755e+02	1.758849e+01	-1.829172e+01
281.344	0.446	-0.472	1.139421e+02	1.667918e+01	-1.660323e+01
282.218	0.445	-0.428	1.174513e+02	1.741568e+01	-1.779613e+01
283.102	0.395	-0.438	1.256291e+02	1.828203e+01	-1.875810e+01
284.000	0.431	-0.503	1.095313e+02	1.596504e+01	-1.626939e+01
284.812	0.410	-0.382	1.270834e+02	1.860624e+01	-1.924569e+01
285.677	0.382	-0.455	1.191579e+02	1.764833e+01	-1.811671e+01
286.414	0.357	-0.356	1.410259e+02	2.085101e+01	-2.074429e+01
287.201	0.460	-0.430	1.131027e+02	1.668218e+01	-1.678361e+01
288.047	0.340	-0.386	1.386062e+02	2.026511e+01	-2.099087e+01
288.852	0.418	-0.464	1.129118e+02	1.670717e+01	-1.716186e+01
289.718	0.550	-0.448	1.008065e+02	1.488723e+01	-1.492278e+01
290.719	0.535	-0.451	1.010908e+02	1.498776e+01	-1.529629e+01
291.667	0.343	-0.413	9.023456e+01	1.521634e+01	-1.550820e+01
292.496	0.482	-0.486	6.949006e+01	1.195574e+01	-1.195457e+01
293.479	0.511	-0.501	6.739842e+01	1.142397e+01	-1.143388e+01
294.372	0.386	-0.383	9.676346e+01	1.845736e+01	-1.537676e+01
295.177	0.391	-0.418	8.458485e+01	1.573893e+01	-1.397110e+01
295.928	0.362	-0.360	9.479347e+01	1.630188e+01	-1.628008e+01
296.801	0.440	-0.510	7.311513e+01	1.238474e+01	-1.244849e+01
297.585	0.366	-0.344	9.645819e+01	1.718180e+01	-1.605826e+01
298.297	0.372	-0.347	9.664325e+01	1.655376e+01	-1.595900e+01
299.130	0.491	-0.461	6.881362e+01	1.239952e+01	-1.233322e+01
300.036	0.469	-0.416	7.743684e+01	1.330053e+01	-1.340898e+01
300.992	0.395	-0.487	7.646998e+01	1.337301e+01	-1.322564e+01
301.890	0.430	-0.502	7.344678e+01	1.265516e+01	-1.249724e+01
302.811	0.402	-0.492	7.777510e+01	1.318996e+01	-1.315741e+01
303.770	0.441	-0.557	6.860270e+01	1.182925e+01	-1.162234e+01
304.688	0.395	-0.477	7.967988e+01	1.353477e+01	-1.331471e+01
305.601	0.414	-0.518	7.431509e+01	1.262372e+01	-1.241602e+01
306.576	0.626	-0.561	5.754694e+01	9.910011e+00	-9.816739e+00
307.698	0.546	-0.497	6.360483e+01	1.150623e+01	-1.122535e+01
308.793	0.684	-0.549	5.458552e+01	1.030601e+01	-9.204323e+00
310.120	0.574	-0.643	5.611598e+01	9.672505e+00	-9.521453e+00
311.136	0.565	-0.442	6.879774e+01	1.171593e+01	-1.143287e+01
312.277	0.710	-0.576	5.385727e+01	9.154378e+00	-9.005368e+00
313.685	0.674	-0.697	5.050429e+01	8.568747e+00	-8.505617e+00
314.876	0.460	-0.517	7.092736e+01	1.196534e+01	-1.220168e+01
316.012	0.443	-0.676	5.934919e+01	1.013452e+01	-1.040830e+01
317.158	0.545	-0.703	5.269167e+01	8.980127e+00	-9.267719e+00
318.218	0.493	-0.514	6.440674e+01	1.115199e+01	-1.148150e+01
319.103	0.343	-0.392	9.085925e+01	1.525314e+01	-1.575053e+01
319.923	0.448	-0.477	7.216323e+01	1.206846e+01	-1.252926e+01
320.786	0.496	-0.415	7.329078e+01	1.223653e+01	-1.275489e+01
321.689	0.396	-0.408	8.183535e+01	1.394248e+01	-1.439489e+01
322.444	0.385	-0.359	8.849172e+01	1.497076e+01	-1.563336e+01
323.263	0.343	-0.433	8.483873e+01	1.442529e+01	-1.494938e+01
324.038	0.524	-0.433	1.028552e+02	1.510215e+01	-1.544616e+01
325.052	0.398	-0.490	1.119671e+02	1.623406e+01	-1.682514e+01
325.906	0.464	-0.456	1.080666e+02	1.554554e+01	-1.635247e+01
326.766	0.376	-0.396	8.701522e+01	1.442522e+01	-1.513440e+01
327.585	0.523	-0.443	1.017492e+02	1.460606e+01	-1.559790e+01
328.457	0.365	-0.348	9.434687e+01	1.573951e+01	-1.639147e+01
329.119	0.422	-0.297	9.439145e+01	1.594723e+01	-1.645589e+01
329.906	0.362	-0.365	1.364048e+02	1.982605e+01	-2.081960e+01
330.615	0.424	-0.347	8.612787e+01	1.459237e+01	-1.521027e+01
331.416	0.464	-0.378	9.725503e+01	1.543110e+01	-1.582804e+01
332.321	0.524	-0.441	1.029348e+02	1.511689e+01	-1.550230e+01
333.196	0.322	-0.352	9.839992e+01	1.692254e+01	-1.691191e+01
334.009	0.454	-0.490	1.060815e+02	1.554138e+01	-1.549992e+01
334.907	0.444	-0.444	1.128843e+02	1.644431e+01	-1.681178e+01
335.832	0.329	-0.481	1.226144e+02	1.789756e+01	-1.860445e+01
336.687	0.404	-0.526	1.066723e+02	1.548144e+01	-1.629849e+01
337.477	0.334	-0.386	9.357839e+01	1.589835e+01	-1.650416e+01
338.136	0.378	-0.325	9.601897e+01	1.626876e+01	-1.694989e+01
338.974	0.519	-0.460	1.021608e+02	1.484583e+01	-1.576686e+01
339.922	0.563	-0.430	9.653429e+01	1.418413e+01	-1.486819e+01
340.892	0.323	-0.407	9.384534e+01	1.581788e+01	-1.618423e+01
341.688	0.520	-0.473	1.016805e+02	1.488343e+01	-1.540552e+01
342.610	0.402	-0.402	8.580076e+01	1.454199e+01	-1.488659e+01
343.387	0.439	-0.376	1.238806e+02	1.822798e+01	-1.856485e+01
344.306	0.431	-0.480	1.097430e+02	1.627068e+01	-1.664909e+01
345.187	0.448	-0.449	7.198465e+01	1.284752e+01	-1.322351e+01
346.001	0.332	-0.367	9.790284e+01	1.638805e+01	-1.702476e+01
346.804	0.497	-0.471	1.032876e+02	1.520922e+01	-1.584642e+01
347.616	0.402	-0.315	9.623818e+01	1.630179e+01	-1.671327e+01
348.441	0.446	-0.422	7.661510e+01	1.320020e+01	-1.371457e+01
349.272	0.511	-0.385	1.143032e+02	1.630544e+01	-1.739346e+01
350.271	0.357	-0.488	8.102516e+01	1.351046e+01	-1.411186e+01
350.964	0.388	-0.336	9.666350e+01	1.601564e+01	-1.668909e+01
351.711	0.366	-0.358	9.456085e+01	1.586926e+01	-1.640021e+01
352.448	0.348	-0.371	9.526293e+01	1.606666e+01	-1.638850e+01
353.206	0.365	-0.411	8.771416e+01	1.509463e+01	-1.541385e+01
353.944	0.376	-0.373	9.693379e+01	1.631230e+01	-1.643647e+01
354.714	0.417	-0.394	9.820004e+01	1.582440e+01	-1.588803e+01
355.536	0.335	-0.405	8.987530e+01	1.568904e+01	-1.572802e+01
356.239	0.331	-0.368	9.653225e+01	1.660312e+01	-1.663311e+01
356.898	0.386	-0.327	9.597574e+01	1.626881e+01	-1.628581e+01
357.790	0.302	-0.506	8.477239e+01	1.436398e+01	-1.440985e+01
358.409	0.360	-0.317	9.848286e+01	1.691714e+01	-1.705224e+01
359.238	0.503	-0.468	1.007386e+02	1.482063e+01	-1.510710e+01
360.109	0.415	-0.368	9.863384e+01	1.581378e+01	-1.618770e+01
360.897	0.323	-0.373	9.963591e+01	1.648611e+01	-1.695162e+01
361.676	0.437	-0.456	1.106282e+02	1.599807e+01	-1.668767e+01
362.513	0.414	-0.401	1.212563e+02	1.749545e+01	-1.833404e+01
363.247	0.385	-0.320	9.837801e+01	1.624018e+01	-1.678841e+01
363.990	0.380	-0.358	9.658715e+01	1.593366e+01	-1.639904e+01
364.808	0.379	-0.438	1.204813e+02	1.772834e+01	-1.826217e+01
365.617	0.424	-0.430	1.156985e+02	1.685022e+01	-1.725186e+01
366.418	0.507	-0.377	7.183947e+01	1.270990e+01	-1.284577e+01
367.351	0.419	-0.426	9.722642e+01	1.539972e+01	-1.549840e+01
368.242	0.384	-0.472	1.154582e+02	1.690405e+01	-1.692964e+01
369.048	0.415	-0.422	1.207505e+02	1.769331e+01	-1.763200e+01
369.849	0.351	-0.387	1.373155e+02	2.068304e+01	-2.051916e+01
370.628	0.393	-0.428	1.260526e+02	1.865661e+01	-1.841696e+01
371.522	0.520	-0.501	1.002580e+02	1.497967e+01	-1.471210e+01
372.402	0.497	-0.360	1.217270e+02	1.787330e+01	-1.747245e+01
373.277	0.390	-0.377	1.361309e+02	1.997654e+01	-1.965587e+01
374.084	0.344	-0.418	1.370853e+02	2.009794e+01	-1.994672e+01
374.727	0.398	-0.299	1.496763e+02	2.192125e+01	-2.190974e+01
375.464	0.337	-0.339	1.537494e+02	2.276544e+01	-2.292882e+01
376.240	0.396	-0.438	1.227039e+02	1.823847e+01	-1.850119e+01
377.043	0.344	-0.407	1.390342e+02	2.024966e+01	-2.072946e+01
377.756	0.406	-0.370	8.651505e+01	1.527976e+01	-1.553941e+01
378.605	0.465	-0.443	1.139435e+02	1.676730e+01	-1.707802e+01
379.522	0.430	-0.452	1.176308e+02	1.734084e+01	-1.753804e+01
380.388	0.439	-0.436	1.210470e+02	1.819724e+01	-1.827565e+01
381.198	0.490	-0.371	1.273664e+02	1.872469e+01	-1.868720e+01
382.184	0.449	-0.496	1.110500e+02	1.688441e+01	-1.672906e+01
383.116	0.435	-0.483	1.188335e+02	1.743948e+01	-1.714708e+01
383.982	0.377	-0.431	1.350632e+02	1.983273e+01	-1.937719e+01
384.762	0.409	-0.404	1.341744e+02	1.971880e+01	-1.915490e+01
385.543	0.330	-0.371	1.526462e+02	2.287872e+01	-2.209406e+01
386.224	0.345	-0.351	1.553200e+02	2.315603e+01	-2.217563e+01
386.867	0.254	-0.299	1.952739e+02	2.931921e+01	-2.776005e+01
387.529	0.297	-0.407	1.571536e+02	2.338466e+01	-2.196400e+01
388.311	0.417	-0.485	1.204296e+02	1.803225e+01	-1.725607e+01
389.090	0.368	-0.361	1.466894e+02	2.196429e+01	-2.127852e+01
389.814	0.365	-0.356	1.485002e+02	2.219821e+01	-2.169509e+01
390.566	0.337	-0.387	1.396284e+02	2.104834e+01	-2.072137e+01
391.301	0.329	-0.398	1.370985e+02	2.028281e+01	-2.009810e+01
391.970	0.382	-0.340	9.366111e+01	1.588448e+01	-1.585128e+01
392.694	0.411	-0.342	1.312840e+02	1.956353e+01	-1.961485e+01
393.513	0.422	-0.408	1.203294e+02	1.775980e+01	-1.786375e+01
394.292	0.321	-0.358	1.439492e+02	2.162337e+01	-2.180074e+01
395.020	0.342	-0.407	1.344797e+02	1.965073e+01	-1.987074e+01
395.814	0.440	-0.451	1.119231e+02	1.649081e+01	-1.671559e+01
396.572	0.362	-0.318	1.467894e+02	2.161495e+01	-2.196240e+01
397.232	0.391	-0.298	1.462945e+02	2.133951e+01	-2.173122e+01
397.934	0.301	-0.311	1.630043e+02	2.400222e+01	-2.438925e+01
398.606	0.417	-0.371	1.253523e+02	1.864220e+01	-1.887037e+01
399.412	0.386	-0.389	1.286089e+02	1.897609e+01	-1.911487e+01
400.082	0.337	-0.284	1.591146e+02	2.370716e+01	-2.378897e+01
400.764	0.303	-0.345	1.555386e+02	2.277960e+01	-2.277091e+01
401.452	0.403	-0.386	1.302565e+02	1.925968e+01	-1.916937e+01
402.257	0.352	-0.402	1.371047e+02	2.028350e+01	-2.010275e+01
403.058	0.369	-0.449	1.263748e+02	1.870219e+01	-1.848294e+01
403.908	0.375	-0.480	1.220268e+02	1.790322e+01	-1.765617e+01
404.654	0.332	-0.371	1.471706e+02	2.178699e+01	-2.145884e+01
405.471	0.485	-0.485	1.056331e+02	1.578105e+01	-1.551888e+01
406.387	0.414	-0.431	1.223843e+02	1.812379e+01	-1.778155e+01
407.267	0.478	-0.466	1.105385e+02	1.622869e+01	-1.588341e+01
408.071	0.377	-0.326	9.980235e+01	1.695638e+01	-1.664732e+01
408.916	0.365	-0.467	1.242146e+02	1.841793e+01	-1.789022e+01
409.725	0.504	-0.444	1.090671e+02	1.619381e+01	-1.565203e+01
410.564	0.391	-0.335	9.524566e+01	1.647744e+01	-1.599723e+01
411.371	0.462	-0.416	7.996334e+01	1.368472e+01	-1.318843e+01
412.255	0.481	-0.423	1.075422e+02	1.630832e+01	-1.543182e+01
413.206	0.455	-0.470	1.047016e+02	1.569387e+01	-1.519673e+01
414.143	0.301	-0.482	1.261558e+02	1.850325e+01	-1.829533e+01
414.792	0.317	-0.348	9.826202e+01	1.690005e+01	-1.692778e+01
415.521	0.383	-0.412	1.241804e+02	1.811353e+01	-1.844162e+01
416.318	0.335	-0.414	1.305860e+02	1.912930e+01	-1.975502e+01
417.036	0.366	-0.383	8.602882e+01	1.487728e+01	-1.535775e+01
417.709	0.381	-0.306	9.658527e+01	1.616409e+01	-1.679765e+01
418.497	0.457	-0.408	1.142152e+02	1.641571e+01	-1.731609e+01
419.377	0.385	-0.423	1.175824e+02	1.752633e+01	-1.845037e+01
420.209	0.373	-0.447	1.204090e+02	1.726628e+01	-1.827299e+01
420.934	0.388	-0.352	8.962167e+01	1.494789e+01	-1.561090e+01
421.789	0.456	-0.468	1.059288e+02	1.529802e+01	-1.621769e+01
422.739	0.436	-0.494	1.094055e+02	1.568341e+01	-1.660117e+01
423.550	0.330	-0.374	9.434543e+01	1.656439e+01	-1.709561e+01
424.265	0.361	-0.384	9.182456e+01	1.569455e+01	-1.608593e+01
424.985	0.383	-0.359	9.360017e+01	1.581545e+01	-1.605299e+01
425.869	0.466	-0.502	7.174867e+01	1.216125e+01	-1.216881e+01
426.733	0.361	-0.397	9.031560e+01	1.556162e+01	-1.538091e+01
427.479	0.382	-0.385	1.322497e+02	1.978499e+01	-1.922623e+01
428.267	0.315	-0.407	9.339574e+01	1.634209e+01	-1.607759e+01
429.080	0.454	-0.498	1.086229e+02	1.593333e+01	-1.574255e+01
429.934	0.534	-0.400	9.912706e+01	1.509644e+01	-1.508425e+01
430.930	0.481	-0.462	9.819190e+01	1.491758e+01	-1.508811e+01
431.830	0.350	-0.419	9.035016e+01	1.525366e+01	-1.552805e+01
432.597	0.329	-0.417	9.315350e+01	1.570468e+01	-1.605879e+01
433.341	0.360	-0.415	8.801680e+01	1.483711e+01	-1.517641e+01
434.202	0.439	-0.501	1.069805e+02	1.554936e+01	-1.601897e+01
435.075	0.358	-0.434	8.403949e+01	1.438191e+01	-1.469198e+01
435.932	0.417	-0.499	7.425224e+01	1.259502e+01	-1.286716e+01
436.792	0.475	-0.443	1.084206e+02	1.590818e+01	-1.635922e+01
437.668	0.391	-0.401	8.403852e+01	1.438311e+01	-1.468908e+01
438.472	0.348	-0.414	1.319755e+02	1.916847e+01	-1.978716e+01
439.250	0.324	-0.431	8.820008e+01	1.507429e+01	-1.545465e+01
440.029	0.376	-0.455	8.007879e+01	1.367551e+01	-1.404863e+01
440.799	0.399	-0.394	8.384931e+01	1.430919e+01	-1.472466e+01
441.643	0.422	-0.445	1.148753e+02	1.676541e+01	-1.747367e+01
442.411	0.356	-0.346	9.467553e+01	1.613000e+01	-1.665848e+01
443.147	0.352	-0.379	9.435787e+01	1.569400e+01	-1.624582e+01
443.861	0.468	-0.362	1.202214e+02	1.735169e+01	-1.817239e+01
444.643	0.396	-0.314	9.119853e+01	1.576044e+01	-1.629371e+01
445.460	0.430	-0.420	1.155543e+02	1.681473e+01	-1.762775e+01
446.333	0.452	-0.443	1.098133e+02	1.597086e+01	-1.675900e+01
447.156	0.312	-0.371	9.336940e+01	1.637111e+01	-1.694035e+01
447.831	0.370	-0.363	9.769891e+01	1.604674e+01	-1.666827e+01
448.608	0.433	-0.407	1.170254e+02	1.704438e+01	-1.783787e+01
449.440	0.444	-0.399	1.165302e+02	1.699894e+01	-1.773463e+01
450.372	0.432	-0.488	1.078709e+02	1.561888e+01	-1.624846e+01
451.234	0.477	-0.431	1.051604e+02	1.582050e+01	-1.636395e+01
452.130	0.437	-0.419	1.176749e+02	1.699744e+01	-1.756516e+01
452.995	0.359	-0.428	8.232638e+01	1.429807e+01	-1.461239e+01
453.811	0.421	-0.458	1.128932e+02	1.640437e+01	-1.691264e+01
454.603	0.403	-0.371	9.864999e+01	1.604899e+01	-1.644338e+01
455.440	0.579	-0.433	1.017788e+02	1.492616e+01	-1.537170e+01
456.368	0.357	-0.350	9.751049e+01	1.668616e+01	-1.704913e+01
457.200	0.463	-0.475	1.109518e+02	1.612998e+01	-1.660698e+01
458.136	0.518	-0.473	9.870863e+01	1.468302e+01	-1.505303e+01
459.090	0.332	-0.437	9.090723e+01	1.535718e+01	-1.560260e+01
459.819	0.329	-0.397	9.625469e+01	1.627281e+01	-1.648766e+01
460.646	0.375	-0.498	7.998356e+01	1.353229e+01	-1.366998e+01
461.335	0.389	-0.314	9.800433e+01	1.683942e+01	-1.695435e+01
462.224	0.471	-0.500	1.050395e+02	1.564622e+01	-1.572100e+01
463.053	0.365	-0.358	9.887989e+01	1.662572e+01	-1.660584e+01
463.895	0.492	-0.477	1.072894e+02	1.573238e+01	-1.559086e+01
464.719	0.377	-0.331	9.726560e+01	1.675900e+01	-1.656629e+01
465.486	0.341	-0.390	8.749744e+01	1.554393e+01	-1.529598e+01
466.231	0.349	-0.404	8.781018e+01	1.493137e+01	-1.459326e+01
466.913	0.365	-0.334	9.451337e+01	1.611086e+01	-1.563751e+01
467.658	0.369	-0.380	9.873232e+01	1.625583e+01	-1.574520e+01
468.440	0.342	-0.412	9.289052e+01	1.568596e+01	-1.544164e+01
469.251	0.417	-0.469	7.458578e+01	1.265095e+01	-1.260739e+01
470.095	0.375	-0.427	8.118371e+01	1.394090e+01	-1.406997e+01
470.911	0.382	-0.440	8.039765e+01	1.355679e+01	-1.385052e+01
471.645	0.322	-0.353	9.800450e+01	1.646720e+01	-1.697980e+01
472.534	0.482	-0.567	6.295561e+01	1.053694e+01	-1.094838e+01
473.394	0.336	-0.378	8.998662e+01	1.554396e+01	-1.608315e+01
474.102	0.359	-0.373	9.037450e+01	1.516720e+01	-1.568066e+01
474.889	0.486	-0.428	6.917126e+01	1.217091e+01	-1.250499e+01
475.810	0.375	-0.434	8.181731e+01	1.398714e+01	-1.432961e+01
476.585	0.483	-0.400	9.820444e+01	1.530966e+01	-1.568627e+01
477.619	0.467	-0.552	6.594069e+01	1.147706e+01	-1.164998e+01
478.661	0.383	-0.574	7.229172e+01	1.222101e+01	-1.238488e+01
479.549	0.465	-0.505	7.136314e+01	1.207105e+01	-1.220536e+01
480.442	0.452	-0.428	7.857153e+01	1.329746e+01	-1.341554e+01
481.525	0.494	-0.630	6.153942e+01	1.042084e+01	-1.048666e+01
482.547	0.610	-0.528	5.990388e+01	1.030002e+01	-1.033547e+01
483.631	0.567	-0.474	6.553562e+01	1.127429e+01	-1.128065e+01
484.628	0.507	-0.430	7.380059e+01	1.251639e+01	-1.248984e+01
485.810	0.610	-0.675	5.309982e+01	9.142779e+00	-9.096027e+00
487.036	0.527	-0.616	5.838463e+01	1.005651e+01	-9.973770e+00
488.171	0.619	-0.609	5.416814e+01	9.327392e+00	-9.273722e+00
489.298	0.593	-0.508	6.038133e+01	1.038801e+01	-1.039056e+01
490.389	0.503	-0.498	6.734789e+01	1.140377e+01	-1.147829e+01
491.584	0.625	-0.691	5.050980e+01	8.666457e+00	-8.776262e+00
492.818	0.519	-0.609	5.980594e+01	1.009821e+01	-1.027678e+01
493.931	0.461	-0.594	6.302873e+01	1.079921e+01	-1.099136e+01
495.070	0.596	-0.678	5.220118e+01	8.943156e+00	-9.105201e+00
496.347	0.583	-0.680	5.188044e+01	9.022149e+00	-9.184324e+00
497.626	0.604	-0.697	5.066663e+01	8.676780e+00	-8.845153e+00
499.303	0.857	-1.073	3.453930e+01	5.820858e+00	-5.958090e+00
500.873	0.618	-0.712	4.938632e+01	8.438036e+00	-8.657789e+00
502.490	0.779	-0.999	3.697758e+01	6.316293e+00	-6.484544e+00
504.029	0.628	-0.760	4.804507e+01	8.114543e+00	-8.248743e+00
505.416	0.726	-0.760	4.424022e+01	7.605529e+00	-7.635257e+00
507.018	0.600	-0.876	4.515130e+01	7.665348e+00	-7.584817e+00
508.453	0.759	-0.835	4.161744e+01	7.166416e+00	-7.120899e+00
510.322	0.875	-1.109	3.301636e+01	5.755734e+00	-5.805243e+00
511.958	0.836	-0.761	4.219831e+01	7.114026e+00	-7.273525e+00
513.678	0.949	-0.884	3.679036e+01	6.176240e+00	-6.380475e+00
515.562	1.000	-0.936	3.482911e+01	5.818300e+00	-6.062608e+00
517.535	1.198	-0.973	3.063328e+01	5.179253e+00	-5.411649e+00
520.336	1.195	-1.603	2.323664e+01	4.091293e+00	-4.193965e+00
522.452	1.111	-0.921	3.343717e+01	5.660624e+00	-5.702155e+00
524.807	1.407	-1.244	2.489636e+01	4.348433e+00	-4.344995e+00
527.400	1.054	-1.186	2.989702e+01	5.148543e+00	-5.115667e+00
529.695	1.068	-1.242	2.981454e+01	5.057570e+00	-5.039290e+00
532.074	1.169	-1.311	2.754673e+01	4.738577e+00	-4.743127e+00
534.399	1.175	-1.156	2.931309e+01	5.035117e+00	-5.075984e+00
536.821	1.190	-1.247	2.762387e+01	4.807107e+00	-4.882251e+00
539.165	1.138	-1.153	2.829963e+01	5.067698e+00	-5.178093e+00
541.898	1.342	-1.596	2.236186e+01	3.811153e+00	-3.932875e+00
544.837	1.645	-1.597	2.026314e+01	3.447475e+00	-3.569997e+00
548.019	1.672	-1.537	2.076164e+01	3.488324e+00	-3.593365e+00
551.176	1.476	-1.484	2.266520e+01	3.960778e+00	-3.936590e+00
554.566	1.809	-1.915	1.881428e+01	3.196998e+00	-3.136426e+00
558.441	1.250	-2.066	2.112582e+01	3.587631e+00	-3.539034e+00
561.920	2.216	-2.228	1.566278e+01	2.660142e+00	-2.621179e+00
566.534	2.098	-2.398	1.520245e+01	2.614828e+00	-2.616344e+00
571.427	3.193	-2.795	1.150738e+01	1.995449e+00	-2.045436e+00
577.373	2.275	-2.753	1.412932e+01	2.473447e+00	-2.432228e+00
580.827	1.611	-1.179	2.621315e+01	4.445526e+00	-4.432969e+00
584.879	2.386	-2.441	1.457099e+01	2.470958e+00	-2.464552e+00
589.649	2.231	-2.384	1.496369e+01	2.572966e+00	-2.576191e+00
594.328	2.603	-2.448	1.376552e+01	2.327014e+00	-2.356628e+00
598.519	1.687	-1.588	2.024945e+01	3.590862e+00	-3.588956e+00
602.111	1.901	-1.905	1.794774e+01	3.084604e+00	-3.101977e+00
606.456	2.471	-2.444	1.375303e+01	2.400530e+00	-2.407257e+00
610.622	1.661	-1.695	2.044407e+01	3.479328e+00	-3.595925e+00
614.605	1.882	-2.322	1.610607e+01	2.725365e+00	-2.844827e+00
618.560	1.840	-2.074	1.734815e+01	2.908919e+00	-3.011895e+00
622.183	1.228	-1.783	2.223490e+01	3.804443e+00	-3.888131e+00
626.081	2.826	-2.669	1.222758e+01	2.062592e+00	-2.105556e+00
631.256	2.147	-2.349	1.375374e+01	2.494108e+00	-2.566560e+00
635.504	2.281	-2.101	1.453470e+01	2.601518e+00	-2.660344e+00
639.712	1.821	-1.927	1.848327e+01	3.128663e+00	-3.153110e+00
643.981	2.441	-2.448	1.376761e+01	2.404384e+00	-2.404373e+00
648.315	2.248	-1.892	1.680725e+01	2.935854e+00	-2.930619e+00
653.400	2.916	-2.838	1.232127e+01	2.124931e+00	-2.083067e+00
! PC data
4534.864	22.710	-22.421	9.131361e-01	2.051401e-01	-2.051401e-01
4588.883	28.867	-31.308	7.184918e-01	1.581929e-01	-1.581929e-01
4645.254	15.120	-27.504	9.984599e-01	2.185289e-01	-2.185289e-01
4675.153	20.323	-14.779	1.164046e+00	2.611004e-01	-2.611004e-01
4732.863	25.296	-37.387	6.835951e-01	1.507347e-01	-1.507347e-01
4782.321	28.492	-24.161	7.759938e-01	1.746032e-01	-1.746032e-01
4837.913	25.554	-27.100	8.393740e-01	1.807430e-01	-1.807430e-01
4880.633	17.937	-17.166	1.147136e+00	2.577092e-01	-2.577092e-01
4917.361	21.325	-18.792	1.015324e+00	2.291707e-01	-2.291707e-01
4965.336	20.989	-26.650	9.360617e-01	2.004187e-01	-2.004187e-01
5002.738	18.689	-16.413	1.144029e+00	2.570112e-01	-2.570112e-01
5044.606	19.446	-23.179	9.469003e-01	2.130581e-01	-2.130581e-01
5086.599	25.091	-22.548	8.453401e-01	1.902065e-01	-1.902065e-01
5133.743	23.080	-22.052	8.871864e-01	1.996222e-01	-1.996222e-01
5178.376	16.056	-21.554	1.080543e+00	2.419929e-01	-2.419929e-01
5217.730	21.834	-23.297	9.087676e-01	2.047984e-01	-2.047984e-01
5263.492	16.189	-23.928	1.073877e+00	2.357352e-01	-2.357352e-01
5305.244	17.061	-25.563	9.415184e-01	2.115163e-01	-2.115163e-01
5355.218	24.756	-32.913	7.768120e-01	1.665584e-01	-1.665584e-01
5407.225	27.909	-27.251	7.742468e-01	1.707236e-01	-1.707236e-01
5465.197	30.113	-30.063	6.755612e-01	1.522434e-01	-1.522434e-01
5535.783	22.210	-40.473	7.528924e-01	1.582725e-01	-1.582725e-01
5586.937	16.188	-28.944	9.035007e-01	2.026590e-01	-2.026590e-01
5621.423	14.297	-18.298	1.264249e+00	2.835763e-01	-2.835763e-01
5664.026	24.348	-28.306	7.965868e-01	1.786778e-01	-1.786778e-01
5719.229	31.828	-30.855	7.115547e-01	1.525664e-01	-1.525664e-01
5777.246	21.450	-26.189	9.147523e-01	2.002081e-01	-2.002081e-01
5829.270	39.622	-30.575	7.051774e-01	1.456416e-01	-1.456416e-01
10665.100	66.144	-56.714	4.417653e-01	9.947396e-02	-9.947396e-02
10782.117	46.914	-50.872	5.683458e-01	1.249698e-01	-1.249698e-01
10876.375	42.919	-47.345	5.864727e-01	1.319262e-01	-1.319262e-01
10966.294	38.249	-47.000	6.281799e-01	1.406051e-01	-1.406051e-01
11090.151	102.440	-85.609	2.842142e-01	6.412595e-02	-6.412595e-02
11246.835	56.078	-54.244	4.878790e-01	1.104102e-01	-1.104102e-01
11354.638	66.119	-51.725	4.627481e-01	1.040945e-01	-1.040945e-01
11462.474	38.517	-41.717	6.904768e-01	1.548572e-01	-1.548572e-01
11576.034	52.829	-75.043	3.929209e-01	8.094963e-02	-8.094963e-02
16403.215	45.400	-34.834	3.149773e-01	7.100982e-02	-7.100982e-02
16483.197	50.666	-34.582	3.002785e-01	6.721280e-02	-6.721280e-02
16599.396	54.819	-65.532	2.106311e-01	4.729127e-02	-4.729127e-02
16715.233	51.810	-61.019	2.249236e-01	5.044864e-02	-5.044864e-02
16823.301	49.050	-56.258	3.661910e-01	8.228789e-02	-8.228789e-02
16966.439	56.351	-94.088	2.607579e-01	5.866585e-02	-5.866585e-02
17118.915	54.314	-96.125	3.031887e-01	6.813435e-02	-6.813435e-02
17250.144	81.045	-76.915	2.557857e-01	4.682709e-02	-4.682709e-02
21930.528	153.954	-222.141	1.488526e-01	2.501724e-02	-2.501724e-02
22433.248	118.677	-160.662	1.350922e-01	3.042047e-02	-3.042047e-02
22633.494	96.448	-81.569	1.830639e-01	4.021591e-02	-4.021591e-02
27678.503	55.061	-70.305	1.953112e-01	4.401355e-02	-4.401355e-02
27787.449	58.945	-53.885	2.160497e-01	4.878213e-02	-4.878213e-02
27926.536	55.252	-80.143	1.918131e-01	4.197307e-02	-4.197307e-02
28036.926	57.691	-55.138	2.185838e-01	4.901910e-02	-4.901910e-02
28158.155	51.798	-63.538	2.125999e-01	4.772346e-02	-4.772346e-02
28364.228	126.540	-154.274	1.658467e-01	2.711096e-02	-2.711096e-02
33458.193	90.183	-90.344	1.377979e-01	3.092014e-02	-3.092014e-02
33659.752	116.790	-111.376	1.091056e-01	2.455053e-02	-2.455053e-02
33896.520	83.114	-119.979	9.833480e-02	2.482123e-02	-2.482123e-02
34072.942	99.756	-93.308	9.578557e-02	2.503372e-02	-2.503372e-02
34373.188	175.599	-200.491	9.554723e-02	1.788864e-02	-1.788864e-02
44572.768	176.834	-184.217	1.063425e-01	1.956611e-02	-1.956611e-02
45832.162	112.367	-90.726	1.250960e-01	2.815330e-02	-2.815330e-02
46064.904	125.339	-120.375	8.782798e-02	2.149650e-02	-2.149650e-02
50758.604	153.270	-130.057	6.667965e-02	1.732945e-02	-1.732945e-02
51061.684	166.111	-149.810	5.968867e-02	1.560202e-02	-1.560202e-02
51321.210	152.302	-93.415	9.202252e-02	2.186790e-02	-2.186790e-02
51701.357	248.545	-227.844	6.359858e-02	1.308854e-02	-1.308854e-02
56476.161	334.145	-267.607	5.877734e-02	1.140313e-02	-1.140313e-02
62387.811	175.671	-157.802	5.948166e-02	1.549448e-02	-1.549448e-02
62723.934	223.169	-160.451	5.164056e-02	1.343089e-02	-1.343089e-02
63172.266	238.682	-225.164	5.688602e-02	1.281966e-02	-1.281966e-02
91235.487	854.106	-562.519	2.037136e-02	4.450350e-03	-4.450350e-03
97284.980	564.830	-911.969	2.308018e-02	4.725398e-03	-4.725398e-03
102634.555	914.901	-501.723	2.180714e-02	4.535328e-03	-4.535328e-03
