col1 col2 col3 col4 col5 col6
60.937 1.663 -1.984 1.04002826e-09 2.3979597600000004e-10 -1.9258654400000003e-10
64.302 1.579 -1.701 1.0572446800000001e-09 2.40429258e-10 -2.2069788000000004e-10
67.198 1.452 -1.316 1.3115644200000002e-09 2.69817186e-10 -2.6445827800000004e-10
69.766 0.775 -1.116 1.7159191400000001e-09 3.20879118e-10 -3.2745192e-10
71.652 1.115 -1.111 1.30809924e-09 2.44885416e-10 -2.51708964e-10
74.027 1.01 -1.26 1.3206853e-09 2.3401143e-10 -2.41363702e-10
76.325 1.148 -1.288 1.24878408e-09 2.11504596e-10 -2.17525398e-10
78.471 1.115 -0.999 1.43905618e-09 2.35993662e-10 -2.41086e-10
80.603 1.027 -1.017 1.39801084e-09 2.3221536e-10 -2.36893468e-10
82.567 0.862 -0.937 1.5722330800000001e-09 2.56090234e-10 -2.6116348200000004e-10
84.581 1.056 -1.152 1.2808589600000002e-09 2.06330286e-10 -2.0980945e-10
86.869 1.198 -1.232 1.1304357400000001e-09 1.88176156e-10 -1.91154334e-10
89.242 1.014 -1.175 1.2923028400000002e-09 2.0619178e-10 -2.09145072e-10
91.314 1.08 -1.059 1.251683e-09 2.01548402e-10 -2.0394767000000002e-10
93.644 1.477 -1.25 9.610711e-10 1.5443248800000002e-10 -1.5618596200000001e-10
96.606 1.266 -1.484 9.667912e-10 1.5194788999999999e-10 -1.5352178e-10
99.115 1.093 -1.243 1.12212078e-09 1.8010219000000001e-10 -1.8209238000000002e-10
101.373 1.289 -1.165 1.06764022e-09 1.72122984e-10 -1.7422707000000003e-10
103.592 1.128 -0.93 1.25284542e-09 2.05527172e-10 -2.07978512e-10
105.799 0.896 -1.079 1.3442833e-09 2.13824468e-10 -2.1671336e-10
107.877 0.901 -1.182 1.2560484e-09 2.02847304e-10 -2.05419486e-10
110.101 1.015 -1.323 1.13556474e-09 1.7999892e-10 -1.8226607600000002e-10
112.095 0.967 -0.979 1.3703147e-09 2.2128001e-10 -2.2408030600000002e-10
114.417 1.132 -1.355 1.06182674e-09 1.7665311000000003e-10 -1.7854058200000002e-10
116.657 0.822 -1.108 1.4089123800000001e-09 2.2725370800000004e-10 -2.3006118000000001e-10
118.511 0.82 -1.032 1.4897238e-09 2.3767579e-10 -2.41075926e-10
120.453 1.253 -1.122 1.12851248e-09 1.86646012e-10 -1.8927693599999998e-10
123.023 0.936 -1.316 1.2384267200000001e-09 2.0298778800000003e-10 -2.0636193400000002e-10
124.82 0.906 -0.861 1.6238294400000002e-09 2.62282984e-10 -2.66893518e-10
126.461 0.677 -0.736 1.97287192e-09 3.2766122000000004e-10 -3.32645596e-10
128.024 0.913 -0.886 1.59493178e-09 2.59149142e-10 -2.64113922e-10
129.689 0.776 -0.752 1.8503582800000002e-09 3.0589172000000003e-10 -3.1167497800000004e-10
131.671 1.072 -1.206 1.25972978e-09 2.0452027800000003e-10 -2.0839472e-10
133.931 1.418 -1.188 1.05589596e-09 1.82075866e-10 -1.8576801e-10
136.232 0.965 -0.883 1.55766304e-09 2.57668172e-10 -2.63787828e-10
138.153 0.73 -0.955 1.68460234e-09 2.81433474e-10 -2.8753243e-10
140.019 1.178 -1.137 1.20850556e-09 2.0787372400000003e-10 -2.1292549000000003e-10
142.023 0.596 -0.826 1.99665024e-09 3.3916582e-10 -3.4789915e-10
143.509 1.084 -0.89 1.46300102e-09 2.45526242e-10 -2.52199876e-10
145.71 1.004 -1.117 1.3725894e-09 2.36422658e-10 -2.43175136e-10
147.808 1.019 -1.094 1.39712166e-09 2.36898758e-10 -2.4382093000000005e-10
149.951 1.13 -1.123 1.292347e-09 2.2280463400000002e-10 -2.29204844e-10
152.209 1.036 -1.129 1.3638314600000001e-09 2.34178226e-10 -2.41450228e-10
154.104 0.931 -0.859 1.65026426e-09 2.8780985600000003e-10 -2.97143716e-10
156.596 1.39 -1.561 9.877267200000001e-10 1.7401257200000001e-10 -1.7944232000000002e-10
159.297 1.291 -1.31 1.1370579000000002e-09 1.9974032600000002e-10 -2.0620889200000004e-10
161.847 1.194 -1.259 1.18827292e-09 2.1079831200000002e-10 -2.17430178e-10
164.352 1.635 -1.311 9.9985646e-10 1.81244094e-10 -1.86712528e-10
167.097 0.92 -1.11 1.5256047200000001e-09 2.8396697e-10 -2.9219052800000005e-10
169.72 1.411 -1.703 1.0243330600000001e-09 1.8404554e-10 -1.8974659600000002e-10
172.733 1.269 -1.602 1.07851508e-09 2.03010098e-10 -2.0852927e-10
175.193 1.313 -1.19 1.23230642e-09 2.3004678200000001e-10 -2.36593824e-10
177.72 1.292 -1.215 1.2525919600000002e-09 2.2418454200000002e-10 -2.31159522e-10
180.701 0.997 -1.689 1.15213394e-09 2.0930069000000001e-10 -2.1558212800000003e-10
182.758 1.078 -1.059 1.4275998800000002e-09 2.61926852e-10 -2.69714284e-10
184.893 1.135 -1.057 1.4121020200000002e-09 2.54258514e-10 -2.6220036800000004e-10
187.331 1.442 -1.303 1.09069542e-09 1.9528347800000003e-10 -2.01421166e-10
189.785 1.146 -1.012 1.34858798e-09 2.4283735800000005e-10 -2.50280618e-10
192.435 1.613 -1.504 9.6112584e-10 1.6902879400000002e-10 -1.74473722e-10
195.382 1.489 -1.335 1.0005e-09 1.8772738000000002e-10 -1.9311586600000003e-10
198.039 1.243 -1.168 1.2250186400000001e-09 2.2156787800000002e-10 -2.2831359400000003e-10
200.515 1.05 -1.233 1.29378082e-09 2.3526194000000003e-10 -2.4222726e-10
202.642 0.953 -1.077 1.4337418e-09 2.56445262e-10 -2.6426659600000003e-10
205.137 1.347 -1.542 1.0369021e-09 1.8169862e-10 -1.8757392400000002e-10
207.89 1.056 -1.406 1.2527653800000001e-09 2.2197378199999998e-10 -2.29098492e-10
209.889 1.19 -0.943 1.4980286400000002e-09 2.6406070000000003e-10 -2.72603084e-10
212.145 0.992 -1.066 1.5524231800000002e-09 2.73501004e-10 -2.82397634e-10
214.386 1.027 -1.248 1.3642721400000001e-09 2.47248022e-10 -2.5484814200000003e-10
216.838 1.809 -1.425 9.879797200000001e-10 1.7766064800000002e-10 -1.82884684e-10
219.692 1.048 -1.044 1.53594046e-09 2.88326482e-10 -2.9424024200000003e-10
222.185 1.37 -1.445 1.12935566e-09 2.0970466200000003e-10 -2.1557633200000002e-10
224.748 1.457 -1.194 1.1814686e-09 2.2412166e-10 -2.2981236600000001e-10
227.592 1.312 -1.387 1.1950358400000001e-09 2.2066563400000002e-10 -2.2653813200000003e-10
230.401 1.474 -1.497 1.0860094e-09 1.94361776e-10 -2.0043345400000002e-10
233.447 1.312 -1.572 1.09723708e-09 1.9935687e-10 -2.0537164600000002e-10
236.197 0.991 -1.438 1.3218997e-09 2.3589112800000003e-10 -2.4334653200000003e-10
238.877 1.321 -1.69 1.05119522e-09 1.90143944e-10 -1.9592853600000002e-10
241.763 1.557 -1.565 1.0049482e-09 1.80958066e-10 -1.8639922200000003e-10
244.987 1.566 -1.667 9.690507200000002e-10 1.69106488e-10 -1.74563974e-10
247.81 1.661 -1.257 1.05832108e-09 1.8989651000000003e-10 -1.9580475e-10
251.212 1.564 -1.742 9.6597286e-10 1.71021284e-10 -1.7651106200000002e-10
254.751 1.341 -1.975 9.6227538e-10 1.7409799400000002e-10 -1.79400046e-10
257.708 1.775 -1.616 9.4106248e-10 1.7076649e-10 -1.7590133200000003e-10
260.985 1.384 -1.501 1.04248236e-09 1.9817697000000003e-10 -2.0345721800000002e-10
263.862 1.748 -1.493 9.521181200000001e-10 1.6728185200000003e-10 -1.7272954e-10
267.407 2.061 -1.796 7.8875694e-10 1.4037815400000002e-10 -1.44655786e-10
271.712 1.565 -2.244 7.8445778e-10 1.44399428e-10 -1.48653048e-10
274.744 1.481 -1.467 1.08546016e-09 1.9110985200000002e-10 -1.97244366e-10
278.187 1.942 -1.962 8.197775e-10 1.45360184e-10 -1.50032266e-10
282.153 2.018 -2.024 7.425002600000001e-10 1.38383916e-10 -1.42380258e-10
286.048 1.681 -1.877 8.5627988e-10 1.52614844e-10 -1.57220778e-10
289.678 2.109 -1.949 7.177117800000001e-10 1.35728106e-10 -1.3955526e-10
293.477 1.509 -1.69 9.9423802e-10 1.78941932e-10 -1.8447771000000003e-10
296.723 1.782 -1.737 9.247131600000001e-10 1.6856884000000002e-10 -1.73700554e-10
300.124 1.45 -1.619 1.07592758e-09 1.9627224800000002e-10 -2.0205845e-10
303.8 2.049 -2.226 6.994511600000001e-10 1.35434258e-10 -1.3904838599999999e-10
308.559 1.886 -2.71 6.8795024e-10 1.21655464e-10 -1.25570754e-10
312.005 1.52 -1.56 9.8262256e-10 1.8232035600000002e-10 -1.87623834e-10
315.238 1.732 -1.714 9.0028578e-10 1.6321513e-10 -1.68148216e-10
318.857 1.964 -1.886 8.3620134e-10 1.47972018e-10 -1.5269217000000002e-10
322.881 1.836 -2.061 7.7912132e-10 1.44855978e-10 -1.4907611e-10
326.281 2.472 -1.564 7.686158400000002e-10 1.37361106e-10 -1.41680092e-10
331.019 1.83 -2.266 7.3528194e-10 1.3170145e-10 -1.35716238e-10
334.475 2.0 -1.626 8.412917e-10 1.4998907200000002e-10 -1.54677438e-10
338.439 1.64 -1.964 7.9154454e-10 1.44563234e-10 -1.48880564e-10
341.563 1.958 -1.483 8.0448756e-10 1.4997605400000002e-10 -1.54128934e-10
345.942 1.855 -2.422 6.6498888e-10 1.2232021e-10 -1.25826054e-10
349.537 1.739 -1.74 8.5145862e-10 1.57282234e-10 -1.61844514e-10
5219.413 151.206 -207.34 2.4777532000000003e-12 6.6018602e-13 -6.6018602e-13
5568.271 223.576 -197.652 2.0519969800000003e-12 5.4674542e-13 -5.4674542e-13
5910.957 111.564 -119.109 5.0246352e-12 1.1471296000000002e-12 -1.1471296000000002e-12
6267.496 238.928 -244.976 2.47055788e-12 5.607239e-13 -5.607239e-13
