! WT data
85.578	0.410	-0.389	2.706996e+02	3.471096e+01	-3.351877e+01
86.406	0.356	-0.418	2.713020e+02	3.607932e+01	-3.491564e+01
87.259	0.519	-0.498	2.124927e+02	2.746518e+01	-2.637754e+01
88.232	0.520	-0.453	2.222026e+02	3.096389e+01	-2.786416e+01
89.251	0.473	-0.499	2.247648e+02	3.259278e+01	-2.785347e+01
90.358	0.676	-0.635	1.649185e+02	2.643930e+01	-2.056301e+01
91.679	0.631	-0.645	1.678789e+02	2.306552e+01	-2.112153e+01
92.826	0.637	-0.516	1.875704e+02	2.443629e+01	-2.343832e+01
94.065	0.547	-0.602	1.899689e+02	2.450409e+01	-2.346689e+01
95.421	0.652	-0.808	1.500059e+02	1.963836e+01	-1.868192e+01
96.909	0.582	-0.836	1.540116e+02	2.108643e+01	-1.949072e+01
98.130	0.652	-0.639	1.658001e+02	2.574301e+01	-2.149194e+01
99.216	0.325	-0.433	1.795779e+02	2.451429e+01	-2.249501e+01
99.877	0.331	-0.337	1.169063e+02	1.439126e+01	-1.436826e+01
100.532	0.338	-0.324	1.178473e+02	1.451228e+01	-1.448878e+01
101.155	0.284	-0.285	1.369647e+02	1.688056e+01	-1.685264e+01
101.764	0.278	-0.325	1.279609e+02	1.600189e+01	-1.597591e+01
102.311	0.267	-0.269	1.456449e+02	1.795233e+01	-1.792256e+01
102.901	0.332	-0.323	1.178765e+02	1.473280e+01	-1.470908e+01
103.549	0.331	-0.317	1.191746e+02	1.490901e+01	-1.488476e+01
104.191	0.360	-0.311	1.162859e+02	1.435898e+01	-1.433499e+01
104.883	0.326	-0.332	1.159954e+02	1.473465e+01	-1.471145e+01
105.465	0.253	-0.256	1.578592e+02	1.923032e+01	-1.919759e+01
106.066	0.345	-0.348	1.124076e+02	1.388589e+01	-1.386280e+01
106.798	0.302	-0.387	1.120919e+02	1.406224e+01	-1.404017e+01
107.386	0.399	-0.286	1.126735e+02	1.416816e+01	-1.414775e+01
108.130	0.427	-0.345	9.587469e+01	1.240269e+01	-1.238500e+01
108.925	0.347	-0.368	1.079073e+02	1.355340e+01	-1.353294e+01
109.662	0.346	-0.389	1.068936e+02	1.327233e+01	-1.325372e+01
110.369	0.291	-0.362	8.105027e+01	1.221350e+01	-1.220178e+01
110.991	0.267	-0.331	8.852553e+01	1.333902e+01	-1.332615e+01
111.558	0.294	-0.300	8.905549e+01	1.341772e+01	-1.340469e+01
112.171	0.315	-0.318	8.224561e+01	1.267099e+01	-1.266051e+01
112.811	0.310	-0.325	8.201510e+01	1.263603e+01	-1.262564e+01
113.446	0.329	-0.325	8.082766e+01	1.219926e+01	-1.218892e+01
114.061	0.355	-0.285	8.133260e+01	1.252607e+01	-1.251541e+01
114.710	0.277	-0.294	9.121506e+01	1.405188e+01	-1.404020e+01
115.267	0.319	-0.280	8.826284e+01	1.330972e+01	-1.329760e+01
115.929	0.401	-0.342	7.004642e+01	1.079395e+01	-1.078521e+01
116.705	0.446	-0.375	6.351280e+01	9.796799e+00	-9.789558e+00
117.480	0.449	-0.330	6.791000e+01	1.027194e+01	-1.026481e+01
118.244	0.264	-0.315	9.152480e+01	1.385187e+01	-1.384271e+01
118.896	0.339	-0.388	7.320389e+01	1.119909e+01	-1.119277e+01
119.664	0.431	-0.429	6.158298e+01	9.339263e+00	-9.334253e+00
120.525	0.287	-0.430	7.496533e+01	1.157863e+01	-1.157112e+01
121.330	0.513	-0.518	5.233545e+01	8.091775e+00	-8.087007e+00
122.364	0.419	-0.520	5.749014e+01	8.897703e+00	-8.893006e+00
123.205	0.441	-0.422	6.358057e+01	9.633366e+00	-9.627722e+00
124.174	0.430	-0.529	5.721073e+01	8.655281e+00	-8.649405e+00
125.140	0.397	-0.535	5.792823e+01	8.942807e+00	-8.936720e+00
126.091	0.585	-0.553	4.818298e+01	7.285919e+00	-7.280717e+00
127.223	0.672	-0.547	4.501692e+01	6.830979e+00	-6.827447e+00
128.604	0.772	-0.710	3.643982e+01	5.641678e+00	-5.638794e+00
130.029	0.577	-0.652	4.392856e+01	6.812089e+00	-6.808964e+00
131.553	0.996	-0.947	2.805614e+01	4.277150e+00	-4.275415e+00
133.266	0.722	-0.717	3.722590e+01	5.776149e+00	-5.773654e+00
134.870	0.673	-0.882	3.500445e+01	5.336096e+00	-5.333844e+00
136.563	1.105	-1.020	2.522238e+01	3.915656e+00	-3.914026e+00
139.014	1.196	-1.346	2.140954e+01	3.262544e+00	-3.261108e+00
141.097	0.839	-0.887	3.150595e+01	4.799038e+00	-4.797028e+00
143.094	1.132	-1.159	2.328617e+01	3.612289e+00	-3.610605e+00
145.210	1.230	-0.983	2.411002e+01	3.728161e+00	-3.726014e+00
148.131	1.688	-1.691	1.428853e+01	2.512028e+00	-2.510915e+00
151.685	1.651	-1.866	1.544454e+01	2.345379e+00	-2.344254e+00
154.872	1.508	-1.536	1.791415e+01	2.723179e+00	-2.721934e+00
158.607	1.970	-2.227	1.299316e+01	1.977135e+00	-1.976268e+00
162.797	2.381	-2.220	1.167249e+01	1.768266e+00	-1.767180e+00
167.406	1.408	-2.228	9.028585e+00	1.829641e+00	-1.828827e+00
170.656	2.357	-1.842	8.411620e+00	1.548136e+00	-1.547222e+00
175.220	2.188	-2.206	8.019942e+00	1.475752e+00	-1.474862e+00
179.551	2.176	-2.144	7.964705e+00	1.511910e+00	-1.511020e+00
186.122	4.834	-4.394	3.534285e+00	7.149674e-01	-7.145628e-01
194.724	6.990	-3.768	3.031268e+00	6.129081e-01	-6.125448e-01
209.577	8.151	-7.863	2.037926e+00	4.121153e-01	-4.118738e-01
227.837	10.118	-10.109	1.616324e+00	3.269244e-01	-3.267365e-01
255.064	27.100	-17.109	7.180046e-01	1.500836e-01	-1.500019e-01
! PC data
529.451	112.494	-175.848	8.010877e-02	2.095295e-02	-2.095295e-02
853.283	172.282	-211.338	5.986419e-02	1.568699e-02	-1.568699e-02
1196.364	69.903	-170.800	9.631352e-02	2.519140e-02	-2.519140e-02
1639.145	506.703	-372.878	5.304530e-02	1.107980e-02	-1.107980e-02
6136.004	151.053	-172.391	5.934883e-02	1.567786e-02	-1.567786e-02
6476.668	141.355	-189.611	5.367795e-02	1.521944e-02	-1.521944e-02
6726.661	157.138	-108.638	7.189152e-02	1.890022e-02	-1.890022e-02
7069.501	117.675	-185.702	6.221914e-02	1.656363e-02	-1.656363e-02
11839.077	449.225	-237.776	6.394816e-02	1.111894e-02	-1.111894e-02
29405.863	213.044	-505.052	3.198759e-02	8.633715e-03	-8.633715e-03
30292.617	577.430	-673.710	2.291835e-02	5.308959e-03	-5.308959e-03
35272.839	298.461	-595.914	2.455880e-02	6.551698e-03	-6.551698e-03
35784.213	218.346	-212.913	5.050041e-02	1.314481e-02	-1.314481e-02
36317.927	291.389	-315.368	3.568762e-02	9.333664e-03	-9.333664e-03
41195.005	613.239	-783.327	2.099971e-02	4.589970e-03	-4.589970e-03
89690.379	15536.777	-14262.687	1.951607e-02	3.720620e-03	-3.720620e-03
