! WT data
94.788	0.330	-0.297	8.016254e+01	1.194994e+01	-1.194994e+01
95.469	0.242	-0.351	8.473625e+01	1.263175e+01	-1.263175e+01
96.088	0.327	-0.377	7.125559e+01	1.062217e+01	-1.062217e+01
96.747	0.298	-0.332	7.840319e+01	1.195401e+01	-1.195400e+01
97.358	0.314	-0.314	7.993533e+01	1.191607e+01	-1.191607e+01
98.045	0.341	-0.372	7.036711e+01	1.048973e+01	-1.048972e+01
98.769	0.334	-0.383	7.001782e+01	1.043766e+01	-1.043765e+01
99.457	0.338	-0.354	7.253773e+01	1.081330e+01	-1.081330e+01
100.205	0.380	-0.410	6.251073e+01	9.530910e+00	-9.530907e+00
100.911	0.395	-0.326	6.967205e+01	1.038611e+01	-1.038611e+01
101.693	0.399	-0.387	6.279351e+01	9.574025e+00	-9.574023e+00
102.519	0.363	-0.427	6.355342e+01	9.473998e+00	-9.473995e+00
103.183	0.343	-0.301	7.794811e+01	1.161983e+01	-1.161983e+01
103.944	0.408	-0.418	5.981624e+01	9.120084e+00	-9.120082e+00
104.861	0.476	-0.510	4.951728e+01	7.549820e+00	-7.549817e+00
105.671	0.335	-0.334	7.298263e+01	1.087962e+01	-1.087962e+01
106.381	0.302	-0.374	7.221430e+01	1.076509e+01	-1.076508e+01
107.057	0.367	-0.375	6.580700e+01	9.809942e+00	-9.809939e+00
107.844	0.482	-0.420	5.323914e+01	8.117284e+00	-8.117282e+00
108.807	0.464	-0.481	5.083189e+01	7.750255e+00	-7.750253e+00
109.716	0.398	-0.446	5.789421e+01	8.630370e+00	-8.630367e+00
110.549	0.446	-0.435	5.543773e+01	8.264179e+00	-8.264177e+00
111.353	0.316	-0.358	7.121821e+01	1.085852e+01	-1.085852e+01
112.029	0.378	-0.360	6.504033e+01	9.916592e+00	-9.916590e+00
112.686	0.330	-0.278	8.024009e+01	1.196150e+01	-1.196150e+01
113.509	0.391	-0.493	5.430927e+01	8.280445e+00	-8.280443e+00
114.299	0.345	-0.399	6.457346e+01	9.845410e+00	-9.845407e+00
115.071	0.414	-0.427	5.645259e+01	8.897793e+00	-8.897791e+00
115.890	0.298	-0.404	6.953303e+01	1.036539e+01	-1.036538e+01
116.673	0.466	-0.485	5.050429e+01	7.700306e+00	-7.700304e+00
117.511	0.486	-0.371	5.699169e+01	8.495830e+00	-8.495828e+00
118.461	0.417	-0.464	5.549499e+01	8.272715e+00	-8.272713e+00
119.423	0.465	-0.545	4.836268e+01	7.209491e+00	-7.209489e+00
120.197	0.373	-0.308	7.172320e+01	1.069188e+01	-1.069187e+01
121.171	0.477	-0.601	4.533066e+01	6.757505e+00	-6.757503e+00
122.116	0.404	-0.468	5.606121e+01	8.357122e+00	-8.357120e+00
122.971	0.556	-0.451	4.853285e+01	7.234858e+00	-7.234857e+00
123.948	0.433	-0.421	5.629123e+01	8.582631e+00	-8.582629e+00
124.798	0.490	-0.417	5.298087e+01	8.077905e+00	-8.077903e+00
125.699	0.315	-0.411	6.732848e+01	1.003675e+01	-1.003675e+01
126.586	0.531	-0.572	4.433673e+01	6.609337e+00	-6.609336e+00
127.591	0.357	-0.474	5.792097e+01	8.831114e+00	-8.831112e+00
128.475	0.521	-0.527	4.592266e+01	7.001752e+00	-7.001751e+00
129.471	0.567	-0.475	4.692684e+01	6.995448e+00	-6.995447e+00
130.592	0.390	-0.553	5.188514e+01	7.734589e+00	-7.734588e+00
131.488	0.428	-0.506	5.237929e+01	7.808252e+00	-7.808250e+00
132.291	0.489	-0.376	5.658255e+01	8.434839e+00	-8.434837e+00
133.332	0.498	-0.552	4.660869e+01	6.948022e+00	-6.948020e+00
134.253	0.457	-0.424	5.373291e+01	8.380985e+00	-8.380983e+00
135.210	0.470	-0.500	5.157838e+01	7.604826e+00	-7.604825e+00
136.216	0.587	-0.536	4.358073e+01	6.496639e+00	-6.496637e+00
137.280	0.506	-0.477	4.892024e+01	7.458788e+00	-7.458787e+00
138.400	0.466	-0.614	4.531338e+01	6.754927e+00	-6.754926e+00
139.403	0.358	-0.537	5.378541e+01	8.200573e+00	-8.200571e+00
140.321	0.723	-0.560	3.689734e+01	5.755059e+00	-5.755058e+00
141.619	0.575	-0.575	4.257771e+01	6.347118e+00	-6.347116e+00
142.767	0.551	-0.573	4.280650e+01	6.526636e+00	-6.526634e+00
143.934	0.672	-0.616	3.799053e+01	5.663301e+00	-5.663299e+00
145.259	0.619	-0.653	3.783786e+01	5.769076e+00	-5.769074e+00
146.429	0.374	-0.551	5.289392e+01	7.884969e+00	-7.884967e+00
147.480	0.773	-0.677	3.263172e+01	5.089730e+00	-5.089728e+00
148.874	0.583	-0.621	4.058377e+01	6.049879e+00	-6.049877e+00
150.114	0.511	-0.656	4.188401e+01	6.243707e+00	-6.243706e+00
151.348	0.853	-0.723	3.101078e+01	4.622819e+00	-4.622818e+00
152.906	0.588	-0.705	3.717368e+01	5.667809e+00	-5.667808e+00
154.143	0.679	-0.648	3.622690e+01	5.523455e+00	-5.523454e+00
155.448	0.583	-0.626	3.974303e+01	6.059555e+00	-6.059553e+00
156.772	0.602	-0.741	3.639145e+01	5.424923e+00	-5.424922e+00
158.185	0.735	-0.810	3.165383e+01	4.718679e+00	-4.718678e+00
159.628	0.660	-0.708	3.514326e+01	5.358234e+00	-5.358233e+00
161.282	0.854	-0.995	2.644423e+01	3.942078e+00	-3.942077e+00
162.754	0.766	-0.618	3.473703e+01	5.296298e+00	-5.296297e+00
164.646	0.954	-1.126	2.311819e+01	3.524792e+00	-3.524791e+00
166.419	0.774	-0.820	3.016238e+01	4.598808e+00	-4.598807e+00
168.300	1.027	-1.106	2.291239e+01	3.415581e+00	-3.415580e+00
170.074	0.796	-0.747	3.062225e+01	4.776303e+00	-4.776302e+00
171.910	1.084	-1.040	2.298929e+01	3.427045e+00	-3.427044e+00
174.122	0.949	-1.129	2.350103e+01	3.503332e+00	-3.503331e+00
176.327	1.054	-1.255	2.114731e+01	3.152459e+00	-3.152458e+00
178.417	0.861	-1.035	2.574972e+01	3.838547e+00	-3.838546e+00
180.201	1.028	-0.924	2.461225e+01	3.752589e+00	-3.752588e+00
182.258	0.813	-1.028	2.652190e+01	3.953656e+00	-3.953655e+00
184.045	0.944	-0.974	2.504626e+01	3.818762e+00	-3.818762e+00
185.939	1.028	-0.951	2.428107e+01	3.702095e+00	-3.702094e+00
188.335	1.210	-1.368	1.894410e+01	2.824023e+00	-2.824022e+00
190.530	0.898	-0.985	2.594611e+01	3.867822e+00	-3.867821e+00
192.497	1.131	-1.070	2.219175e+01	3.308156e+00	-3.308155e+00
195.178	1.486	-1.550	1.582738e+01	2.413174e+00	-2.413174e+00
197.881	1.052	-1.218	2.199186e+01	3.242528e+00	-3.242527e+00
200.143	0.792	-1.210	2.360142e+01	3.681230e+00	-3.681229e+00
201.910	1.023	-0.975	2.496427e+01	3.680786e+00	-3.680785e+00
204.036	1.370	-1.103	1.973041e+01	2.941240e+00	-2.941239e+00
206.524	1.156	-1.118	2.040427e+01	3.256458e+00	-3.256457e+00
208.696	0.954	-1.016	2.436820e+01	3.715379e+00	-3.715378e+00
210.613	0.897	-0.964	2.621917e+01	3.908528e+00	-3.908527e+00
213.096	1.346	-1.586	1.609578e+01	2.510539e+00	-2.510538e+00
215.410	1.093	-0.967	2.329467e+01	3.551700e+00	-3.551699e+00
217.477	0.799	-0.975	2.750721e+01	4.100538e+00	-4.100537e+00
219.235	1.144	-0.959	2.320194e+01	3.458745e+00	-3.458744e+00
221.449	0.964	-1.070	2.399361e+01	3.576762e+00	-3.576761e+00
223.220	0.919	-0.807	2.781029e+01	4.240190e+00	-4.240188e+00
225.198	0.912	-1.060	2.434628e+01	3.712037e+00	-3.712036e+00
227.183	1.030	-1.073	2.320232e+01	3.458802e+00	-3.458801e+00
228.986	0.742	-0.773	3.218914e+01	4.798480e+00	-4.798479e+00
230.813	0.944	-1.085	2.405714e+01	3.586232e+00	-3.586231e+00
232.770	1.100	-1.013	2.308524e+01	3.441350e+00	-3.441349e+00
234.718	0.908	-0.848	2.733167e+01	4.167215e+00	-4.167214e+00
236.646	1.181	-1.020	2.217100e+01	3.305062e+00	-3.305061e+00
238.763	0.987	-0.936	2.537051e+01	3.782018e+00	-3.782017e+00
241.038	0.990	-1.287	2.107508e+01	3.213283e+00	-3.213282e+00
243.065	0.985	-1.038	2.412107e+01	3.595762e+00	-3.595761e+00
244.894	0.665	-0.844	3.181091e+01	4.850158e+00	-4.850157e+00
247.057	1.262	-1.498	1.768221e+01	2.635912e+00	-2.635911e+00
249.678	0.980	-1.359	2.017200e+01	3.146327e+00	-3.146326e+00
251.631	0.968	-0.973	2.513759e+01	3.747296e+00	-3.747295e+00
253.871	1.144	-1.272	2.019973e+01	3.011202e+00	-3.011202e+00
256.623	1.437	-1.607	1.604222e+01	2.391437e+00	-2.391436e+00
259.376	1.328	-1.316	1.786567e+01	2.786596e+00	-2.786595e+00
261.944	1.314	-1.241	1.911440e+01	2.849410e+00	-2.849409e+00
264.541	1.256	-1.283	1.923057e+01	2.866727e+00	-2.866726e+00
267.393	1.190	-1.596	1.665195e+01	2.657599e+00	-2.657598e+00
269.878	1.219	-1.295	1.940932e+01	2.893375e+00	-2.893374e+00
272.472	1.482	-1.376	1.679695e+01	2.561003e+00	-2.561003e+00
275.441	1.200	-1.487	1.816957e+01	2.708563e+00	-2.708562e+00
278.211	1.436	-1.571	1.624490e+01	2.421650e+00	-2.421650e+00
281.121	1.589	-1.473	1.595219e+01	2.378015e+00	-2.378015e+00
283.902	1.282	-1.193	1.941315e+01	2.959891e+00	-2.959891e+00
286.516	1.512	-1.332	1.688598e+01	2.574578e+00	-2.574577e+00
289.795	1.397	-1.766	1.518437e+01	2.315137e+00	-2.315136e+00
292.303	1.405	-1.111	1.909322e+01	2.911113e+00	-2.911112e+00
295.786	1.495	-2.078	1.370491e+01	2.043011e+00	-2.043010e+00
298.989	1.794	-1.709	9.331115e+00	1.762320e+00	-1.762320e+00
302.401	1.887	-1.618	1.387196e+01	2.163678e+00	-2.163678e+00
305.871	1.331	-1.583	1.668362e+01	2.602226e+00	-2.602225e+00
309.347	1.604	-2.145	1.223060e+01	1.997749e+00	-1.997749e+00
312.835	2.144	-1.884	1.212597e+01	1.807635e+00	-1.807635e+00
316.570	1.825	-1.591	1.382995e+01	2.157125e+00	-2.157124e+00
320.207	2.326	-1.812	9.577974e+00	1.639474e+00	-1.639474e+00
324.264	1.836	-1.731	9.126205e+00	1.666211e+00	-1.666211e+00
328.005	1.880	-1.905	9.326793e+00	1.698609e+00	-1.698609e+00
331.494	1.973	-1.610	9.993835e+00	1.739705e+00	-1.739705e+00
335.670	1.563	-2.202	8.935553e+00	1.604874e+00	-1.604874e+00
339.576	1.611	-2.344	8.024828e+00	1.515608e+00	-1.515608e+00
343.531	2.135	-2.343	1.089374e+01	1.623945e+00	-1.623945e+00
347.807	1.851	-2.141	8.146033e+00	1.487257e+00	-1.487256e+00
351.595	1.658	-1.937	9.124096e+00	1.693336e+00	-1.693336e+00
354.974	1.786	-1.720	9.274357e+00	1.693260e+00	-1.693259e+00
358.926	2.136	-2.166	1.096814e+01	1.710755e+00	-1.710755e+00
363.636	3.019	-2.574	5.391558e+00	1.091256e+00	-1.091255e+00
369.155	3.023	-2.500	5.896085e+00	1.076474e+00	-1.076474e+00
375.002	2.868	-2.824	5.580218e+00	1.053907e+00	-1.053907e+00
380.926	2.643	-3.056	5.432819e+00	1.061928e+00	-1.061928e+00
386.084	2.802	-2.516	6.122973e+00	1.117898e+00	-1.117898e+00
392.076	2.806	-3.190	5.430731e+00	9.915121e-01	-9.915119e-01
397.851	2.277	-2.970	6.053511e+00	1.143296e+00	-1.143295e+00
403.328	3.477	-3.200	4.636788e+00	9.063313e-01	-9.063311e-01
409.465	2.480	-2.660	6.179203e+00	1.167034e+00	-1.167034e+00
415.388	4.225	-3.443	3.826526e+00	8.024190e-01	-8.024189e-01
422.672	3.705	-3.059	4.690744e+00	8.859168e-01	-8.859167e-01
429.484	5.419	-3.106	3.721630e+00	7.028852e-01	-7.028850e-01
438.860	4.305	-3.957	3.645960e+00	7.379453e-01	-7.379452e-01
447.194	3.663	-4.028	4.021051e+00	7.859762e-01	-7.859761e-01
! PC data
465.850	6.782	-5.754	4.112587e+00	9.196024e-01	-9.196024e-01
481.633	8.550	-9.001	2.880061e+00	6.503659e-01	-6.503659e-01
499.497	10.745	-9.314	2.819203e+00	6.028441e-01	-6.028441e-01
523.531	9.277	-13.289	2.451302e+00	5.273107e-01	-5.273107e-01
542.259	10.608	-9.451	2.657014e+00	5.825228e-01	-5.825228e-01
569.892	18.077	-17.025	1.701726e+00	3.583927e-01	-3.583927e-01
609.305	13.766	-21.336	1.591504e+00	3.413344e-01	-3.413344e-01
643.234	19.955	-20.163	1.399824e+00	2.997772e-01	-2.997772e-01
689.970	28.380	-26.781	9.270353e-01	2.093401e-01	-2.093401e-01
749.445	19.051	-31.095	1.057436e+00	2.321943e-01	-2.321943e-01
795.851	37.835	-27.355	7.806349e-01	1.748405e-01	-1.748405e-01
857.606	31.242	-23.919	9.274794e-01	2.090960e-01	-2.090960e-01
917.616	31.407	-28.769	8.424699e-01	1.896192e-01	-1.896192e-01
1033.711	83.297	-84.688	3.970487e-01	7.826044e-02	-7.826044e-02
4726.135	225.877	-348.299	3.360981e-02	8.783644e-03	-8.783644e-03
5314.767	334.282	-362.754	2.767607e-02	7.237106e-03	-7.237106e-03
6250.092	642.566	-601.043	2.675927e-02	5.361279e-03	-5.361279e-03
10969.030	1697.215	-752.417	7.926694e-03	2.175964e-03	-2.175964e-03
17303.109	4306.275	-1442.121	7.191347e-03	2.087855e-03	-2.087855e-03
27046.531	8717.875	-5437.147	7.564094e-03	1.569056e-03	-1.569056e-03
! PC upper limits
93496.553	17.134	-12.954	4.1620e-01	0.0000e+00	0.0000e+00
