col1 col2 col3 col4 col5 col6
3323.74 13.439 -14.141 9.56594616e-11 2.0874605519999997e-11 -2.0874605519999997e-11
3356.338 15.944 -19.159 7.0543616e-11 1.589449624e-11 -1.589449624e-11
3391.551 13.326 -19.269 8.06184968e-11 1.7668927040000002e-11 -1.7668927040000002e-11
3422.039 17.94 -17.162 7.082559760000001e-11 1.60069248e-11 -1.60069248e-11
3456.375 16.2 -16.395 8.4357664e-11 1.81098968e-11 -1.81098968e-11
3494.211 20.988 -21.636 6.437803599999999e-11 1.3839871440000001e-11 -1.3839871440000001e-11
3531.484 16.31 -16.285 7.712132799999999e-11 1.73236316e-11 -1.73236316e-11
3570.467 19.952 -22.673 5.863521520000001e-11 1.3231572480000001e-11 -1.3231572480000001e-11
3614.22 16.316 -23.801 6.84149944e-11 1.4646682559999998e-11 -1.4646682559999998e-11
3656.722 13.931 -26.186 6.15650752e-11 1.387150376e-11 -1.387150376e-11
3689.077 11.664 -18.424 8.292827279999999e-11 1.8628044959999998e-11 -1.8628044959999998e-11
3717.779 20.572 -17.038 6.62734168e-11 1.490958768e-11 -1.490958768e-11
3752.884 13.048 -14.533 9.1140048e-11 2.0410478959999997e-11 -2.0410478959999997e-11
3791.033 17.522 -25.102 6.728598559999999e-11 1.410446248e-11 -1.410446248e-11
3830.913 25.281 -22.358 5.51448032e-11 1.2138728959999999e-11 -1.2138728959999999e-11
3873.432 17.865 -17.238 7.54008696e-11 1.65253944e-11 -1.65253944e-11
3919.094 34.886 -27.797 3.96252208e-11 8.969228879999999e-12 -8.969228879999999e-12
3981.151 25.483 -27.171 4.7004532e-11 1.063954592e-11 -1.063954592e-11
4024.554 12.168 -17.92 8.34740976e-11 1.875065136e-11 -1.875065136e-11
4050.051 9.237 -13.329 1.229638216e-10 2.639786312e-11 -2.639786312e-11
4075.578 13.797 -16.291 8.22997264e-11 1.857168472e-11 -1.857168472e-11
4119.932 27.112 -30.557 4.3185037599999993e-11 9.760027039999999e-12 -9.760027039999999e-12
4178.798 23.407 -31.754 5.1796611999999994e-11 1.0944592479999999e-11 -1.0944592479999999e-11
4231.007 26.358 -28.803 4.77770704e-11 1.051690672e-11 -1.051690672e-11
4275.152 22.331 -17.787 6.179103439999999e-11 1.396506576e-11 -1.396506576e-11
4321.538 16.062 -24.055 6.2267028e-11 1.398694008e-11 -1.398694008e-11
4361.405 16.312 -23.805 7.154342559999999e-11 1.4957272319999998e-11 -1.4957272319999998e-11
4412.605 30.302 -34.888 3.9787252799999996e-11 8.79657296e-12 -8.79657296e-12
4463.008 22.524 -20.1 6.14252816e-11 1.346240576e-11 -1.346240576e-11
4505.196 22.96 -19.664 5.89032896e-11 1.331242448e-11 -1.331242448e-11
4564.587 28.76 -36.43 4.23077032e-11 9.044964079999999e-12 -9.044964079999999e-12
4613.764 22.207 -20.417 5.85367824e-11 1.308922048e-11 -1.308922048e-11
4685.143 43.588 -49.171 4.81817896e-11 8.08477032e-12 -8.08477032e-12
4948.843 20.332 -32.322 4.74500216e-11 1.070753048e-11 -1.070753048e-11
5041.817 43.935 -72.642 3.84400912e-11 8.5111736e-12 -8.5111736e-12
5111.801 26.605 -26.049 4.6847354399999996e-11 1.057152856e-11 -1.057152856e-11
5163.837 22.208 -25.431 5.1839744e-11 1.17340032e-11 -1.17340032e-11
5227.278 23.958 -41.233 4.43340544e-11 9.29329288e-12 -9.29329288e-12
5281.675 44.778 -30.439 4.33064632e-11 8.61361128e-12 -8.61361128e-12
9148.592 35.182 -37.53 2.387500848e-11 5.2474555199999995e-12 -5.2474555199999995e-12
9229.396 44.641 -45.622 1.979699104e-11 4.3511528799999996e-12 -4.3511528799999996e-12
9315.398 21.323 -41.36 2.686690968e-11 6.053046479999999e-12 -6.053046479999999e-12
9376.694 25.217 -39.973 2.60740648e-11 5.86555184e-12 -5.86555184e-12
9443.755 40.897 -41.844 2.057346544e-11 4.6211756e-12 -4.6211756e-12
9521.989 30.361 -37.336 2.4450081039999997e-11 5.52524856e-12 -5.52524856e-12
9580.044 24.96 -27.693 3.1864471839999996e-11 7.15734048e-12 -7.15734048e-12
9635.703 26.969 -30.699 2.93667748e-11 6.60627096e-12 -6.60627096e-12
9692.865 34.998 -30.192 2.5966720239999997e-11 5.85909352e-12 -5.85909352e-12
9766.07 47.041 -38.208 1.9801071359999998e-11 4.48827328e-12 -4.48827328e-12
9859.229 31.61 -46.117 2.2539854960000002e-11 4.961147599999999e-12 -4.961147599999999e-12
9916.394 37.127 -25.556 2.689112592e-11 6.03114264e-12 -6.03114264e-12
9981.955 49.293 -28.434 2.173134808e-11 4.903432719999999e-12 -4.903432719999999e-12
10073.076 33.392 -41.828 2.373464744e-11 5.21660712e-12 -5.21660712e-12
10142.894 61.359 -36.426 1.82069848e-11 4.0074580799999995e-12 -4.0074580799999995e-12
10250.37 34.118 -46.117 2.093973976e-11 4.72481376e-12 -4.72481376e-12
10321.071 43.651 -36.583 2.109898376e-11 4.739216239999999e-12 -4.739216239999999e-12
10409.336 23.084 -44.614 2.446242696e-11 5.536433359999999e-12 -5.536433359999999e-12
10484.022 58.719 -51.603 1.523090632e-11 3.43668232e-12 -3.43668232e-12
10588.098 37.385 -45.356 2.032021336e-11 4.5780928e-12 -4.5780928e-12
10659.945 23.207 -34.461 2.91039484e-11 6.527436159999999e-12 -6.527436159999999e-12
10762.571 48.455 -79.419 1.29116052e-11 2.935579664e-12 -2.935579664e-12
10858.758 45.039 -47.732 1.7948268239999998e-11 4.06830208e-12 -4.06830208e-12
10934.741 39.26 -30.945 2.376157952e-11 5.35342248e-12 -5.35342248e-12
11046.146 53.221 -72.145 1.332120176e-11 3.010335456e-12 -3.010335456e-12
11181.391 80.934 -82.024 1.96476756e-11 3.2179548639999996e-12 -3.2179548639999996e-12
14916.216 39.631 -30.574 2.143692216e-11 4.79802336e-12 -4.79802336e-12
15008.724 49.923 -52.877 1.352216408e-11 3.03815576e-12 -3.03815576e-12
15121.041 42.914 -62.394 1.3215179039999998e-11 2.9606592e-12 -2.9606592e-12
15271.941 122.683 -107.986 8.2744888e-12 1.5744718319999999e-12 -1.5744718319999999e-12
20591.834 33.985 -53.771 8.38626792e-12 1.881596928e-12 -1.881596928e-12
20703.936 42.234 -78.117 6.409021599999999e-12 1.407640536e-12 -1.407640536e-12
20796.948 54.529 -50.778 7.34972232e-12 1.614250688e-12 -1.614250688e-12
20896.849 34.862 -45.372 9.15773704e-12 2.05236488e-12 -2.05236488e-12
21014.95 79.733 -83.239 8.11554656e-12 1.3559916880000001e-12 -1.3559916880000001e-12
22063.829 24.832 -42.866 1.077544616e-11 2.42269984e-12 -2.42269984e-12
22157.797 83.81 -69.136 4.9934457599999995e-12 1.09650564e-12 -1.09650564e-12
22324.796 79.787 -83.189 4.43307744e-12 1.002216792e-12 -1.002216792e-12
22643.791 168.834 -239.207 4.7078168e-12 8.73132392e-13 -8.73132392e-13
26416.574 86.284 -74.185 4.55153136e-12 1.029450632e-12 -1.029450632e-12
26597.092 53.697 -94.234 5.2154394399999994e-12 1.140346448e-12 -1.140346448e-12
26747.748 86.075 -96.959 3.9646344e-12 8.9483812e-13 -8.9483812e-13
27122.693 1452.299 -288.87 3.60216488e-12 5.988801119999999e-13 -5.988801119999999e-13
32313.831 155.183 -180.797 1.63634772e-12 4.28902968e-13 -4.28902968e-13
32573.022 68.997 -104.008 4.51108896e-12 9.876903279999999e-13 -9.876903279999999e-13
32782.118 85.56 -140.099 2.434814192e-12 6.35182496e-13 -6.35182496e-13
32957.904 107.852 -90.226 3.004920832e-12 7.585255839999999e-13 -7.585255839999999e-13
33150.337 80.902 -84.581 4.48883744e-12 1.007964992e-12 -1.007964992e-12
33350.116 106.782 -118.877 2.40954212e-12 6.3638396e-13 -6.3638396e-13
33551.354 121.173 -94.457 3.40209144e-12 7.737191999999999e-13 -7.737191999999999e-13
33758.739 106.852 -86.212 3.80213008e-12 8.65312872e-13 -8.65312872e-13
33975.531 103.182 -109.941 2.685174952e-12 6.981466879999999e-13 -6.981466879999999e-13
34204.689 112.203 -125.976 2.578179056e-12 6.487872799999999e-13 -6.487872799999999e-13
38076.407 207.265 -266.618 1.592079856e-12 4.17961544e-13 -4.17961544e-13
38433.913 153.145 -150.24 2.489111312e-12 6.455876399999999e-13 -6.455876399999999e-13
38965.318 188.384 -378.26 1.659888608e-12 3.84902096e-13 -3.84902096e-13
43926.953 249.955 -233.954 1.687412072e-12 3.72114032e-13 -3.72114032e-13
110258.457 9055.82 -8790.085 5.01465096e-13 1.078350512e-13 -1.078350512e-13
161666.764 14888.258 -14453.249 3.74914824e-13 6.983379119999999e-14 -6.983379119999999e-14
221752.479 29620.231 -22761.772 1.673798432e-13 3.94510856e-14 -3.94510856e-14
352955.466 42238.749 -62320.184 1.335390664e-13 2.7859017839999998e-14 -2.7859017839999998e-14
512461.973 37891.214 -44137.625 8.457299599999999e-14 2.5753169279999998e-14 -2.5753169279999998e-14
652636.673 558.386 -17880.539 4.7022145599999997e-14 2.4157770720000002e-14 -1.833744024e-14
