col1 col2 col3 col4 col5 col6
564.473 22.442 -27.704 8.91837668e-11 1.9552459160000002e-11 -1.9552459160000002e-11
615.485 41.636 -28.57 6.00698968e-11 1.352451944e-11 -1.352451944e-11
686.999 40.326 -29.879 6.07289764e-11 1.360600156e-11 -1.360600156e-11
799.896 100.435 -72.57 2.4057386319999998e-11 5.453985892e-12 -5.453985892e-12
995.882 62.411 -95.551 2.6488555440000002e-11 6.0170674e-12 -6.0170674e-12
1138.452 72.788 -80.159 1.678754708e-11 3.6154946639999998e-12 -3.6154946639999998e-12
1252.435 44.055 -41.195 2.6343538200000003e-11 5.9143996e-12 -5.9143996e-12
1373.736 85.729 -77.247 2.5924751119999998e-11 5.7206870800000005e-12 -5.7206870800000005e-12
1559.115 63.327 -99.649 2.531318312e-11 5.71419328e-12 -5.71419328e-12
1693.219 52.082 -70.777 2.2924045600000003e-11 5.214597024e-12 -5.214597024e-12
1799.789 53.327 -54.488 3.018163704e-11 6.816298e-12 -6.816298e-12
1906.929 38.958 -53.813 2.578742232e-11 5.67622784e-12 -5.67622784e-12
1993.2 42.95 -47.313 2.508984024e-11 5.65578196e-12 -5.65578196e-12
2136.618 107.64 -100.467 2.483301456e-11 4.243419916e-12 -4.243419916e-12
6508.601 38.062 -37.158 3.16139008e-11 6.94191604e-12 -6.94191604e-12
6583.6 38.282 -36.938 3.034357104e-11 6.81471428e-12 -6.81471428e-12
6652.196 32.37 -30.313 3.73348838e-11 8.38486032e-12 -8.38486032e-12
6709.61 32.624 -25.044 3.9237764480000004e-11 8.8509398e-12 -8.8509398e-12
6796.049 54.001 -53.815 2.0675091960000002e-11 4.689476024e-12 -4.689476024e-12
6908.306 44.544 -58.256 2.26012462e-11 5.052501912e-12 -5.052501912e-12
7007.571 53.094 -54.721 2.092467308e-11 4.740849928e-12 -4.740849928e-12
7104.752 38.655 -44.087 2.745626864e-11 6.17979052e-12 -6.17979052e-12
7202.375 53.863 -58.967 2.108233816e-11 4.643890644e-12 -4.643890644e-12
7292.921 33.522 -36.683 3.38332734e-11 7.40607204e-12 -7.40607204e-12
7366.037 33.118 -39.595 3.154936284e-11 7.12447676e-12 -7.12447676e-12
7455.5 53.978 -56.344 2.053066656e-11 4.600817844e-12 -4.600817844e-12
7568.835 38.429 -59.357 2.3150095600000002e-11 5.222013656e-12 -5.222013656e-12
7658.204 54.368 -50.94 2.1430301720000003e-11 4.839391836e-12 -4.839391836e-12
7775.197 37.667 -62.626 2.254127856e-11 5.079101284e-12 -5.079101284e-12
7849.435 38.649 -36.571 3.0121565280000004e-11 6.7796861200000005e-12 -6.7796861200000005e-12
7946.273 44.594 -58.189 2.432768184e-11 5.217672948e-12 -5.217672948e-12
12259.819 54.19 -63.654 2.286248876e-11 5.023704512e-12 -5.023704512e-12
12373.989 87.953 -59.98 1.660775376e-11 3.7564167e-12 -3.7564167e-12
12518.805 48.444 -56.864 2.4845037680000002e-11 5.4593404e-12 -5.4593404e-12
12643.804 41.29 -76.554 2.1058111080000002e-11 4.753057176e-12 -4.753057176e-12
12755.372 60.103 -70.278 1.907198372e-11 4.336506484e-12 -4.336506484e-12
12882.256 43.541 -66.781 2.205917556e-11 5.0210089e-12 -5.0210089e-12
13029.298 46.939 -103.5 1.256584824e-11 2.854285948e-12 -2.854285948e-12
13151.094 55.522 -74.857 1.882148196e-11 3.110233732e-12 -3.110233732e-12
18820.584 84.691 -83.3 1.274106576e-11 2.889186424e-12 -2.889186424e-12
18964.163 51.434 -58.888 1.789498932e-11 4.025537308e-12 -4.025537308e-12
19078.75 62.214 -63.152 1.1616520440000001e-11 2.621225932e-12 -2.621225932e-12
19220.28 53.572 -79.316 1.442379292e-11 3.2674872640000002e-12 -3.2674872640000002e-12
19366.161 130.841 -92.309 1.6995946000000002e-11 2.945731256e-12 -2.945731256e-12
24244.448 87.155 -90.865 1.458679552e-11 3.139669552e-12 -3.139669552e-12
24387.866 61.582 -56.262 1.349328344e-11 3.0436051519999998e-12 -3.0436051519999998e-12
24525.123 72.256 -75.676 8.67394128e-12 1.958531724e-12 -1.958531724e-12
24639.489 53.169 -42.109 1.3852639919999999e-11 3.112626848e-12 -3.112626848e-12
24735.138 55.305 -42.48 1.307360312e-11 2.954842852e-12 -2.954842852e-12
24842.957 52.794 -52.514 1.21984252e-11 2.748961992e-12 -2.748961992e-12
24958.069 50.512 -62.318 1.252965832e-11 2.687908216e-12 -2.687908216e-12
25134.653 119.64 -126.073 8.87644372e-12 1.532782852e-12 -1.532782852e-12
30413.314 163.583 -97.178 7.51728316e-12 1.705675208e-12 -1.705675208e-12
30754.885 250.758 -177.988 6.09612188e-12 1.221587352e-12 -1.221587352e-12
35295.952 112.949 -95.159 6.3195634000000005e-12 1.393052716e-12 -1.393052716e-12
35504.792 84.635 -95.892 7.28328716e-12 1.612042284e-12 -1.612042284e-12
35637.932 61.818 -48.505 1.1482808440000001e-11 2.581265772e-12 -2.581265772e-12
35794.251 53.431 -94.502 8.46455048e-12 1.910894632e-12 -1.910894632e-12
35920.62 87.531 -72.938 7.80345972e-12 1.7635319520000001e-12 -1.7635319520000001e-12
36083.957 97.199 -75.806 7.219182119999999e-12 1.6349788240000001e-12 -1.6349788240000001e-12
36354.096 132.941 -172.939 7.349337600000001e-12 1.2401694840000002e-12 -1.2401694840000002e-12
41048.589 68.98 -86.475 7.922452440000001e-12 1.7869249759999998e-12 -1.7869249759999998e-12
41226.086 72.01 -108.517 5.111173532e-12 1.326478388e-12 -1.326478388e-12
41396.265 84.866 -98.169 5.035133600000001e-12 1.3084245279999999e-12 -1.3084245279999999e-12
41554.313 104.838 -73.182 6.86124496e-12 1.553573424e-12 -1.553573424e-12
41756.911 82.768 -97.76 6.77874904e-12 1.531920848e-12 -1.531920848e-12
42024.714 160.963 -185.035 6.17602028e-12 1.057252016e-12 -1.057252016e-12
47659.2 76.167 -129.433 4.631834644e-12 1.2097100000000001e-12 -1.2097100000000001e-12
47845.069 85.869 -109.702 4.870660168e-12 1.265358304e-12 -1.265358304e-12
48107.81 161.61 -176.872 6.3601811600000004e-12 1.10011548e-12 -1.10011548e-12
52704.092 115.634 -142.62 3.821841872e-12 1.00235776e-12 -1.00235776e-12
53075.823 390.785 -256.097 2.905514632e-12 5.50594232e-13 -5.50594232e-13
58274.751 124.471 -83.637 4.47742852e-12 1.163750336e-12 -1.163750336e-12
58498.228 101.581 -99.005 6.15767324e-12 1.38473298e-12 -1.38473298e-12
58708.514 76.836 -108.706 4.981250952e-12 1.300876376e-12 -1.300876376e-12
58948.543 77.51 -163.193 3.8299780280000006e-12 9.99262656e-13 -9.99262656e-13
59119.568 107.061 -93.515 6.44174e-12 1.4190871e-12 -1.4190871e-12
65342.826 88.263 -69.697 4.421660204e-12 1.5761740400000002e-12 -1.274211244e-12
