! WT data
65.070	0.274	-0.233	1.457063e+02	1.766953e+01	-1.766954e+01
65.620	0.287	-0.276	1.280958e+02	1.587890e+01	-1.587891e+01
66.221	0.305	-0.314	1.150605e+02	1.447344e+01	-1.447345e+01
66.795	0.324	-0.269	1.215564e+02	1.506827e+01	-1.506828e+01
67.383	0.264	-0.265	9.458356e+01	1.394561e+01	-1.394562e+01
67.956	0.241	-0.309	8.751881e+01	1.333283e+01	-1.333283e+01
68.555	0.344	-0.359	1.024768e+02	1.270314e+01	-1.270315e+01
69.153	0.283	-0.254	9.763698e+01	1.422888e+01	-1.422889e+01
69.728	0.230	-0.291	9.438415e+01	1.421482e+01	-1.421483e+01
70.213	0.343	-0.255	9.554281e+01	1.348218e+01	-1.348219e+01
70.887	0.336	-0.331	7.211547e+01	1.098625e+01	-1.098625e+01
71.487	0.256	-0.264	9.470738e+01	1.426350e+01	-1.426351e+01
72.060	0.327	-0.317	7.591452e+01	1.131669e+01	-1.131670e+01
72.770	0.296	-0.383	7.193884e+01	1.072403e+01	-1.072403e+01
73.489	0.433	-0.423	5.713224e+01	8.516789e+00	-8.516793e+00
74.224	0.368	-0.303	7.289284e+01	1.086624e+01	-1.086625e+01
74.960	0.356	-0.368	6.751999e+01	1.006531e+01	-1.006531e+01
75.853	0.481	-0.536	4.910881e+01	7.240714e+00	-7.240718e+00
76.880	0.507	-0.546	4.420225e+01	7.036882e+00	-7.036885e+00
78.208	0.811	-0.821	2.996684e+01	4.467203e+00	-4.467205e+00
79.795	0.667	-0.776	3.334501e+01	5.079862e+00	-5.079864e+00
81.357	0.857	-0.896	2.745391e+01	4.182396e+00	-4.182398e+00
83.134	1.101	-0.920	2.418988e+01	3.606023e+00	-3.606025e+00
86.042	1.618	-1.807	1.404119e+01	2.139070e+00	-2.139071e+00
89.276	1.736	-1.616	1.457259e+01	2.172358e+00	-2.172360e+00
92.601	2.409	-1.589	9.114349e+00	1.629697e+00	-1.629698e+00
97.291	2.254	-2.281	6.666006e+00	1.344097e+00	-1.344097e+00
191.658	0.759	-0.869	3.001561e+01	4.474474e+00	-4.474476e+00
193.508	0.853	-1.091	2.434120e+01	3.790314e+00	-3.790316e+00
195.261	0.760	-0.900	2.945261e+01	4.390545e+00	-4.390547e+00
197.082	0.944	-1.061	2.438250e+01	3.634737e+00	-3.634739e+00
199.367	0.908	-1.341	2.173976e+01	3.240780e+00	-3.240781e+00
201.613	1.301	-1.338	1.852942e+01	2.762209e+00	-2.762211e+00
204.675	1.528	-1.762	1.462521e+01	2.228041e+00	-2.228042e+00
208.214	1.789	-2.011	9.310582e+00	1.691919e+00	-1.691920e+00
211.541	1.948	-1.538	1.402706e+01	2.091036e+00	-2.091037e+00
215.356	2.251	-1.867	1.186980e+01	1.769449e+00	-1.769450e+00
219.705	1.482	-2.098	9.104956e+00	1.662332e+00	-1.662333e+00
223.166	1.385	-1.979	9.456359e+00	1.783756e+00	-1.783756e+00
226.341	2.037	-1.790	1.277514e+01	1.904409e+00	-1.904410e+00
230.036	1.653	-1.658	1.476581e+01	2.201162e+00	-2.201164e+00
233.556	2.020	-1.867	1.257647e+01	1.874793e+00	-1.874794e+00
237.231	1.329	-1.654	1.612573e+01	2.456634e+00	-2.456635e+00
240.402	1.487	-1.842	1.445370e+01	2.201913e+00	-2.201914e+00
243.221	1.160	-1.332	1.899071e+01	2.957157e+00	-2.957159e+00
245.386	0.956	-1.004	2.493616e+01	3.717271e+00	-3.717273e+00
247.198	0.866	-0.856	2.838745e+01	4.231762e+00	-4.231764e+00
248.678	0.584	-0.614	4.083103e+01	6.086745e+00	-6.086748e+00
249.864	0.510	-0.602	4.396686e+01	6.554207e+00	-6.554211e+00
250.941	0.633	-0.568	4.071045e+01	6.068770e+00	-6.068773e+00
252.104	0.618	-0.530	4.260512e+01	6.351211e+00	-6.351214e+00
253.212	0.481	-0.490	5.032836e+01	7.502526e+00	-7.502530e+00
254.185	0.526	-0.492	4.804071e+01	7.161502e+00	-7.161506e+00
255.174	0.555	-0.463	4.804075e+01	7.161508e+00	-7.161512e+00
256.220	0.405	-0.492	5.452263e+01	8.127773e+00	-8.127777e+00
257.104	0.521	-0.478	4.733967e+01	7.371545e+00	-7.371548e+00
258.115	0.518	-0.489	4.854947e+01	7.237345e+00	-7.237349e+00
259.110	0.383	-0.478	5.677662e+01	8.463778e+00	-8.463782e+00
259.915	0.468	-0.422	5.618036e+01	8.283361e+00	-8.283366e+00
260.761	0.307	-0.378	7.137649e+01	1.064020e+01	-1.064021e+01
261.436	0.304	-0.368	7.269818e+01	1.083723e+01	-1.083724e+01
262.069	0.372	-0.329	6.974574e+01	1.039710e+01	-1.039711e+01
262.938	0.412	-0.497	5.377487e+01	8.016302e+00	-8.016306e+00
263.774	0.551	-0.424	4.934774e+01	7.517758e+00	-7.517762e+00
264.608	0.237	-0.282	9.410765e+01	1.402877e+01	-1.402878e+01
265.213	0.299	-0.368	7.327840e+01	1.092372e+01	-1.092373e+01
265.889	0.310	-0.377	7.119025e+01	1.061244e+01	-1.061245e+01
266.527	0.276	-0.328	8.133211e+01	1.224911e+01	-1.224912e+01
267.160	0.374	-0.357	6.686033e+01	9.966972e+00	-9.966978e+00
267.928	0.292	-0.393	7.137565e+01	1.064008e+01	-1.064008e+01
268.523	0.298	-0.303	8.130080e+01	1.211964e+01	-1.211964e+01
269.212	0.385	-0.391	6.102202e+01	9.502107e+00	-9.502112e+00
269.878	0.363	-0.281	7.470297e+01	1.138044e+01	-1.138044e+01
270.614	0.360	-0.373	6.563693e+01	9.999293e+00	-9.999298e+00
271.277	0.230	-0.303	8.868534e+01	1.380973e+01	-1.380974e+01
271.781	0.241	-0.273	9.568648e+01	1.441097e+01	-1.441097e+01
272.350	0.342	-0.328	7.289026e+01	1.086586e+01	-1.086587e+01
273.110	0.282	-0.418	6.769737e+01	1.054157e+01	-1.054157e+01
273.761	0.422	-0.369	6.175190e+01	9.205451e+00	-9.205456e+00
274.559	0.375	-0.376	6.511760e+01	9.707180e+00	-9.707186e+00
275.295	0.319	-0.360	7.079144e+01	1.078454e+01	-1.078455e+01
275.895	0.331	-0.281	7.988260e+01	1.190822e+01	-1.190823e+01
276.552	0.298	-0.326	7.829100e+01	1.167096e+01	-1.167097e+01
277.184	0.397	-0.334	6.579652e+01	1.002360e+01	-1.002361e+01
277.940	0.373	-0.358	6.473023e+01	1.007953e+01	-1.007954e+01
278.708	0.371	-0.396	6.375686e+01	9.504334e+00	-9.504339e+00
279.388	0.242	-0.308	8.893175e+01	1.325719e+01	-1.325720e+01
279.949	0.402	-0.320	6.768250e+01	1.008953e+01	-1.008954e+01
280.702	0.303	-0.350	7.487663e+01	1.116198e+01	-1.116198e+01
281.421	0.345	-0.416	6.318164e+01	9.625247e+00	-9.625252e+00
282.086	0.335	-0.320	7.467176e+01	1.113143e+01	-1.113144e+01
282.711	0.270	-0.290	8.584963e+01	1.307854e+01	-1.307855e+01
283.284	0.347	-0.303	7.408744e+01	1.128666e+01	-1.128667e+01
283.934	0.266	-0.303	8.587253e+01	1.280115e+01	-1.280116e+01
284.499	0.232	-0.299	9.220934e+01	1.374579e+01	-1.374580e+01
284.975	0.263	-0.245	9.608295e+01	1.432323e+01	-1.432324e+01
285.623	0.260	-0.384	7.470437e+01	1.138065e+01	-1.138066e+01
286.312	0.373	-0.429	6.092951e+01	9.082856e+00	-9.082861e+00
286.995	0.347	-0.309	7.446930e+01	1.110125e+01	-1.110126e+01
287.668	0.323	-0.326	7.169215e+01	1.141320e+01	-1.141321e+01
288.300	0.273	-0.308	8.403620e+01	1.252741e+01	-1.252741e+01
288.867	0.343	-0.294	7.553782e+01	1.150762e+01	-1.150762e+01
289.516	0.270	-0.306	8.211515e+01	1.278665e+01	-1.278665e+01
290.028	0.294	-0.241	9.129580e+01	1.360961e+01	-1.360961e+01
290.644	0.279	-0.322	8.130283e+01	1.211994e+01	-1.211994e+01
291.289	0.405	-0.366	6.245508e+01	9.514563e+00	-9.514568e+00
292.182	0.349	-0.489	5.741583e+01	8.746870e+00	-8.746874e+00
292.894	0.334	-0.362	7.028084e+01	1.047687e+01	-1.047688e+01
293.579	0.344	-0.352	7.028092e+01	1.047689e+01	-1.047689e+01
294.175	0.253	-0.253	9.675983e+01	1.442414e+01	-1.442414e+01
294.787	0.280	-0.359	7.532750e+01	1.147558e+01	-1.147559e+01
295.464	0.298	-0.397	7.028084e+01	1.047687e+01	-1.047688e+01
296.102	0.349	-0.339	7.100570e+01	1.058493e+01	-1.058493e+01
296.789	0.329	-0.338	7.211353e+01	1.098595e+01	-1.098596e+01
297.453	0.380	-0.335	6.727141e+01	1.024829e+01	-1.024830e+01
298.210	0.431	-0.377	6.052814e+01	9.023023e+00	-9.023028e+00
298.977	0.383	-0.336	6.801885e+01	1.013967e+01	-1.013968e+01
299.651	0.378	-0.291	7.192249e+01	1.095685e+01	-1.095686e+01
300.360	0.304	-0.331	7.868744e+01	1.160186e+01	-1.160186e+01
301.105	0.450	-0.441	5.484953e+01	8.176504e+00	-8.176508e+00
301.956	0.366	-0.400	6.375649e+01	9.504279e+00	-9.504284e+00
302.751	0.486	-0.429	5.261153e+01	8.014971e+00	-8.014975e+00
303.736	0.336	-0.500	5.753789e+01	8.765465e+00	-8.765469e+00
304.477	0.340	-0.404	6.574070e+01	9.800068e+00	-9.800073e+00
305.194	0.469	-0.378	5.681161e+01	8.654822e+00	-8.654827e+00
306.155	0.455	-0.491	5.165336e+01	7.700046e+00	-7.700050e+00
307.005	0.405	-0.395	6.106612e+01	9.103220e+00	-9.103225e+00
307.988	0.507	-0.578	4.504852e+01	6.715452e+00	-6.715456e+00
309.001	0.482	-0.506	4.951389e+01	7.381112e+00	-7.381116e+00
310.109	0.680	-0.626	3.743854e+01	5.581020e+00	-5.581023e+00
311.582	0.680	-0.793	3.318858e+01	4.947472e+00	-4.947475e+00
312.940	0.648	-0.678	3.688569e+01	5.498607e+00	-5.498610e+00
314.332	0.770	-0.744	3.229126e+01	4.813707e+00	-4.813710e+00
316.055	0.669	-0.953	3.013178e+01	4.491791e+00	-4.491794e+00
317.852	0.926	-1.127	2.381267e+01	3.549792e+00	-3.549794e+00
319.722	0.896	-0.945	2.629581e+01	4.046056e+00	-4.046058e+00
321.540	0.931	-0.921	2.555707e+01	3.979645e+00	-3.979647e+00
323.604	1.294	-1.133	1.982580e+01	3.020312e+00	-3.020313e+00
326.141	1.350	-1.244	1.764773e+01	2.872912e+00	-2.872914e+00
329.125	1.512	-1.633	1.529546e+01	2.330148e+00	-2.330149e+00
331.971	1.299	-1.334	1.856753e+01	2.767890e+00	-2.767892e+00
335.154	1.562	-1.884	1.418669e+01	2.114831e+00	-2.114832e+00
338.036	2.123	-1.320	9.467756e+00	1.728571e+00	-1.728571e+00
341.843	2.440	-1.685	9.295264e+00	1.591869e+00	-1.591870e+00
346.469	1.301	-2.186	9.123697e+00	1.721006e+00	-1.721006e+00
349.663	1.982	-1.893	1.261698e+01	1.880832e+00	-1.880833e+00
353.874	2.774	-2.229	6.048292e+00	1.219544e+00	-1.219545e+00
359.318	3.002	-2.670	5.746424e+00	1.049150e+00	-1.049151e+00
365.354	3.012	-3.035	5.261154e+00	9.924131e-01	-9.924135e-01
370.968	2.421	-2.601	6.489536e+00	1.184823e+00	-1.184824e+00
376.278	3.251	-2.889	5.308581e+00	9.692113e-01	-9.692117e-01
! PC data
147.948	27.731	-39.967	1.771296e+00	3.801703e-01	-3.801703e-01
182.999	5.216	-7.320	2.017872e+01	2.981966e+00	-2.981966e+00
392.173	6.909	-5.628	3.489382e+00	7.811265e-01	-7.811265e-01
405.811	8.315	-6.729	3.090176e+00	6.765016e-01	-6.765016e-01
426.586	15.121	-12.460	1.594307e+00	3.573002e-01	-3.573002e-01
460.385	18.931	-18.679	1.223447e+00	2.678371e-01	-2.678371e-01
503.983	38.016	-24.667	6.935137e-01	1.557739e-01	-1.557739e-01
593.857	43.420	-51.858	4.050855e-01	9.089224e-02	-9.089224e-02
679.826	47.714	-42.549	2.720374e-01	6.139201e-02	-6.139201e-02
777.564	60.298	-50.023	2.214140e-01	4.968042e-02	-4.968042e-02
917.520	68.274	-79.657	1.652186e-01	3.728569e-02	-3.728569e-02
1056.770	49.374	-70.977	2.235947e-01	4.781995e-02	-4.781995e-02
1185.197	61.358	-79.052	1.710323e-01	3.855314e-02	-3.855314e-02
1326.529	65.449	-79.975	1.669840e-01	3.764057e-02	-3.764057e-02
1463.326	69.062	-71.347	1.712660e-01	3.874000e-02	-3.874000e-02
1596.305	61.448	-63.918	1.925550e-01	4.325482e-02	-4.325482e-02
1773.444	72.358	-115.690	9.529365e-02	2.483228e-02	-2.483228e-02
1973.063	156.057	-127.262	1.054482e-01	2.134390e-02	-2.134390e-02
5479.865	112.784	-155.498	7.123073e-02	1.853655e-02	-1.853655e-02
5764.677	131.358	-172.027	6.316792e-02	1.641987e-02	-1.641987e-02
6099.638	205.088	-203.604	4.678930e-02	1.216241e-02	-1.216241e-02
6549.530	158.874	-244.803	4.718093e-02	1.231264e-02	-1.231264e-02
6947.079	260.280	-238.675	3.824361e-02	9.963438e-03	-9.963438e-03
7482.121	412.228	-274.762	4.275446e-02	9.010036e-03	-9.010036e-03
12019.831	341.546	-922.138	1.975251e-02	5.223390e-03	-5.223390e-03
13010.404	657.272	-649.027	2.311340e-02	5.583432e-03	-5.583432e-03
17444.945	416.879	-578.524	1.923541e-02	5.118378e-03	-5.118378e-03
18396.871	450.317	-535.047	1.954153e-02	5.156355e-03	-5.156355e-03
