col1 col2 col3 col4 col5 col6
152.826 0.704 -0.648 1.1575759600000003e-09 1.7280782600000002e-10 -1.7312808700000001e-10
154.54 1.109 -1.01 7.3867296e-10 1.1026762000000001e-10 -1.1046862400000001e-10
156.37 0.885 -0.722 9.7426118e-10 1.4541910900000002e-10 -1.4567179e-10
157.992 0.998 -0.737 9.023179300000001e-10 1.3466803e-10 -1.34892532e-10
160.351 1.12 -1.362 6.211395600000001e-10 9.459163300000001e-11 -9.473668200000001e-11
162.497 1.061 -1.026 7.380039800000001e-10 1.1240968900000001e-10 -1.12598076e-10
164.352 0.955 -0.794 8.929184200000002e-10 1.33287383e-10 -1.3352617600000002e-10
166.381 1.142 -1.073 6.624585300000001e-10 1.0734915600000001e-10 -1.0751094500000001e-10
168.701 1.178 -1.179 6.3245611e-10 1.0037273000000001e-10 -1.0052897e-10
171.362 1.284 -1.482 5.6445761e-10 8.425366e-11 -8.440171600000001e-11
174.081 1.68 -1.435 5.1573181e-10 7.700675900000001e-11 -7.7161356e-11
177.512 2.192 -1.751 4.0592857e-10 6.186232900000001e-11 -6.199026600000001e-11
181.45 1.745 -1.746 4.5145517000000005e-10 7.0242714e-11 -7.0399419e-11
185.292 2.251 -2.097 3.6943351000000006e-10 5.5239117e-11 -5.5407385e-11
189.647 1.817 -2.104 4.0752383000000006e-10 6.098847000000001e-11 -6.1217498e-11
193.226 2.312 -1.762 2.9115088400000004e-10 5.1436409e-11 -5.1573863e-11
196.936 2.207 -1.398 2.9704289900000004e-10 5.6066197e-11 -5.621199000000001e-11
201.286 1.668 -2.143 2.8095802200000004e-10 5.3020292e-11 -5.31495e-11
205.311 2.02 -2.357 3.0363526600000004e-10 5.132220500000001e-11 -5.1472214e-11
209.585 1.739 -2.255 2.6914627800000003e-10 5.0803699000000004e-11 -5.0938115000000005e-11
213.382 1.865 -2.058 2.8037379600000003e-10 5.1358134000000006e-11 -5.1517319000000004e-11
217.449 2.104 -2.201 2.4591509500000003e-10 4.6438372e-11 -4.6578647e-11
221.684 2.47 -2.131 2.2924775900000001e-10 4.3304427000000005e-11 -4.3447492e-11
226.135 2.155 -1.982 2.6382475600000006e-10 4.839614600000001e-11 -4.861110000000001e-11
230.475 2.458 -2.185 3.5493667e-10 5.4389345e-11 -5.4759485000000007e-11
235.203 2.315 -2.27 2.4326564900000004e-10 4.4684175e-11 -4.4941754000000006e-11
240.066 2.183 -2.548 2.07576651e-10 4.4577597e-11 -4.4801758e-11
244.911 2.541 -2.662 2.0796594900000004e-10 3.939635000000001e-11 -3.9637313000000005e-11
249.613 2.308 -2.16 2.40822229e-10 4.5620034000000007e-11 -4.5898600000000004e-11
254.614 3.032 -2.694 1.92089795e-10 3.5290152000000005e-11 -3.549996e-11
260.53 2.949 -2.885 1.76143426e-10 3.545690100000001e-11 -3.5617078e-11
266.56 2.58 -3.081 1.9044360200000001e-10 3.6106909000000004e-11 -3.6358939e-11
271.935 3.681 -2.795 1.6929056600000002e-10 3.1124124e-11 -3.1332382e-11
278.234 3.597 -2.617 1.68377895e-10 3.2883994000000005e-11 -3.3070397e-11
387.423 0.758 -1.003 9.3389081e-10 1.401355e-10 -1.40995378e-10
389.197 0.765 -1.015 9.096906600000001e-10 1.3931976600000002e-10 -1.40191331e-10
390.636 0.767 -0.674 1.1241908200000002e-09 1.72222174e-10 -1.73349427e-10
392.158 0.763 -0.754 1.0722038200000001e-09 1.64307626e-10 -1.6543159300000003e-10
393.787 0.944 -0.866 9.130662500000001e-10 1.3996552700000002e-10 -1.4096685800000001e-10
395.542 0.606 -0.811 1.1650990400000001e-09 1.78653775e-10 -1.7998516300000002e-10
396.673 0.57 -0.524 1.5330033200000003e-09 2.3038077800000003e-10 -2.3212998400000002e-10
398.036 0.68 -0.793 1.12147088e-09 1.71883313e-10 -1.73084501e-10
399.233 0.536 -0.517 1.5685466800000002e-09 2.40342535e-10 -2.41961045e-10
400.304 0.6 -0.535 1.4331427100000002e-09 2.2403033500000002e-10 -2.2543544100000002e-10
401.48 0.693 -0.576 1.32229632e-09 1.98523008e-10 -1.9984190300000002e-10
402.891 0.596 -0.719 1.2683736800000003e-09 1.90402496e-10 -1.9164351900000002e-10
403.964 0.566 -0.476 1.5623643500000003e-09 2.3451295400000004e-10 -2.36020267e-10
405.101 0.544 -0.571 1.4601430900000002e-09 2.19148021e-10 -2.2053604600000003e-10
406.113 0.506 -0.467 1.64843771e-09 2.52401752e-10 -2.5392534000000005e-10
407.358 0.426 -0.739 1.3555438200000001e-09 2.1179544100000003e-10 -2.1302297900000002e-10
408.47 0.634 -0.686 1.2338455700000002e-09 1.8517307500000002e-10 -1.8633569900000003e-10
409.784 0.527 -0.679 1.35032652e-09 2.02653851e-10 -2.03925781e-10
410.897 0.564 -0.587 1.4150185600000001e-09 2.1234556700000003e-10 -2.13662075e-10
412.101 0.64 -0.639 1.2541074800000003e-09 1.9195565800000002e-10 -1.93049958e-10
413.337 0.505 -0.596 1.4790143400000001e-09 2.2182381700000002e-10 -2.2308105300000003e-10
414.481 0.496 -0.639 1.41766069e-09 2.1256811600000002e-10 -2.1372295900000002e-10
415.849 0.829 -0.872 9.303865700000001e-10 1.423024e-10 -1.4301704300000002e-10
417.397 0.615 -0.719 1.2040985900000001e-09 1.8049337700000002e-10 -1.8142573300000003e-10
418.669 0.566 -0.656 1.3145181100000002e-09 1.9703897600000003e-10 -1.9805121900000002e-10
419.743 0.567 -0.509 1.4808560500000002e-09 2.28404683e-10 -2.2950750800000003e-10
420.833 0.542 -0.522 1.4645900400000002e-09 2.2855568400000003e-10 -2.2962180500000003e-10
421.964 0.65 -0.59 1.27610725e-09 1.95117999e-10 -1.9604148900000003e-10
423.251 0.589 -0.636 1.27114756e-09 1.9830876700000003e-10 -1.9918045600000003e-10
424.306 0.556 -0.465 1.5791787500000001e-09 2.3658025100000005e-10 -2.37679232e-10
425.543 0.477 -0.681 1.3950015500000001e-09 2.1321242e-10 -2.1414629500000002e-10
426.68 0.64 -0.66 1.2423553800000001e-09 1.8996567500000003e-10 -1.9087251800000003e-10
427.881 0.544 -0.56 1.48483366e-09 2.22681246e-10 -2.2392924400000002e-10
428.99 0.617 -0.564 1.3886409700000003e-09 2.08406645e-10 -2.0971744900000002e-10
430.14 0.66 -0.534 1.37416769e-09 2.0641607300000002e-10 -2.07890278e-10
431.313 0.491 -0.513 1.6348677700000002e-09 2.4577113100000003e-10 -2.47718892e-10
432.43 0.73 -0.625 1.17353228e-09 1.83749741e-10 -1.85202401e-10
433.673 0.657 -0.513 1.40129951e-09 2.1097012800000004e-10 -2.12956732e-10
434.939 0.461 -0.608 1.53561352e-09 2.3139041700000002e-10 -2.33772798e-10
436.181 0.535 -0.782 1.25612651e-09 1.89354107e-10 -1.91383429e-10
437.264 0.505 -0.548 1.5464390300000001e-09 2.37745913e-10 -2.4014615e-10
438.349 0.467 -0.579 1.5808121400000003e-09 2.38197614e-10 -2.40646552e-10
439.413 0.513 -0.597 1.4671345200000002e-09 2.2546256600000004e-10 -2.2764505900000003e-10
440.53 0.609 -0.604 1.36292895e-09 2.0526231500000002e-10 -2.07265597e-10
441.673 0.449 -0.533 1.68391442e-09 2.5336606900000005e-10 -2.55596984e-10
442.702 0.641 -0.581 1.3530349900000001e-09 2.0339803700000001e-10 -2.0500517000000001e-10
443.941 0.609 -0.597 1.3089244700000001e-09 2.0887049800000004e-10 -2.1016738300000003e-10
445.118 0.547 -0.569 1.48248417e-09 2.2246973300000003e-10 -2.23848985e-10
446.227 0.42 -0.562 1.6464233300000001e-09 2.5201555400000003e-10 -2.5346297500000004e-10
447.083 0.589 -0.436 1.54850146e-09 2.41910174e-10 -2.43280095e-10
448.151 0.62 -0.479 1.4881370200000002e-09 2.2335295400000002e-10 -2.2477092500000003e-10
449.111 0.37 -0.34 2.23540442e-09 3.4935326000000003e-10 -3.5145971000000005e-10
450.207 0.609 -0.725 1.2077445e-09 1.85011689e-10 -1.8621235000000002e-10
451.342 0.646 -0.526 1.33242185e-09 2.1258082600000003e-10 -2.1386218000000004e-10
452.42 0.519 -0.431 1.6962828000000001e-09 2.59838838e-10 -2.6151445000000003e-10
453.418 0.458 -0.48 1.7188201100000001e-09 2.63271251e-10 -2.64949715e-10
454.382 0.631 -0.506 1.41753359e-09 2.1710664000000004e-10 -2.18474763e-10
455.525 0.382 -0.513 1.8008027100000001e-09 2.75787749e-10 -2.7750673e-10
456.388 0.639 -0.48 1.44030557e-09 2.2059060600000004e-10 -2.2197705e-10
457.588 0.476 -0.561 1.5789292000000002e-09 2.3706103e-10 -2.3864410700000004e-10
458.545 0.434 -0.481 1.7639582800000002e-09 2.7022470600000004e-10 -2.7198594e-10
459.447 0.469 -0.468 1.74673251e-09 2.62313475e-10 -2.6412189100000005e-10
460.34 0.374 -0.424 2.0192358400000002e-09 3.09393795e-10 -3.1147126e-10
461.18 0.529 -0.466 1.6218911700000003e-09 2.4849745700000005e-10 -2.50152454e-10
462.148 0.577 -0.439 1.6121466300000001e-09 2.4206548400000003e-10 -2.43698626e-10
463.221 0.49 -0.496 1.6365715300000003e-09 2.5065298000000005e-10 -2.5223146900000006e-10
464.353 0.619 -0.643 1.2591642000000001e-09 1.96746646e-10 -1.9789652900000004e-10
465.446 0.537 -0.473 1.5961921700000002e-09 2.44375914e-10 -2.45826125e-10
466.51 0.551 -0.527 1.49611611e-09 2.2906609900000002e-10 -2.3043667100000003e-10
467.496 0.458 -0.435 1.8044960500000001e-09 2.76318128e-10 -2.7800657400000006e-10
468.393 0.522 -0.439 1.6252196400000002e-09 2.59218342e-10 -2.6070646600000004e-10
469.482 0.783 -0.567 1.1745819400000003e-09 1.8358187600000002e-10 -1.84704231e-10
470.91 0.514 -0.645 1.41204163e-09 2.1202508900000002e-10 -2.1346091600000002e-10
471.943 0.475 -0.519 1.5948083300000002e-09 2.49294219e-10 -2.50850109e-10
472.917 0.423 -0.499 1.7745925200000002e-09 2.66456005e-10 -2.68252765e-10
473.876 0.468 -0.537 1.6024334000000003e-09 2.4546596700000004e-10 -2.47051896e-10
474.979 0.472 -0.634 1.4333191e-09 2.24038023e-10 -2.2542390900000004e-10
476.01 0.635 -0.559 1.2872681800000002e-09 2.0964227400000002e-10 -2.10843152e-10
477.161 0.578 -0.516 1.47214381e-09 2.2554170900000003e-10 -2.2703184800000002e-10
478.33 0.463 -0.59 1.5481028000000001e-09 2.3251469400000002e-10 -2.34147061e-10
479.366 0.506 -0.573 1.50856168e-09 2.26606869e-10 -2.2822810700000002e-10
480.523 0.661 -0.651 1.2424617100000002e-09 1.86657076e-10 -1.88014163e-10
481.65 0.637 -0.466 1.4769156400000001e-09 2.2185348400000004e-10 -2.2344096300000003e-10
482.829 0.575 -0.542 1.41414157e-09 2.2109823100000004e-10 -2.2252212300000001e-10
483.971 0.568 -0.567 1.39193193e-09 2.1759179000000003e-10 -2.1895997500000003e-10
485.191 0.647 -0.652 1.2354603600000001e-09 1.8923494300000002e-10 -1.9044121500000003e-10
486.53 0.516 -0.692 1.32823375e-09 2.03430928e-10 -2.0471408e-10
487.675 0.66 -0.629 1.2439599400000003e-09 1.9052302400000002e-10 -1.9172415000000004e-10
488.874 0.464 -0.538 1.6253207000000001e-09 2.48930837e-10 -2.5049940600000005e-10
489.98 0.667 -0.642 1.2714364800000001e-09 1.9086963500000004e-10 -1.92120764e-10
491.341 0.698 -0.695 1.1770954200000003e-09 1.8026320200000003e-10 -1.81381434e-10
492.641 0.653 -0.601 1.32731491e-09 1.9920076100000001e-10 -2.00451456e-10
493.843 0.545 -0.549 1.52157424e-09 2.2831772800000003e-10 -2.2971589000000003e-10
494.92 0.534 -0.532 1.53864842e-09 2.3552234500000003e-10 -2.3687856400000004e-10
496.028 0.593 -0.574 1.4264969300000002e-09 2.1401972200000003e-10 -2.1530073500000004e-10
497.225 0.743 -0.604 1.23615352e-09 1.8550232600000004e-10 -1.8665069000000002e-10
498.693 0.592 -0.725 1.24548421e-09 1.9073838100000002e-10 -1.91923511e-10
499.904 0.743 -0.62 1.19899196e-09 1.8002127800000002e-10 -1.81227488e-10
501.206 0.576 -0.559 1.41290839e-09 2.1644596800000004e-10 -2.1785612700000003e-10
502.745 0.911 -0.962 8.6916436e-10 1.3048365000000002e-10 -1.31342443e-10
504.609 0.852 -0.953 9.017041300000001e-10 1.35333414e-10 -1.36190254e-10
506.169 0.587 -0.708 1.25719787e-09 1.8864919800000003e-10 -1.8980649000000002e-10
507.44 0.631 -0.684 1.21980598e-09 1.8671389900000003e-10 -1.8778628200000002e-10
508.99 0.864 -0.918 8.444908400000001e-10 1.4031526900000002e-10 -1.4097860700000002e-10
510.668 0.988 -0.814 8.666273200000001e-10 1.3531332600000002e-10 -1.3601098100000002e-10
512.31 0.713 -0.653 1.1762646200000001e-09 1.7634660000000002e-10 -1.7728090900000003e-10
513.914 0.991 -0.891 8.409556000000001e-10 1.2859739300000001e-10 -1.29219129e-10
516.036 1.082 -1.131 7.2618182e-10 1.08815828e-10 -1.09343479e-10
517.911 0.723 -0.793 1.0442985500000002e-09 1.59704622e-10 -1.6048793000000001e-10
519.719 0.897 -1.085 8.1091784e-10 1.21587301e-10 -1.22244191e-10
521.575 1.201 -0.959 7.579233400000001e-10 1.1369321300000001e-10 -1.1435565200000002e-10
524.026 0.976 -1.25 7.3581445e-10 1.1046332300000001e-10 -1.11189374e-10
526.504 1.586 -1.503 5.222371600000001e-10 8.006255300000001e-11 -8.064330700000001e-11
529.355 0.971 -1.265 7.212553000000001e-10 1.1073100800000001e-10 -1.1169247300000002e-10
531.407 1.528 -1.08 6.206448000000001e-10 9.533051800000001e-11 -9.6204873e-11
534.521 1.321 -1.586 5.593224600000001e-10 8.5845355e-11 -8.6565516e-11
537.772 1.568 -1.93 4.5774476e-10 7.168074200000001e-11 -7.2255358e-11
541.026 1.586 -1.686 4.9707136e-10 7.631245200000001e-11 -7.6974364e-11
544.135 1.277 -1.523 5.725824000000001e-10 8.9689231e-11 -9.0434006e-11
547.07 1.507 -1.658 5.223655e-10 7.855731700000001e-11 -7.920961900000001e-11
550.339 1.993 -1.762 4.3356941000000004e-10 6.644319900000001e-11 -6.689948800000001e-11
554.039 1.74 -1.706 4.755790600000001e-10 7.1432866e-11 -7.1938352e-11
557.738 1.754 -1.959 4.2073634e-10 6.714417100000001e-11 -6.756645300000001e-11
561.545 1.859 -2.054 4.1823929000000004e-10 6.2826305e-11 -6.327676600000001e-11
565.311 1.84 -1.907 3.0866780600000007e-10 5.5749594e-11 -5.6043970000000005e-11
569.392 2.608 -2.241 3.4645042000000004e-10 5.204723300000001e-11 -5.242509200000001e-11
573.904 2.311 -1.904 2.533878e-10 4.9450611000000005e-11 -4.969430200000001e-11
578.807 2.479 -2.591 3.2034098e-10 5.0104711000000005e-11 -5.044738500000001e-11
583.603 2.995 -2.318 2.09014524e-10 3.833453800000001e-11 -3.849769100000001e-11
589.357 2.084 -2.759 2.2066959400000004e-10 4.173520700000001e-11 -4.1921951000000004e-11
593.164 2.129 -1.722 2.71017996e-10 5.2815134e-11 -5.300066900000001e-11
598.526 2.788 -3.233 1.7792443800000003e-10 3.2594206000000005e-11 -3.2697374000000004e-11
603.232 2.802 -1.918 3.02383796e-10 4.8046621e-11 -4.8267124000000006e-11
609.37 2.652 -3.336 1.8098513000000003e-10 3.4198611e-11 -3.4321681000000005e-11
615.812 3.222 -3.79 1.5725893900000002e-10 2.8848516300000002e-11 -2.8977377100000004e-11
299.63 14.008 -13.573 1.02280904e-10 2.2903144100000005e-11 -2.2903144100000005e-11
338.535 32.771 -24.897 4.8214734000000006e-11 1.09046933e-11 -1.09046933e-11
379.081 4.761 -7.775 3.7441521e-10 6.568475300000001e-11 -6.568475300000001e-11
652.761 34.417 -25.758 7.141225100000002e-11 1.53792984e-11 -1.53792984e-11
5256.83 1201.406 -1308.943 4.5948293e-13 1.2404386500000002e-13 -1.2404386500000002e-13
13177.677 4794.066 -3472.796 3.9758895e-13 9.483117000000001e-14 -9.483117000000001e-14
23959.358 4341.855 -2583.6 2.8154776600000006e-13 7.3911533e-14 -7.3911533e-14
41858.316 3029.742 -3203.87 2.8452881900000007e-13 7.642299800000001e-14 -7.642299800000001e-14
45733.706 1032.317 -845.648 3.5829583e-13 8.644539100000002e-14 -8.644539100000002e-14
68776.645 63276.991 -17082.721 1.0788561100000001e-13 2.1740947900000004e-14 -2.1740947900000004e-14
220223.799 9121.745 -7835.68 6.664026600000001e-14 2.3577561500000003e-14 -1.9423682400000004e-14
