! WT data
98.786	0.861	-0.817	3.684937e+01	5.913940e+00	-5.979175e+00
100.735	1.146	-1.088	2.766602e+01	4.475878e+00	-4.534780e+00
103.625	1.519	-1.744	1.922118e+01	3.214780e+00	-3.298093e+00
107.083	1.821	-1.938	1.711369e+01	3.244608e+00	-3.299288e+00
111.987	2.991	-3.083	1.465692e+01	3.206136e+00	-2.820112e+00
117.892	3.661	-2.914	9.468855e+00	2.406894e+00	-1.996249e+00
124.951	4.155	-3.398	1.433099e+01	2.914606e+00	-2.437934e+00
! PC data
204.937	39.431	-62.744	3.696107e+00	8.293582e-01	-8.293582e-01
284.060	25.498	-39.692	4.227667e+00	9.575408e-01	-9.575408e-01
346.606	20.621	-37.047	5.260399e+00	1.134670e+00	-1.134670e+00
382.458	24.885	-15.232	7.221693e+00	1.589941e+00	-1.589941e+00
427.215	22.753	-19.871	6.438469e+00	1.463426e+00	-1.463426e+00
473.719	23.888	-23.751	5.800303e+00	1.315277e+00	-1.315277e+00
521.852	23.394	-24.245	5.792962e+00	1.307467e+00	-1.307467e+00
565.359	17.497	-20.113	9.910312e+00	1.995010e+00	-1.995010e+00
601.450	16.508	-18.594	8.289388e+00	1.825007e+00	-1.825007e+00
635.410	25.173	-17.452	6.550899e+00	1.471648e+00	-1.471648e+00
679.638	18.554	-19.056	7.769012e+00	1.708537e+00	-1.708537e+00
716.154	19.648	-17.962	7.395839e+00	1.667285e+00	-1.667285e+00
754.051	19.361	-18.249	9.233374e+00	1.855275e+00	-1.855275e+00
786.270	17.229	-12.859	9.220146e+00	2.083417e+00	-2.083417e+00
817.382	16.205	-13.882	9.220343e+00	2.085904e+00	-2.085904e+00
852.963	23.249	-19.376	7.172950e+00	1.540640e+00	-1.540640e+00
891.260	17.547	-15.048	8.946152e+00	1.971796e+00	-1.971796e+00
934.650	21.795	-25.844	5.827052e+00	1.315161e+00	-1.315161e+00
968.993	17.540	-12.548	9.783534e+00	2.142035e+00	-2.142035e+00
1011.813	19.852	-25.279	6.427780e+00	1.423073e+00	-1.423073e+00
1051.011	15.756	-19.346	1.192610e+01	2.190940e+00	-2.190940e+00
1088.194	28.719	-21.427	5.518446e+00	1.249894e+00	-1.249894e+00
1142.794	16.744	-25.880	6.863188e+00	1.505981e+00	-1.505981e+00
1182.159	22.510	-22.621	6.095829e+00	1.390459e+00	-1.390459e+00
1221.169	16.096	-16.499	8.538589e+00	1.920415e+00	-1.920415e+00
1254.831	17.536	-17.566	8.306098e+00	1.824622e+00	-1.824622e+00
1293.728	23.771	-21.361	6.424194e+00	1.425471e+00	-1.425471e+00
1341.221	26.425	-23.722	5.512240e+00	1.248489e+00	-1.248489e+00
1394.858	20.426	-27.213	6.124317e+00	1.351350e+00	-1.351350e+00
1432.597	17.790	-17.313	9.506667e+00	1.955649e+00	-1.955649e+00
1467.645	17.844	-17.258	7.910555e+00	1.787497e+00	-1.787497e+00
1504.036	16.556	-18.546	8.694822e+00	1.869499e+00	-1.869499e+00
1536.859	18.835	-16.267	7.894100e+00	1.783779e+00	-1.783779e+00
1572.272	18.524	-16.578	9.477541e+00	1.957277e+00	-1.957277e+00
1619.428	26.530	-28.631	5.019793e+00	1.134290e+00	-1.134290e+00
1665.102	23.480	-19.144	6.491397e+00	1.468538e+00	-1.468538e+00
1713.812	19.902	-25.230	7.339868e+00	1.520265e+00	-1.520265e+00
1749.982	21.342	-16.268	7.368577e+00	1.665030e+00	-1.665030e+00
1787.706	18.721	-16.382	8.289498e+00	1.827065e+00	-1.827065e+00
1840.020	34.104	-33.594	4.085928e+00	9.265252e-01	-9.265252e-01
1897.170	22.086	-23.046	6.432093e+00	1.424028e+00	-1.424028e+00
1953.579	20.838	-34.323	5.784147e+00	1.219597e+00	-1.219597e+00
2012.434	27.173	-38.017	4.233961e+00	9.623546e-01	-9.623546e-01
2075.756	36.564	-36.149	3.771364e+00	8.612658e-01	-8.612658e-01
2141.613	23.360	-29.294	5.300925e+00	1.190843e+00	-1.190843e+00
2186.358	28.762	-21.385	5.541114e+00	1.247707e+00	-1.247707e+00
2243.652	19.106	-28.533	5.832968e+00	1.313424e+00	-1.313424e+00
2286.660	21.231	-23.901	6.148502e+00	1.387712e+00	-1.387712e+00
2333.002	12.498	-25.111	7.765139e+00	1.707686e+00	-1.707686e+00
2378.386	32.305	-32.886	4.210139e+00	9.614689e-01	-9.614689e-01
2453.463	34.954	-42.773	3.510821e+00	8.036674e-01	-8.036674e-01
2511.822	21.727	-23.405	6.114831e+00	1.386599e+00	-1.386599e+00
2564.111	17.078	-30.561	5.805505e+00	1.307240e+00	-1.307240e+00
2627.780	51.184	-46.591	4.243029e+00	7.782754e-01	-7.782754e-01
5886.058	18.578	-24.046	1.756655e+00	3.848690e-01	-3.848690e-01
5922.719	14.512	-18.083	2.212973e+00	4.854925e-01	-4.854925e-01
5953.523	11.288	-16.292	2.681353e+00	5.866795e-01	-5.866795e-01
5991.003	16.433	-26.191	1.760191e+00	3.882348e-01	-3.882348e-01
6026.230	16.308	-18.795	2.064006e+00	4.628183e-01	-4.628183e-01
6058.451	19.190	-15.913	2.053580e+00	4.611260e-01	-4.611260e-01
6095.686	17.057	-18.046	2.044465e+00	4.610182e-01	-4.610182e-01
6134.668	20.699	-21.925	1.674075e+00	3.790980e-01	-3.790980e-01
6185.946	17.060	-30.579	1.519126e+00	3.415946e-01	-3.415946e-01
6222.399	20.724	-19.393	1.856073e+00	4.071941e-01	-4.071941e-01
6258.660	22.073	-15.537	1.910185e+00	4.301332e-01	-4.301332e-01
6301.899	26.473	-21.166	1.506347e+00	3.373005e-01	-3.373005e-01
6357.312	26.221	-28.940	1.311490e+00	2.961525e-01	-2.961525e-01
6400.058	21.085	-16.525	1.992701e+00	4.377535e-01	-4.377535e-01
6446.202	20.072	-25.059	1.613619e+00	3.628427e-01	-3.628427e-01
6485.692	25.714	-19.418	1.593658e+00	3.578516e-01	-3.578516e-01
6529.076	12.418	-17.670	2.419508e+00	5.425335e-01	-5.425335e-01
6581.640	32.566	-40.146	1.036087e+00	2.285236e-01	-2.285236e-01
6633.750	23.080	-19.544	1.689392e+00	3.809507e-01	-3.809507e-01
6698.846	30.696	-42.016	1.080633e+00	2.327551e-01	-2.327551e-01
6754.597	25.092	-25.054	1.572799e+00	3.378952e-01	-3.378952e-01
6796.354	23.452	-16.665	1.814218e+00	4.056716e-01	-4.056716e-01
6843.364	19.067	-23.558	1.686364e+00	3.802680e-01	-3.802680e-01
6888.233	24.344	-25.802	1.423645e+00	3.223876e-01	-3.223876e-01
6941.031	26.707	-28.454	1.362394e+00	3.000918e-01	-3.000918e-01
6986.416	18.932	-18.678	2.018143e+00	4.427499e-01	-4.427499e-01
7028.142	27.352	-22.795	1.445513e+00	3.254988e-01	-3.254988e-01
7081.693	21.441	-26.199	1.650903e+00	3.560407e-01	-3.560407e-01
7134.087	19.192	-30.954	1.442302e+00	3.252329e-01	-3.252329e-01
7183.923	19.503	-30.643	1.593455e+00	3.410243e-01	-3.410243e-01
7225.732	17.811	-22.306	1.793639e+00	4.027570e-01	-4.027570e-01
7266.868	26.821	-23.325	1.513206e+00	3.324188e-01	-3.324188e-01
7313.617	15.175	-19.927	2.040379e+00	4.588050e-01	-4.588050e-01
7351.045	22.879	-22.253	1.663835e+00	3.655087e-01	-3.655087e-01
7393.593	17.941	-19.669	2.186648e+00	4.581728e-01	-4.581728e-01
7430.329	21.322	-18.796	1.864356e+00	4.095589e-01	-4.095589e-01
7475.206	21.576	-23.555	1.591853e+00	3.584515e-01	-3.584515e-01
7515.102	19.291	-18.319	1.999348e+00	4.403926e-01	-4.403926e-01
7551.428	30.603	-17.036	1.512366e+00	3.415130e-01	-3.415130e-01
7601.205	28.465	-19.174	1.507599e+00	3.380533e-01	-3.380533e-01
7657.852	31.995	-28.181	1.191000e+00	2.681880e-01	-2.681880e-01
7724.035	23.479	-34.189	1.289113e+00	2.847146e-01	-2.847146e-01
7774.418	28.257	-26.904	1.368400e+00	3.010109e-01	-3.010109e-01
7825.985	16.808	-23.309	1.808143e+00	4.054453e-01	-4.054453e-01
7870.237	22.702	-27.444	1.438540e+00	3.221171e-01	-3.221171e-01
7918.753	21.825	-25.814	1.502168e+00	3.411337e-01	-3.411337e-01
7964.154	19.049	-23.576	1.770416e+00	3.889222e-01	-3.889222e-01
8017.918	20.446	-34.715	1.280570e+00	2.879525e-01	-2.879525e-01
8057.532	25.963	-19.168	1.587712e+00	3.580224e-01	-3.580224e-01
8115.943	27.729	-32.447	1.182490e+00	2.670224e-01	-2.670224e-01
8164.477	14.297	-20.806	2.033646e+00	4.592251e-01	-4.592251e-01
8206.340	27.595	-27.566	1.304300e+00	2.941142e-01	-2.941142e-01
8271.273	32.867	-37.338	1.001289e+00	2.267440e-01	-2.267440e-01
8342.226	19.582	-38.086	1.424536e+00	2.995823e-01	-2.995823e-01
8410.077	49.498	-48.268	1.127867e+00	2.051579e-01	-2.051579e-01
11662.510	20.565	-22.059	1.000352e+00	2.249652e-01	-2.249652e-01
11712.020	18.694	-28.945	9.485062e-01	2.086769e-01	-2.086769e-01
11769.935	35.998	-39.221	5.672015e-01	1.275558e-01	-1.275558e-01
11839.269	29.347	-33.336	6.721637e-01	1.513768e-01	-1.513768e-01
11891.426	17.307	-22.810	1.073938e+00	2.408248e-01	-2.408248e-01
11927.911	15.925	-19.178	1.233542e+00	2.766153e-01	-2.766153e-01
11973.033	35.993	-29.198	6.632534e-01	1.487310e-01	-1.487310e-01
12023.815	17.806	-14.789	1.335293e+00	2.994324e-01	-2.994324e-01
12066.434	30.348	-24.813	7.859740e-01	1.759994e-01	-1.759994e-01
12134.072	32.914	-37.291	6.457504e-01	1.416819e-01	-1.416819e-01
12193.429	31.226	-26.442	7.439018e-01	1.680141e-01	-1.680141e-01
12249.836	17.443	-25.181	1.115568e+00	2.387660e-01	-2.387660e-01
12299.234	25.714	-31.955	7.411672e-01	1.664402e-01	-1.664402e-01
12354.650	22.951	-29.703	8.181424e-01	1.842524e-01	-1.842524e-01
12408.307	19.440	-30.706	8.619961e-01	1.952471e-01	-1.952471e-01
12452.186	28.215	-24.439	8.206552e-01	1.840276e-01	-1.840276e-01
12518.744	31.862	-38.343	6.286913e-01	1.413840e-01	-1.413840e-01
12577.044	23.708	-26.438	8.951842e-01	1.966772e-01	-1.966772e-01
12635.969	32.481	-35.217	6.334812e-01	1.420548e-01	-1.420548e-01
12704.074	32.073	-35.624	6.673264e-01	1.460181e-01	-1.460181e-01
12788.819	37.592	-52.671	5.461214e-01	1.144403e-01	-1.144403e-01
12861.080	25.507	-34.669	7.473852e-01	1.637583e-01	-1.637583e-01
12923.763	28.014	-37.177	6.887961e-01	1.515391e-01	-1.515391e-01
12977.977	26.454	-26.199	8.517196e-01	1.871278e-01	-1.871278e-01
13025.862	18.686	-21.431	1.070229e+00	2.403358e-01	-2.403358e-01
13063.847	28.340	-19.299	8.905923e-01	2.005687e-01	-2.005687e-01
13122.010	32.860	-29.823	6.827781e-01	1.548762e-01	-1.548762e-01
13199.486	28.097	-44.615	5.822684e-01	1.309441e-01	-1.309441e-01
13263.671	34.117	-36.088	6.022915e-01	1.370145e-01	-1.370145e-01
13344.528	36.001	-46.741	5.073450e-01	1.144221e-01	-1.144221e-01
13413.239	27.466	-32.710	7.032500e-01	1.574755e-01	-1.574755e-01
13463.443	22.394	-22.738	9.914591e-01	2.178293e-01	-2.178293e-01
13525.519	33.030	-39.683	6.100894e-01	1.334941e-01	-1.334941e-01
13598.106	38.170	-39.557	5.765563e-01	1.263282e-01	-1.263282e-01
13666.227	40.254	-29.951	6.115229e-01	1.371307e-01	-1.371307e-01
13743.819	37.881	-37.338	5.598870e-01	1.264534e-01	-1.264534e-01
13819.534	49.923	-37.834	4.901482e-01	1.099131e-01	-1.099131e-01
13906.159	51.055	-36.702	4.913607e-01	1.105002e-01	-1.105002e-01
14005.442	54.571	-48.229	4.078069e-01	9.157913e-02	-9.157913e-02
14149.435	88.578	-89.421	4.657897e-01	7.529995e-02	-7.529995e-02
17579.869	53.936	-68.922	2.956419e-01	6.696067e-02	-6.696067e-02
17682.808	43.768	-49.002	2.639795e-01	5.958895e-02	-5.958895e-02
17783.093	41.268	-56.518	2.503503e-01	5.657965e-02	-5.657965e-02
17879.748	47.413	-55.387	2.400869e-01	5.400303e-02	-5.400303e-02
18004.566	83.063	-77.405	2.392023e-01	5.411428e-02	-5.411428e-02
18130.363	47.529	-42.734	2.925374e-01	6.587569e-02	-6.587569e-02
18239.046	51.676	-61.153	2.177986e-01	4.898970e-02	-4.898970e-02
18373.652	92.582	-82.930	2.312825e-01	5.256553e-02	-5.256553e-02
18519.362	52.180	-53.128	4.032324e-01	9.079418e-02	-9.079418e-02
18680.661	68.900	-109.119	2.915080e-01	6.424776e-02	-6.424776e-02
18802.828	44.519	-53.267	2.800930e-01	6.300016e-02	-6.300016e-02
18908.215	94.586	-60.868	2.368498e-01	5.370619e-02	-5.370619e-02
19064.697	93.557	-61.897	3.246294e-01	7.378127e-02	-7.378127e-02
19236.817	56.833	-78.563	2.555280e-01	5.780899e-02	-5.780899e-02
19346.648	54.817	-52.998	2.531660e-01	5.674328e-02	-5.674328e-02
19445.574	46.154	-44.110	2.724165e-01	6.120248e-02	-6.120248e-02
19582.248	52.397	-90.520	1.803463e-01	3.984633e-02	-3.984633e-02
19715.342	62.221	-80.696	1.738172e-01	3.918974e-02	-3.918974e-02
19833.699	46.664	-56.136	2.391031e-01	5.397352e-02	-5.397352e-02
19951.779	66.481	-71.416	1.872209e-01	4.122481e-02	-4.122481e-02
23369.345	75.510	-87.465	1.679923e-01	3.811111e-02	-3.811111e-02
23484.200	53.425	-39.345	2.994416e-01	6.747860e-02	-6.747860e-02
23652.779	85.432	-115.153	1.389744e-01	3.124809e-02	-3.124809e-02
23840.202	96.086	-101.992	1.390659e-01	3.158415e-02	-3.158415e-02
23989.038	72.616	-52.750	2.195474e-01	4.941961e-02	-4.941961e-02
24124.723	67.312	-63.068	2.201477e-01	4.844764e-02	-4.844764e-02
24263.974	58.441	-71.940	2.106025e-01	4.740614e-02	-4.740614e-02
24380.166	122.776	-57.751	1.505787e-01	3.427575e-02	-3.427575e-02
24606.088	109.976	-103.147	1.495792e-01	3.295264e-02	-3.295264e-02
24864.238	92.529	-148.174	2.130130e-01	4.814659e-02	-4.814659e-02
25028.314	63.848	-71.548	2.033128e-01	4.566376e-02	-4.566376e-02
25187.012	83.170	-94.850	1.544912e-01	3.485306e-02	-3.485306e-02
25358.532	59.582	-88.350	1.864216e-01	4.182365e-02	-4.182365e-02
25519.622	79.019	-101.508	1.517572e-01	3.419820e-02	-3.419820e-02
25681.584	115.128	-82.944	1.607803e-01	3.375181e-02	-3.375181e-02
29176.665	91.181	-91.853	1.305547e-01	2.964238e-02	-2.964238e-02
29406.060	102.488	-138.214	1.108447e-01	2.519706e-02	-2.519706e-02
29585.973	88.058	-77.425	1.441556e-01	3.257615e-02	-3.257615e-02
29798.714	75.902	-124.683	1.224599e-01	2.760829e-02	-2.760829e-02
29961.458	78.642	-86.841	1.449486e-01	3.267832e-02	-3.267832e-02
30166.656	84.058	-126.557	1.123416e-01	2.547692e-02	-2.547692e-02
30337.275	141.605	-86.561	1.047181e-01	2.366410e-02	-2.366410e-02
30573.750	68.106	-94.870	1.475859e-01	3.339069e-02	-3.339069e-02
30725.296	119.653	-83.440	1.176994e-01	2.675527e-02	-2.675527e-02
30929.857	75.561	-84.907	1.580436e-01	3.487537e-02	-3.487537e-02
31111.435	84.540	-106.017	9.503048e-02	2.480683e-02	-2.480683e-02
31407.781	169.293	-211.806	8.905889e-02	1.710125e-02	-1.710125e-02
35196.667	92.762	-145.433	8.021751e-02	2.083807e-02	-2.083807e-02
35398.238	126.879	-108.809	8.065860e-02	2.108087e-02	-2.108087e-02
35675.521	135.430	-150.405	6.642604e-02	1.743217e-02	-1.743217e-02
35907.200	89.293	-96.249	1.373241e-01	3.089339e-02	-3.089339e-02
36151.109	96.116	-154.616	7.617148e-02	1.980711e-02	-1.980711e-02
36417.556	100.460	-170.331	7.006093e-02	1.836727e-02	-1.836727e-02
36647.755	100.935	-129.739	8.213259e-02	2.155404e-02	-2.155404e-02
36849.667	144.741	-100.977	1.035789e-01	2.339076e-02	-2.339076e-02
37223.989	131.453	-229.581	6.667122e-02	1.551763e-02	-1.551763e-02
41100.184	118.328	-107.331	8.985773e-02	2.335728e-02	-2.335728e-02
41394.955	209.683	-176.444	5.241059e-02	1.364460e-02	-1.364460e-02
41817.956	202.898	-213.317	4.844649e-02	1.261912e-02	-1.261912e-02
42221.925	147.446	-201.071	5.791870e-02	1.510206e-02	-1.510206e-02
42545.913	109.293	-176.541	7.073380e-02	1.845313e-02	-1.845313e-02
42921.475	212.613	-266.268	5.090388e-02	1.208619e-02	-1.208619e-02
46627.642	142.426	-241.254	5.605342e-02	1.537982e-02	-1.537982e-02
46932.196	181.375	-162.127	5.626083e-02	1.462973e-02	-1.462973e-02
47343.614	211.245	-230.043	4.382145e-02	1.137774e-02	-1.137774e-02
47677.075	126.009	-122.215	7.766064e-02	2.021493e-02	-2.021493e-02
48056.489	212.957	-253.405	4.103278e-02	1.074629e-02	-1.074629e-02
48627.106	286.703	-357.659	3.803952e-02	8.839430e-03	-8.839430e-03
52556.129	331.732	-397.897	2.623793e-02	6.880711e-03	-6.880711e-03
53185.412	266.596	-297.551	3.370892e-02	8.839927e-03	-8.839927e-03
54014.149	478.379	-562.141	3.150870e-02	6.295108e-03	-6.295108e-03
94896.178	3735.063	-2230.858	1.274211e-02	3.408488e-03	-3.408488e-03
99057.885	596.342	-426.644	1.922483e-02	5.063734e-03	-5.063734e-03
100418.157	509.769	-763.930	2.145461e-02	4.784909e-03	-4.784909e-03
104502.658	411.598	-353.134	2.486416e-02	6.562719e-03	-6.562719e-03
105816.733	890.241	-902.477	1.618156e-02	3.459105e-03	-3.459105e-03
110394.235	506.470	-466.363	2.136807e-02	5.436058e-03	-5.436058e-03
