! WT data
90.761	1.345	-1.975	1.515048e+01	2.258503e+00	-2.258503e+00
93.348	1.077	-1.243	2.167993e+01	3.231857e+00	-3.231856e+00
95.271	1.114	-0.845	2.486025e+01	3.871136e+00	-3.871135e+00
97.369	1.130	-0.984	2.379699e+01	3.547450e+00	-3.547450e+00
99.979	1.203	-1.481	1.771964e+01	2.759229e+00	-2.759228e+00
102.038	1.185	-0.855	2.313379e+01	3.602299e+00	-3.602298e+00
104.340	1.018	-1.117	2.283889e+01	3.404624e+00	-3.404623e+00
106.732	1.151	-1.373	1.931433e+01	2.879214e+00	-2.879213e+00
108.827	0.993	-0.944	2.476636e+01	3.772966e+00	-3.772965e+00
111.330	1.109	-1.509	1.913618e+01	2.852656e+00	-2.852655e+00
113.853	1.387	-1.413	1.791875e+01	2.671173e+00	-2.671173e+00
116.608	1.103	-1.368	2.030549e+01	3.026968e+00	-3.026968e+00
119.155	1.881	-1.444	1.508069e+01	2.248100e+00	-2.248099e+00
122.724	1.705	-1.688	1.435478e+01	2.139887e+00	-2.139887e+00
126.521	1.776	-2.092	1.199084e+01	1.908909e+00	-1.908909e+00
129.786	1.508	-1.490	1.598762e+01	2.435592e+00	-2.435591e+00
133.152	2.188	-1.858	1.203802e+01	1.794525e+00	-1.794524e+00
136.952	1.900	-1.612	9.245003e+00	1.687900e+00	-1.687900e+00
141.143	2.093	-2.291	7.406564e+00	1.352249e+00	-1.352248e+00
145.303	2.127	-2.066	7.557983e+00	1.425664e+00	-1.425663e+00
149.351	1.740	-1.921	9.754562e+00	1.698053e+00	-1.698053e+00
153.229	2.061	-2.138	7.368087e+00	1.436600e+00	-1.436600e+00
158.173	2.434	-2.883	5.965976e+00	1.125363e+00	-1.125363e+00
162.987	2.469	-2.379	6.383964e+00	1.244719e+00	-1.244719e+00
169.530	3.395	-4.074	4.143893e+00	8.079595e-01	-8.079594e-01
176.734	2.756	-3.809	4.950862e+00	9.039003e-01	-9.039002e-01
181.604	2.140	-2.114	7.640672e+00	1.394991e+00	-1.394990e+00
187.132	2.917	-3.388	5.154737e+00	9.411227e-01	-9.411225e-01
193.081	3.387	-3.032	5.063332e+00	9.244344e-01	-9.244343e-01
251.186	0.656	-0.689	3.624846e+01	5.403609e+00	-5.403607e+00
252.558	0.796	-0.716	3.172567e+01	4.833163e+00	-4.833161e+00
253.948	0.480	-0.594	4.536941e+01	6.763281e+00	-6.763279e+00
255.017	0.538	-0.588	4.329088e+01	6.453432e+00	-6.453430e+00
256.226	0.598	-0.671	3.843292e+01	5.729248e+00	-5.729247e+00
257.664	0.624	-0.840	3.278170e+01	4.994040e+00	-4.994039e+00
258.877	0.525	-0.589	4.312314e+01	6.569480e+00	-6.569478e+00
259.986	0.549	-0.584	4.306429e+01	6.419653e+00	-6.419651e+00
261.262	0.634	-0.727	3.585952e+01	5.345628e+00	-5.345626e+00
262.448	0.541	-0.552	4.467771e+01	6.660168e+00	-6.660167e+00
263.380	0.446	-0.392	5.824088e+01	8.682049e+00	-8.682047e+00
264.469	0.509	-0.643	4.239869e+01	6.320431e+00	-6.320430e+00
265.561	0.560	-0.584	4.266254e+01	6.359763e+00	-6.359762e+00
266.752	0.566	-0.631	4.076045e+01	6.076217e+00	-6.076215e+00
267.750	0.626	-0.431	4.618109e+01	6.884279e+00	-6.884277e+00
269.242	0.658	-0.867	3.149932e+01	4.798679e+00	-4.798678e+00
270.579	0.716	-0.679	3.443253e+01	5.245532e+00	-5.245531e+00
271.860	0.659	-0.565	3.987157e+01	5.943711e+00	-5.943709e+00
272.972	0.431	-0.453	5.431662e+01	8.274720e+00	-8.274718e+00
273.912	0.505	-0.509	4.735881e+01	7.214751e+00	-7.214749e+00
275.049	0.633	-0.632	3.796753e+01	5.784062e+00	-5.784061e+00
276.297	0.604	-0.614	3.877142e+01	6.037326e+00	-6.037324e+00
277.601	0.775	-0.700	3.308963e+01	4.932717e+00	-4.932716e+00
279.101	0.476	-0.725	4.062043e+01	6.055344e+00	-6.055343e+00
280.177	0.667	-0.600	3.848740e+01	5.737370e+00	-5.737368e+00
281.427	0.530	-0.584	4.377500e+01	6.525600e+00	-6.525598e+00
282.440	0.450	-0.482	5.229667e+01	7.795938e+00	-7.795936e+00
283.489	0.509	-0.599	4.398559e+01	6.556993e+00	-6.556992e+00
284.589	0.473	-0.591	4.582445e+01	6.831114e+00	-6.831112e+00
285.496	0.409	-0.434	5.781228e+01	8.618157e+00	-8.618154e+00
286.489	0.531	-0.584	4.370439e+01	6.515075e+00	-6.515073e+00
287.522	0.534	-0.501	4.558630e+01	7.098511e+00	-7.098509e+00
288.386	0.408	-0.330	6.602855e+01	9.842968e+00	-9.842965e+00
289.276	0.554	-0.481	4.708428e+01	7.018918e+00	-7.018916e+00
290.251	0.508	-0.421	5.171573e+01	7.878495e+00	-7.878493e+00
291.369	0.480	-0.610	4.475122e+01	6.671126e+00	-6.671125e+00
292.295	0.385	-0.446	5.780682e+01	8.806425e+00	-8.806423e+00
293.064	0.440	-0.384	5.924864e+01	8.832276e+00	-8.832274e+00
294.101	0.518	-0.597	4.375140e+01	6.522082e+00	-6.522081e+00
295.082	0.393	-0.462	5.703242e+01	8.501902e+00	-8.501899e+00
295.932	0.383	-0.456	5.811787e+01	8.663711e+00	-8.663709e+00
296.824	0.627	-0.509	4.162928e+01	6.482339e+00	-6.482338e+00
297.945	0.498	-0.495	4.915976e+01	7.328313e+00	-7.328311e+00
298.954	0.566	-0.511	4.534235e+01	6.759247e+00	-6.759246e+00
300.092	0.592	-0.573	4.121038e+01	6.278086e+00	-6.278084e+00
301.267	0.508	-0.582	4.399223e+01	6.701878e+00	-6.701877e+00
302.270	0.524	-0.495	4.630203e+01	7.209961e+00	-7.209959e+00
303.349	0.513	-0.554	4.494581e+01	6.847149e+00	-6.847148e+00
304.285	0.554	-0.423	4.832616e+01	7.525150e+00	-7.525148e+00
305.239	0.402	-0.401	5.882725e+01	9.160336e+00	-9.160334e+00
306.169	0.321	-0.528	5.744895e+01	8.563994e+00	-8.563992e+00
306.943	0.346	-0.453	6.103037e+01	9.097881e+00	-9.097879e+00
307.571	0.245	-0.282	9.257830e+01	1.380078e+01	-1.380077e+01
308.266	0.375	-0.450	5.943116e+01	8.950686e+00	-8.950684e+00
309.050	0.371	-0.410	6.043607e+01	9.410856e+00	-9.410853e+00
309.839	0.424	-0.417	5.516713e+01	8.782455e+00	-8.782453e+00
310.779	0.406	-0.515	5.209405e+01	7.936129e+00	-7.936127e+00
311.470	0.274	-0.285	8.983642e+01	1.339204e+01	-1.339204e+01
312.080	0.270	-0.336	8.271963e+01	1.233113e+01	-1.233113e+01
312.626	0.269	-0.276	9.686013e+01	1.426789e+01	-1.426788e+01
313.137	0.293	-0.242	9.787764e+01	1.427694e+01	-1.427694e+01
313.749	0.291	-0.319	8.223772e+01	1.225929e+01	-1.225929e+01
314.348	0.322	-0.307	7.968411e+01	1.187862e+01	-1.187862e+01
314.947	0.323	-0.276	8.370192e+01	1.247756e+01	-1.247756e+01
315.557	0.378	-0.287	7.542114e+01	1.124313e+01	-1.124313e+01
316.272	0.257	-0.337	8.445149e+01	1.258930e+01	-1.258930e+01
316.777	0.281	-0.247	9.708544e+01	1.431449e+01	-1.431448e+01
317.375	0.303	-0.318	7.953772e+01	1.211696e+01	-1.211696e+01
318.015	0.399	-0.336	6.721235e+01	1.023929e+01	-1.023928e+01
318.747	0.254	-0.333	8.003878e+01	1.302968e+01	-1.302967e+01
319.296	0.232	-0.295	9.529576e+01	1.420587e+01	-1.420587e+01
319.840	0.308	-0.313	1.203367e+02	1.470150e+01	-1.470149e+01
320.405	0.252	-0.256	9.548721e+01	1.486888e+01	-1.486887e+01
320.978	0.256	-0.321	8.705934e+01	1.297806e+01	-1.297805e+01
321.511	0.261	-0.278	9.309419e+01	1.387768e+01	-1.387768e+01
322.083	0.309	-0.310	1.166987e+02	1.446609e+01	-1.446609e+01
322.674	0.253	-0.282	9.113907e+01	1.358623e+01	-1.358622e+01
323.211	0.266	-0.283	8.736552e+01	1.330947e+01	-1.330946e+01
323.780	0.262	-0.303	8.489469e+01	1.293305e+01	-1.293305e+01
324.397	0.254	-0.354	8.021154e+01	1.195725e+01	-1.195724e+01
324.926	0.276	-0.275	8.848893e+01	1.319117e+01	-1.319116e+01
325.549	0.348	-0.346	1.036082e+02	1.284338e+01	-1.284338e+01
326.164	0.284	-0.267	8.849369e+01	1.319188e+01	-1.319187e+01
326.864	0.344	-0.416	6.322204e+01	9.631392e+00	-9.631390e+00
327.478	0.242	-0.270	9.585227e+01	1.443592e+01	-1.443592e+01
328.068	0.328	-0.348	7.264421e+01	1.094065e+01	-1.094065e+01
328.718	0.321	-0.321	7.598988e+01	1.132792e+01	-1.132791e+01
329.322	0.254	-0.283	8.650169e+01	1.377083e+01	-1.377083e+01
329.863	0.248	-0.287	9.316264e+01	1.373610e+01	-1.373610e+01
330.333	0.303	-0.222	9.299061e+01	1.386224e+01	-1.386224e+01
330.922	0.273	-0.286	8.597240e+01	1.309724e+01	-1.309723e+01
331.457	0.269	-0.263	9.174287e+01	1.367624e+01	-1.367623e+01
331.956	0.329	-0.230	8.736417e+01	1.302350e+01	-1.302349e+01
332.636	0.311	-0.351	7.369973e+01	1.098652e+01	-1.098652e+01
333.293	0.315	-0.345	7.386311e+01	1.101088e+01	-1.101087e+01
333.915	0.225	-0.307	9.164965e+01	1.366234e+01	-1.366234e+01
334.420	0.268	-0.280	9.490027e+01	1.369769e+01	-1.369769e+01
334.981	0.384	-0.294	7.192454e+01	1.072189e+01	-1.072189e+01
335.844	0.352	-0.479	5.774659e+01	8.797249e+00	-8.797247e+00
336.463	0.280	-0.267	8.926141e+01	1.330632e+01	-1.330632e+01
337.136	0.282	-0.394	7.211212e+01	1.074985e+01	-1.074985e+01
337.711	0.392	-0.292	7.004612e+01	1.067099e+01	-1.067099e+01
338.458	0.309	-0.355	7.229812e+01	1.101406e+01	-1.101406e+01
339.006	0.316	-0.239	8.782842e+01	1.309270e+01	-1.309270e+01
339.664	0.389	-0.342	6.561376e+01	9.995752e+00	-9.995750e+00
340.405	0.286	-0.351	7.824494e+01	1.153660e+01	-1.153660e+01
341.015	0.246	-0.325	8.536670e+01	1.272573e+01	-1.272573e+01
341.556	0.342	-0.295	7.532737e+01	1.147555e+01	-1.147554e+01
342.251	0.262	-0.353	7.920246e+01	1.180682e+01	-1.180682e+01
342.967	0.392	-0.453	5.810607e+01	8.661952e+00	-8.661950e+00
343.731	0.381	-0.372	6.668484e+01	9.940801e+00	-9.940799e+00
344.475	0.336	-0.363	7.177520e+01	1.069963e+01	-1.069962e+01
345.144	0.307	-0.333	7.835457e+01	1.168042e+01	-1.168042e+01
345.719	0.349	-0.268	8.129017e+01	1.211804e+01	-1.211804e+01
346.542	0.380	-0.474	5.876492e+01	8.760168e+00	-8.760166e+00
347.348	0.407	-0.425	5.931370e+01	9.035987e+00	-9.035985e+00
348.185	0.404	-0.430	6.014425e+01	8.965787e+00	-8.965785e+00
349.002	0.361	-0.413	6.484526e+01	9.666573e+00	-9.666570e+00
349.708	0.369	-0.345	7.034327e+01	1.048617e+01	-1.048617e+01
350.384	0.362	-0.307	7.502201e+01	1.118364e+01	-1.118363e+01
351.197	0.353	-0.451	6.240638e+01	9.303006e+00	-9.303004e+00
351.968	0.402	-0.418	6.118623e+01	9.121116e+00	-9.121114e+00
352.797	0.365	-0.427	6.338853e+01	9.449416e+00	-9.449414e+00
353.627	0.526	-0.465	4.902873e+01	7.634551e+00	-7.634549e+00
354.753	0.496	-0.600	4.578400e+01	6.825084e+00	-6.825083e+00
355.748	0.383	-0.499	5.595599e+01	8.524466e+00	-8.524464e+00
356.576	0.559	-0.445	5.000522e+01	7.454348e+00	-7.454346e+00
357.591	0.406	-0.457	5.815045e+01	8.668568e+00	-8.668565e+00
358.483	0.381	-0.485	5.606858e+01	8.730769e+00	-8.730767e+00
359.380	0.574	-0.516	4.600807e+01	6.858487e+00	-6.858485e+00
360.357	0.423	-0.403	5.981609e+01	9.112523e+00	-9.112520e+00
361.247	0.488	-0.467	5.251842e+01	7.828993e+00	-7.828991e+00
362.274	0.401	-0.538	5.341375e+01	7.962462e+00	-7.962460e+00
363.251	0.470	-0.576	4.720187e+01	7.190843e+00	-7.190842e+00
364.278	0.550	-0.557	4.505882e+01	6.716981e+00	-6.716979e+00
365.467	0.565	-0.639	3.919509e+01	6.103298e+00	-6.103296e+00
366.605	0.457	-0.573	4.658293e+01	7.096552e+00	-7.096550e+00
367.589	0.448	-0.527	5.001393e+01	7.455646e+00	-7.455644e+00
368.482	0.469	-0.445	5.332223e+01	7.948819e+00	-7.948817e+00
369.358	0.465	-0.407	5.593400e+01	8.338158e+00	-8.338156e+00
370.282	0.551	-0.459	4.825287e+01	7.193122e+00	-7.193120e+00
371.300	0.386	-0.466	5.630796e+01	8.578085e+00	-8.578083e+00
372.213	0.565	-0.527	4.463740e+01	6.654159e+00	-6.654157e+00
373.104	0.512	-0.326	5.818966e+01	8.674413e+00	-8.674411e+00
374.212	0.623	-0.595	4.001180e+01	5.964615e+00	-5.964614e+00
375.375	0.631	-0.540	4.164823e+01	6.208560e+00	-6.208558e+00
376.572	0.508	-0.566	4.536769e+01	6.763024e+00	-6.763023e+00
377.592	0.566	-0.512	4.449968e+01	6.779184e+00	-6.779182e+00
378.869	0.678	-0.710	3.513135e+01	5.237079e+00	-5.237077e+00
380.437	0.769	-0.891	2.890294e+01	4.403141e+00	-4.403140e+00
381.997	0.672	-0.790	3.227510e+01	5.025745e+00	-5.025744e+00
383.426	0.787	-0.757	3.156954e+01	4.706115e+00	-4.706114e+00
384.856	0.585	-0.643	3.971389e+01	5.920204e+00	-5.920202e+00
386.135	0.627	-0.694	3.570801e+01	5.560304e+00	-5.560303e+00
387.648	0.862	-0.886	2.790574e+01	4.159947e+00	-4.159946e+00
389.398	0.745	-0.888	2.985125e+01	4.449967e+00	-4.449966e+00
391.183	0.936	-1.040	2.427308e+01	3.697817e+00	-3.697816e+00
392.716	0.740	-0.596	3.648930e+01	5.439510e+00	-5.439508e+00
394.540	1.140	-1.084	2.192273e+01	3.268052e+00	-3.268051e+00
396.703	1.025	-1.023	2.342906e+01	3.569237e+00	-3.569236e+00
398.750	0.813	-1.023	2.655263e+01	3.958238e+00	-3.958237e+00
400.839	1.176	-1.275	1.988568e+01	2.964386e+00	-2.964385e+00
403.523	1.179	-1.508	1.756964e+01	2.735873e+00	-2.735872e+00
406.237	1.626	-1.536	1.542316e+01	2.299151e+00	-2.299151e+00
409.454	1.902	-1.591	1.397430e+01	2.083168e+00	-2.083167e+00
412.911	1.431	-1.556	1.581814e+01	2.463136e+00	-2.463136e+00
416.122	1.763	-1.779	1.333942e+01	2.077159e+00	-2.077158e+00
418.932	1.357	-1.047	1.998177e+01	3.044069e+00	-3.044069e+00
422.198	1.503	-1.910	1.407485e+01	2.144195e+00	-2.144194e+00
425.409	1.870	-1.708	1.277275e+01	2.079303e+00	-2.079302e+00
428.942	1.450	-1.663	1.566644e+01	2.335419e+00	-2.335418e+00
432.772	1.722	-2.380	1.150531e+01	1.791559e+00	-1.791559e+00
436.719	2.304	-2.224	1.076749e+01	1.605124e+00	-1.605123e+00
440.720	2.073	-1.697	8.209873e+00	1.600728e+00	-1.600728e+00
444.838	1.967	-2.045	1.215214e+01	1.811536e+00	-1.811536e+00
448.678	1.959	-1.874	8.506135e+00	1.553002e+00	-1.553002e+00
452.663	1.666	-2.026	1.359172e+01	2.026137e+00	-2.026137e+00
456.343	1.510	-2.014	9.264521e+00	1.747568e+00	-1.747568e+00
459.853	2.103	-2.000	9.592671e+00	1.663102e+00	-1.663102e+00
463.750	2.188	-1.794	7.773299e+00	1.515606e+00	-1.515606e+00
468.117	2.316	-2.180	7.229330e+00	1.319890e+00	-1.319890e+00
471.953	1.886	-1.519	9.640994e+00	1.787116e+00	-1.787115e+00
476.138	2.389	-2.299	6.940290e+00	1.267119e+00	-1.267119e+00
480.717	2.507	-2.190	6.925599e+00	1.264437e+00	-1.264436e+00
485.597	2.441	-2.374	6.752321e+00	1.232801e+00	-1.232800e+00
490.335	1.987	-2.297	7.406868e+00	1.397159e+00	-1.397159e+00
496.034	2.499	-3.712	4.983326e+00	9.716287e-01	-9.716285e-01
500.958	2.039	-2.424	7.107473e+00	1.340684e+00	-1.340684e+00
505.484	2.899	-2.487	5.891197e+00	1.111258e+00	-1.111257e+00
510.363	1.819	-1.981	8.552724e+00	1.561508e+00	-1.561508e+00
516.476	3.868	-4.293	3.982725e+00	7.271434e-01	-7.271432e-01
522.967	2.363	-2.624	6.517591e+00	1.189945e+00	-1.189945e+00
527.909	2.850	-2.579	5.987846e+00	1.093227e+00	-1.093227e+00
533.341	2.527	-2.583	6.209210e+00	1.171244e+00	-1.171244e+00
538.348	3.518	-2.479	5.419403e+00	9.894439e-01	-9.894437e-01
! PC data
231.584	16.339	-31.300	8.453651e+00	1.349831e+00	-1.349831e+00
557.634	10.120	-9.938	5.710305e+00	1.200001e+00	-1.200001e+00
582.936	12.400	-15.181	3.763766e+00	8.248295e-01	-8.248295e-01
608.680	16.743	-13.345	3.279865e+00	7.411225e-01	-7.411225e-01
639.891	13.113	-14.468	3.788935e+00	8.303452e-01	-8.303452e-01
668.862	21.752	-15.858	2.632894e+00	5.931478e-01	-5.931478e-01
707.069	11.125	-16.455	4.377812e+00	8.958399e-01	-8.958399e-01
731.344	14.431	-13.149	3.772215e+00	8.338030e-01	-8.338030e-01
755.413	7.914	-9.637	5.663167e+00	1.272003e+00	-1.272003e+00
785.815	17.628	-22.489	2.458427e+00	5.555093e-01	-5.555093e-01
819.446	16.593	-16.002	3.536797e+00	7.384290e-01	-7.384290e-01
851.669	14.458	-15.630	3.277884e+00	7.384535e-01	-7.384535e-01
882.381	18.849	-16.254	2.811863e+00	6.344181e-01	-6.344181e-01
927.065	21.804	-25.835	2.084196e+00	4.695351e-01	-4.695351e-01
987.771	18.766	-38.902	1.811154e+00	3.980478e-01	-3.980478e-01
1021.297	12.821	-14.760	3.623964e+00	8.151972e-01	-8.151972e-01
1050.957	13.249	-16.839	3.643820e+00	7.800320e-01	-7.800320e-01
1092.719	41.693	-28.512	1.409446e+00	3.170496e-01	-3.170496e-01
1157.499	27.060	-23.087	1.974929e+00	4.469296e-01	-4.469296e-01
1227.117	35.169	-42.559	1.269028e+00	2.863206e-01	-2.863206e-01
1296.198	36.293	-33.912	1.404575e+00	3.173797e-01	-3.173797e-01
1374.927	40.295	-42.436	1.806852e+00	3.344751e-01	-3.344751e-01
13022.645	130.208	-148.106	7.295003e-02	1.914466e-02	-1.914466e-02
13242.747	103.170	-89.894	1.404750e-01	3.164532e-02	-3.164532e-02
13458.565	120.526	-112.647	1.217543e-01	2.686149e-02	-2.686149e-02
19252.895	444.741	-608.325	2.347779e-02	5.874973e-03	-5.874973e-03
51909.126	280.871	-280.771	3.384833e-02	8.889122e-03	-8.889122e-03
52494.708	500.141	-304.712	2.325129e-02	6.188122e-03	-6.188122e-03
53530.330	597.803	-535.481	2.107227e-02	4.972767e-03	-4.972767e-03
196095.342	1481.697	-1010.559	4.383513e-03	1.866029e-03	-1.469694e-03
