col1 col2 col3 col4 col5 col6
82.734 0.561 -0.59 5.1436288000000004e-08 6.7357502e-09 -1.24188298e-08
83.914 0.664 -0.619 4.5955794e-08 5.859542999999999e-09 -1.38086988e-08
85.105 0.56 -0.527 5.5651404e-08 6.987612e-09 -1.64729728e-08
86.213 0.68 -0.548 4.969967e-08 6.1083346e-09 -1.49048418e-08
87.491 0.561 -0.599 5.1931022e-08 6.46765e-09 -1.55144312e-08
88.692 0.666 -0.64 4.672004599999999e-08 5.8140918e-09 -1.33811794e-08
89.918 0.519 -0.559 5.5872777999999996e-08 7.3294548e-09 -1.21353038e-08
91.085 0.634 -0.648 4.7155926e-08 5.98757e-09 -1.22133066e-08
92.269 0.555 -0.55 5.3352698e-08 7.4414066e-09 -8.5712912e-09
93.429 0.59 -0.604 4.9575638e-08 6.8494802e-09 -8.3152576e-09
94.376 0.485 -0.358 7.048642e-08 9.1527116e-09 -1.74570824e-08
95.36 0.459 -0.498 6.2222448e-08 8.2454658e-09 -1.38274294e-08
96.392 0.553 -0.573 5.2552304e-08 6.99227e-09 -1.1314309199999999e-08
97.513 0.462 -0.568 5.745286e-08 7.9956712e-09 -9.123420599999998e-09
98.415 0.465 -0.44 6.7912314e-08 9.179207799999999e-09 -1.0712267800000001e-08
99.457 0.539 -0.577 5.5005506e-08 7.407444e-09 -9.2737924e-09
100.526 0.486 -0.53 5.800675399999999e-08 7.4525314e-09 -1.5687651e-08
101.543 0.471 -0.531 5.5488374e-08 7.9182328e-09 -1.06382872e-08
102.463 0.395 -0.45 7.1555006e-08 9.514702799999999e-09 -1.37510892e-08
103.329 0.444 -0.471 6.5982678e-08 8.241735999999999e-09 -1.70746572e-08
104.306 0.471 -0.533 5.554801e-08 7.4191366e-09 -1.3596209e-08
105.172 0.453 -0.396 6.8330208e-08 8.624405999999999e-09 -1.9245315799999996e-08
106.054 0.466 -0.429 6.3960052e-08 8.4683528e-09 -1.39806572e-08
106.869 0.402 -0.349 7.6902764e-08 9.7668672e-09 -2.1133907e-08
107.647 0.383 -0.376 7.6989668e-08 9.718815e-09 -2.0734019400000002e-08
108.363 0.424 -0.333 7.6690502e-08 9.987411600000001e-09 -1.7899881399999997e-08
109.213 0.383 -0.426 7.3320388e-08 9.760787999999999e-09 -1.273487e-08
109.974 0.435 -0.378 7.285877e-08 9.4422964e-09 -1.40888962e-08
110.907 0.436 -0.498 6.128024e-08 7.9558776e-09 -1.39962258e-08
111.748 0.379 -0.405 7.2315892e-08 9.3861556e-09 -1.73289772e-08
112.545 0.358 -0.417 7.5400542e-08 9.989397199999999e-09 -1.35346146e-08
113.417 0.506 -0.514 5.4184168e-08 7.4311759999999995e-09 -1.0670736799999999e-08
114.449 0.486 -0.527 6.1170454e-08 8.215726e-09 -1.12653356e-08
115.381 0.513 -0.446 6.501021e-08 8.4491564e-09 -1.40916264e-08
116.3 0.409 -0.406 7.8495392e-08 9.557434e-09 -2.2654115e-08
117.216 0.438 -0.507 6.427414399999999e-08 8.546682e-09 -1.3950954799999999e-08
118.096 0.456 -0.442 6.9987232e-08 9.7132968e-09 -9.485187399999999e-09
119.003 0.413 -0.451 7.4596816e-08 9.32552e-09 -2.03363588e-08
119.91 0.571 -0.493 5.7580393999999997e-08 7.4693104e-09 -1.64903536e-08
121.041 0.578 -0.56 5.427586599999999e-08 6.9571207999999995e-09 -1.3359793399999999e-08
122.151 0.518 -0.532 6.0022376e-08 7.7690714e-09 -1.6796387599999998e-08
123.172 0.508 -0.503 6.2225848e-08 7.924346e-09 -1.78391098e-08
124.203 0.614 -0.523 5.6051991999999995e-08 6.852513e-09 -1.68253386e-08
125.403 0.684 -0.586 4.9117114e-08 6.0993211999999995e-09 -1.49842046e-08
126.568 0.588 -0.481 5.9621108e-08 7.3355374e-09 -1.78230924e-08
127.754 0.541 -0.598 5.5035323999999994e-08 6.8185436e-09 -1.5647582e-08
128.9 0.617 -0.605 5.2157326e-08 6.5520073999999996e-09 -1.4417513e-08
130.143 0.756 -0.626 4.4742402e-08 5.9915989999999995e-09 -1.20978528e-08
131.679 0.791 -0.78 3.9371353999999996e-08 5.0661564e-09 -1.1480525000000001e-08
133.23 0.782 -0.76 4.2385148e-08 5.357634999999999e-09 -1.1372761999999999e-08
134.679 0.638 -0.666 4.8884452e-08 6.3787332e-09 -1.2936972799999998e-08
136.007 0.649 -0.691 3.12967858e-08 4.7244394e-09 -8.5665822e-09
137.417 0.575 -0.761 2.9764371799999997e-08 4.5461909999999995e-09 -8.30586e-09
138.802 0.751 -0.81 4.0674234e-08 5.192157e-09 -1.0729281399999998e-08
140.488 0.808 -0.935 3.5784694e-08 4.491774e-09 -9.3526826e-09
142.036 0.694 -0.74 2.9227403e-08 4.2321533999999995e-09 -8.0421492e-09
143.593 0.988 -0.862 2.1203613800000002e-08 3.2397376e-09 -5.9514348e-09
145.408 0.873 -0.827 2.3490613599999998e-08 3.5750456e-09 -6.541790399999999e-09
147.061 0.765 -0.779 2.66799564e-08 4.0288844e-09 -7.5046194e-09
148.601 0.873 -0.775 2.5008601399999998e-08 3.7401802e-09 -6.8698088e-09
150.474 1.031 -1.001 1.97566418e-08 2.9910204600000003e-09 -5.4743773999999995e-09
152.526 0.973 -1.021 1.98611884e-08 2.99638668e-09 -5.5362947999999996e-09
154.766 1.088 -1.266 1.8404965e-08 2.5988154999999997e-09 -4.9980441999999995e-09
156.714 1.344 -0.861 1.8234522999999998e-08 2.7447316e-09 -5.0703078e-09
158.34 0.251 -0.282 1.8759007e-08 2.43764462e-09 -2.3225559799999998e-09
158.898 0.307 -0.307 1.44273968e-08 1.89558432e-09 -1.80480602e-09
159.46 0.256 -0.255 1.71866906e-08 2.29083568e-09 -2.18018914e-09
159.958 0.265 -0.242 1.90566668e-08 2.41224866e-09 -2.28492954e-09
160.513 0.297 -0.29 1.56771722e-08 2.01494064e-09 -1.91153746e-09
161.092 0.289 -0.282 1.52266552e-08 2.04494598e-09 -1.95030154e-09
161.626 0.262 -0.245 1.93712008e-08 2.40355656e-09 -2.27103782e-09
162.175 0.297 -0.286 1.53116008e-08 1.98754752e-09 -1.8925464200000002e-09
162.74 0.235 -0.268 1.75384818e-08 2.3286950199999998e-09 -2.2263162599999997e-09
163.222 0.271 -0.247 1.76241992e-08 2.28426892e-09 -2.1713386e-09
163.802 0.244 -0.309 1.61485924e-08 2.10447556e-09 -1.99915716e-09
164.29 0.313 -0.244 1.6045382e-08 2.0892779e-09 -1.98544666e-09
164.889 0.31 -0.286 1.49916778e-08 1.9547198399999998e-09 -1.85653974e-09
165.55 0.305 -0.351 1.28821512e-08 1.78982392e-09 -1.7110442199999999e-09
166.186 0.318 -0.331 1.33913556e-08 1.80410188e-09 -1.7185544800000001e-09
166.853 0.356 -0.348 1.2795526e-08 1.65007814e-09 -1.56584654e-09
167.522 0.341 -0.312 1.35623688e-08 1.7830568999999999e-09 -1.6970253399999998e-09
168.26 0.455 -0.397 1.02900422e-08 1.3669128799999998e-09 -1.30250464e-09
169.079 0.345 -0.365 1.25424844e-08 1.6324358799999998e-09 -1.5516562999999999e-09
169.761 0.374 -0.336 1.2654392e-08 1.6256069800000001e-09 -1.5462339799999999e-09
170.479 0.299 -0.345 1.3909247e-08 1.81713238e-09 -1.72756992e-09
171.197 0.347 -0.418 1.11189826e-08 1.5273157e-09 -1.4591729e-09
171.992 0.426 -0.449 9.8085682e-09 1.3287506e-09 -1.27032602e-09
172.713 0.31 -0.294 1.45876728e-08 1.91366246e-09 -1.82405274e-09
173.381 0.379 -0.357 1.19804032e-08 1.5719798e-09 -1.49810732e-09
174.12 0.382 -0.359 1.2108219399999999e-08 1.5548336e-09 -1.48237994e-09
174.876 0.344 -0.374 1.24632372e-08 1.62711046e-09 -1.54994202e-09
175.647 0.494 -0.426 9.4208492e-09 1.26506792e-09 -1.2066008399999998e-09
176.562 0.319 -0.422 1.19225828e-08 1.56366408e-09 -1.49377334e-09
177.216 0.327 -0.335 1.34528072e-08 1.73811026e-09 -1.66580688e-09
177.961 0.51 -0.419 9.587065000000001e-09 1.24648522e-09 -1.18606552e-09
178.98 0.474 -0.508 8.9363118e-09 1.18880558e-09 -1.13195758e-09
179.924 0.485 -0.471 9.2414346e-09 1.22996292e-09 -1.17092668e-09
180.823 0.392 -0.414 1.11539618e-08 1.4475738e-09 -1.3786047999999999e-09
181.652 0.453 -0.437 1.0105480000000001e-08 1.30960078e-09 -1.24885774e-09
182.576 0.51 -0.472 6.9651346e-09 9.0998416e-10 -8.5134708e-10
183.606 0.45 -0.519 6.8828172e-09 9.069278999999999e-10 -8.520882799999999e-10
184.403 0.393 -0.347 8.849452e-09 1.19110534e-09 -1.12264464e-09
185.275 0.4 -0.479 7.5933934e-09 9.9833622e-10 -9.4071676e-10
186.028 0.344 -0.353 9.80237e-09 1.2639380999999999e-09 -1.19207468e-09
186.865 0.427 -0.493 7.188348e-09 9.513726999999998e-10 -9.030097399999999e-10
187.766 0.577 -0.474 6.347069e-09 8.2966222e-10 -7.884266799999999e-10
188.86 0.459 -0.516 6.948253599999999e-09 8.993479399999999e-10 -8.5726478e-10
189.894 0.55 -0.576 5.8709398e-09 7.7057634e-10 -7.383069399999999e-10
191.0 0.512 -0.555 6.4042094e-09 8.2432728e-10 -7.786360400000001e-10
192.133 0.559 -0.621 5.657753e-09 7.466617600000001e-10 -7.0015078e-10
193.173 0.629 -0.481 5.7710342e-09 7.785262199999999e-10 -7.4399446e-10
194.397 0.62 -0.595 5.380428599999999e-09 7.0241382e-10 -6.686677999999999e-10
195.571 0.647 -0.554 5.342906199999999e-09 7.1090158e-10 -6.8044914e-10
196.841 0.626 -0.623 5.283532e-09 6.767479e-10 -6.482678e-10
198.136 0.62 -0.669 5.1158915999999995e-09 6.5720878e-10 -6.2838698e-10
199.541 0.735 -0.784 4.1829724e-09 5.5823002e-10 -5.380547599999999e-10
200.991 0.651 -0.715 4.8294688e-09 6.1298294e-10 -5.9094448e-10
202.241 0.65 -0.599 5.2347691999999994e-09 6.8244018e-10 -6.5060088e-10
203.744 0.722 -0.852 4.1732824e-09 5.447531e-10 -5.185452199999999e-10
205.23 0.889 -0.764 4.0261916e-09 5.1360366e-10 -4.932407199999999e-10
206.445 0.284 -0.326 4.2294402e-09 5.167506999999999e-10 -5.1679048e-10
207.028 0.301 -0.299 4.0738358e-09 5.0750372e-10 -5.075717199999999e-10
207.62 0.253 -0.292 4.4649854e-09 5.529681800000001e-10 -5.5304366e-10
208.208 0.328 -0.335 3.7005294e-09 4.5209595999999996e-10 -4.5215478e-10
208.813 0.325 -0.276 4.1031336e-09 5.0430228e-10 -5.043679e-10
209.428 0.292 -0.29 4.1781648e-09 5.1744668e-10 -5.1751638e-10
209.957 0.293 -0.237 3.34042044e-09 4.8618334e-10 -4.8623026e-10
210.535 0.326 -0.285 3.9832631999999995e-09 4.9330872e-10 -4.9337094e-10
211.166 0.324 -0.306 3.37525412e-09 4.4319646e-10 -4.432495e-10
211.725 0.269 -0.235 3.34852638e-09 4.9371706e-10 -4.9376602e-10
212.23 0.277 -0.237 3.2077181e-09 4.7818212e-10 -4.7822904e-10
212.86 0.306 -0.352 3.6547891999999997e-09 4.588708e-10 -4.5892859999999995e-10
213.512 0.303 -0.346 3.7431721999999995e-09 4.6357402e-10 -4.6362740000000003e-10
214.123 0.239 -0.307 3.01962806e-09 4.5014232e-10 -4.5017937999999997e-10
214.692 0.326 -0.33 3.7405814e-09 4.5698924e-10 -4.570518e-10
215.263 0.283 -0.245 3.1907419e-09 4.704529e-10 -4.7049846e-10
215.856 0.275 -0.31 3.3812728e-09 4.6013661999999996e-10 -4.601866e-10
216.41 0.236 -0.279 3.1599549e-09 4.8072192e-10 -4.807627199999999e-10
216.948 0.213 -0.303 3.26935024e-09 4.8204248e-10 -4.820846399999999e-10
217.445 0.259 -0.283 3.06267172e-09 4.6062656e-10 -4.6067178e-10
217.944 0.264 -0.239 3.27738682e-09 4.885681e-10 -4.886191e-10
218.643 0.375 -0.435 2.0384713599999997e-09 3.03879692e-10 -3.0390957799999994e-10
219.244 0.277 -0.227 3.227994e-09 4.910728799999999e-10 -4.911163999999999e-10
219.759 0.29 -0.238 3.0758066e-09 4.6792092e-10 -4.679634199999999e-10
220.31 0.271 -0.261 3.1020076799999997e-09 4.6242346e-10 -4.6246936e-10
220.835 0.304 -0.253 3.26895414e-09 4.74504e-10 -4.745566999999999e-10
221.401 0.255 -0.263 3.3290063e-09 4.855897e-10 -4.856430800000001e-10
221.944 0.288 -0.288 2.86268236e-09 4.2674726e-10 -4.2679282e-10
222.509 0.332 -0.276 2.67106788e-09 4.0634862e-10 -4.0639146e-10
223.115 0.281 -0.274 2.9278967399999997e-09 4.4542006e-10 -4.4546697999999995e-10
223.714 0.367 -0.318 2.40908904e-09 3.5912873999999995e-10 -3.5916681999999996e-10
224.42 0.323 -0.339 3.6745976e-09 4.5508218e-10 -4.5514542e-10
225.114 0.323 -0.371 2.3782030999999997e-09 3.5452446e-10 -3.5456152e-10
225.727 0.305 -0.291 2.76865808e-09 4.1273075999999995e-10 -4.1277428e-10
226.411 0.383 -0.378 2.13435544e-09 3.2469853799999995e-10 -3.24729308e-10
227.13 0.328 -0.336 2.4872404199999996e-09 3.7077918e-10 -3.7081828e-10
227.805 0.327 -0.347 2.44882348e-09 3.6505221999999996e-10 -3.6509132e-10
228.479 0.297 -0.347 2.5251626600000003e-09 3.8415206000000004e-10 -3.8419048e-10
229.153 0.338 -0.377 2.3087570799999996e-09 3.4417179999999997e-10 -3.4420512e-10
229.728 0.286 -0.237 3.0616068399999997e-09 4.753999e-10 -4.7544274e-10
230.283 0.257 -0.268 3.3559128800000003e-09 4.8438848e-10 -4.844401599999999e-10
230.794 0.307 -0.255 3.0675735000000003e-09 4.4745564e-10 -4.4750732e-10
231.439 0.345 -0.338 2.3075262799999998e-09 3.6579376e-10 -3.658315e-10
232.089 0.288 -0.304 2.74504474e-09 4.1760296e-10 -4.1764715999999996e-10
232.694 0.354 -0.317 2.4246651200000002e-09 3.6886361999999995e-10 -3.6890204e-10
233.373 0.299 -0.326 2.64416742e-09 3.9417288e-10 -3.9421809999999997e-10
234.025 0.274 -0.352 2.51730458e-09 3.9904814e-10 -3.990869e-10
234.65 0.307 -0.352 2.50838638e-09 3.7393132e-10 -3.7397177999999997e-10
235.27 0.281 -0.313 2.7787550599999995e-09 4.1423594e-10 -4.1427945999999996e-10
235.988 0.323 -0.437 2.1407698799999997e-09 3.2567474599999996e-10 -3.25709324e-10
236.623 0.31 -0.312 2.6517722e-09 3.9530643999999996e-10 -3.9535097999999996e-10
237.37 0.419 -0.436 1.90041538e-09 2.89109718e-10 -2.8914092999999995e-10
238.173 0.427 -0.384 2.0332982599999997e-09 3.0310877599999997e-10 -3.0314083800000003e-10
239.016 0.428 -0.415 1.92647978e-09 2.93074696e-10 -2.9310451399999996e-10
239.735 0.391 -0.292 2.41442908e-09 3.5992468e-10 -3.5996004e-10
240.597 0.547 -0.47 1.6209088599999998e-09 2.41632696e-10 -2.41656734e-10
241.487 0.367 -0.343 2.32366438e-09 3.4639438e-10 -3.4643178000000003e-10
242.307 0.376 -0.453 1.95957062e-09 2.9810877e-10 -2.98138996e-10
242.989 0.245 -0.305 2.95524702e-09 4.495803e-10 -4.4962313999999997e-10
243.69 0.427 -0.457 1.86547698e-09 2.78091066e-10 -2.78118606e-10
244.482 0.356 -0.364 2.2546943599999998e-09 3.430056e-10 -3.4303722e-10
245.28 0.362 -0.442 2.0511972199999997e-09 3.05776688e-10 -3.05805996e-10
246.046 0.374 -0.404 2.12160442e-09 3.1627221599999997e-10 -3.16300096e-10
246.9 0.406 -0.48 1.8617312e-09 2.7753231e-10 -2.7755645e-10
247.719 0.473 -0.413 1.8617294999999998e-09 2.7753203799999997e-10 -2.77556042e-10
248.648 0.501 -0.456 1.7226045599999999e-09 2.56792344e-10 -2.56814138e-10
249.478 0.258 -0.329 2.76530092e-09 4.2068335999999996e-10 -4.2071838e-10
250.231 0.453 -0.495 1.7383638999999998e-09 2.5914170999999996e-10 -2.59164626e-10
251.069 0.387 -0.385 2.13490522e-09 3.1825513e-10 -3.18284846e-10
251.985 0.402 -0.529 1.69138882e-09 2.6812196e-10 -2.68145216e-10
252.845 0.521 -0.458 1.65918198e-09 2.52410424e-10 -2.52432966e-10
253.784 0.304 -0.418 2.2476597600000002e-09 3.4193494e-10 -3.4196180000000003e-10
254.673 0.617 -0.585 1.37060766e-09 2.0431943e-10 -2.04336906e-10
255.676 0.408 -0.385 2.04607274e-09 3.1126765399999995e-10 -3.11292508e-10
256.864 0.553 -0.78 1.2370434199999998e-09 1.84408588e-10 -1.84423004e-10
257.878 0.472 -0.462 1.7648199799999998e-09 2.6308533599999996e-10 -2.6310607599999997e-10
258.961 0.574 -0.611 1.39146156e-09 2.0742808399999998e-10 -2.07444846e-10
260.16 0.505 -0.624 1.4379976999999999e-09 2.18761644e-10 -2.1877990199999998e-10
261.184 0.527 -0.519 1.5767374200000002e-09 2.35047678e-10 -2.3506797599999996e-10
262.106 0.486 -0.395 1.87303042e-09 2.79216874e-10 -2.7924288399999994e-10
263.144 0.588 -0.552 1.44634538e-09 2.15610218e-10 -2.15632318e-10
264.395 0.504 -0.663 1.4133113199999998e-09 2.10685726e-10 -2.1070728199999998e-10
265.48 0.544 -0.581 1.44482354e-09 2.1980014e-10 -2.19818806e-10
266.6 0.591 -0.576 1.41328956e-09 2.10682122e-10 -2.1070031199999998e-10
267.68 0.541 -0.489 1.5770784399999998e-09 2.39920082e-10 -2.3994174e-10
268.726 0.544 -0.505 1.571395e-09 2.3425132999999997e-10 -2.34272478e-10
269.791 0.499 -0.52 1.59329814e-09 2.42387394e-10 -2.4240714800000003e-10
270.792 0.535 -0.502 1.58954318e-09 2.36956642e-10 -2.3697697399999996e-10
271.859 0.751 -0.531 1.2853118599999998e-09 1.91604382e-10 -1.9162236799999998e-10
273.101 0.537 -0.491 1.60331182e-09 2.39009324e-10 -2.390319e-10
274.293 0.554 -0.654 1.3648235799999999e-09 2.0345746199999998e-10 -2.03477318e-10
275.469 0.491 -0.622 1.48033756e-09 2.2067717e-10 -2.20696618e-10
276.517 0.594 -0.557 1.4107120199999999e-09 2.14610788e-10 -2.1462928399999999e-10
277.761 0.68 -0.65 1.2218542599999998e-09 1.8588004e-10 -1.8589683599999998e-10
279.256 0.602 -0.815 1.14519548e-09 1.74218074e-10 -1.74234938e-10
280.433 0.596 -0.575 1.3872061199999999e-09 2.1103493999999998e-10 -2.11054014e-10
281.674 0.617 -0.645 1.3072887799999999e-09 1.94880486e-10 -1.94898472e-10
282.994 0.486 -0.704 1.38546668e-09 2.0653456399999998e-10 -2.06552992e-10
284.296 0.647 -0.816 1.12759742e-09 1.6809338199999999e-10 -1.68108104e-10
285.681 0.735 -0.738 1.1025146000000002e-09 1.6772489e-10 -1.67739204e-10
287.097 0.676 -0.681 1.1781081599999998e-09 1.8293394e-10 -1.8294845799999997e-10
288.244 0.566 -0.47 1.56852574e-09 2.38618834e-10 -2.3863886e-10
289.604 0.615 -0.795 1.16880984e-09 1.7423697799999998e-10 -1.7425163199999998e-10
291.0 0.672 -0.78 1.0845779e-09 1.7192909200000001e-10 -1.71942624e-10
292.242 0.503 -0.57 1.5374514400000001e-09 2.29191314e-10 -2.29212224e-10
293.545 0.984 -0.801 9.243206e-10 1.3779054199999999e-10 -1.3780336e-10
295.432 0.871 -0.903 9.298731399999999e-10 1.38618306e-10 -1.3863153199999997e-10
297.188 0.739 -0.885 1.00011544e-09 1.5214711e-10 -1.5216193399999999e-10
298.775 0.684 -0.848 1.07675178e-09 1.60514e-10 -1.6053055799999999e-10
300.513 1.112 -1.055 7.3818182e-10 1.1462335e-10 -1.14634128e-10
302.277 0.902 -0.651 1.04579784e-09 1.59096676e-10 -1.59111228e-10
303.891 0.541 -0.711 1.29683004e-09 1.9728602e-10 -1.97303666e-10
305.072 0.502 -0.64 1.4438106800000001e-09 2.15232172e-10 -2.1525304799999998e-10
306.405 0.768 -0.832 1.03106394e-09 1.5370312e-10 -1.53717944e-10
307.774 0.846 -0.6 1.1401420599999998e-09 1.6996361999999997e-10 -1.6998004199999998e-10
309.666 0.874 -1.046 8.5905998e-10 1.28062054e-10 -1.28074396e-10
311.586 1.231 -1.046 7.1325438e-10 1.08506954e-10 -1.08516202e-10
313.824 0.722 -1.008 9.5377378e-10 1.421812e-10 -1.42194222e-10
315.623 1.163 -1.077 7.363478599999999e-10 1.09769102e-10 -1.0977987999999999e-10
317.757 1.021 -0.972 8.277402e-10 1.2339307200000002e-10 -1.23404292e-10
319.594 1.01 -0.816 8.899329999999999e-10 1.3538511e-10 -1.3539816599999998e-10
321.507 0.881 -0.903 9.242869399999999e-10 1.3778554399999998e-10 -1.377986e-10
323.189 0.711 -0.801 1.09032526e-09 1.62537408e-10 -1.6255383e-10
324.767 0.774 -0.867 1.00489244e-09 1.49801756e-10 -1.49816954e-10
326.626 0.922 -1.085 8.2135976e-10 1.22442024e-10 -1.2245388999999998e-10
328.389 0.824 -0.841 9.8985322e-10 1.47559558e-10 -1.47572512e-10
330.614 1.122 -1.401 6.533810599999999e-10 9.740099e-11 -9.7409966e-11
332.83 1.024 -1.095 7.7791388e-10 1.15965466e-10 -1.15976958e-10
335.012 0.812 -1.158 8.5850272e-10 1.27979094e-10 -1.27992558e-10
336.903 1.138 -1.079 7.5165466e-10 1.14348936e-10 -1.1436012199999999e-10
338.915 0.845 -0.874 9.8437548e-10 1.4674315e-10 -1.4675763399999998e-10
340.728 1.049 -0.969 8.258759799999999e-10 1.25640234e-10 -1.25653018e-10
342.492 0.646 -0.715 1.20549312e-09 1.8718665999999999e-10 -1.87205904e-10
344.107 1.194 -0.969 7.6586326e-10 1.1651048599999998e-10 -1.16522148e-10
346.203 1.06 -0.901 8.283549199999999e-10 1.26017158e-10 -1.26028106e-10
348.47 0.957 -1.208 7.6156362e-10 1.13528108e-10 -1.1353959999999999e-10
350.356 1.18 -0.928 7.703346e-10 1.17190588e-10 -1.17200822e-10
352.484 1.103 -0.948 8.0383616e-10 1.1982970199999998e-10 -1.19841262e-10
354.817 1.558 -1.23 5.9139974e-10 8.8161252e-11 -8.8169072e-11
357.548 1.036 -1.174 7.3463902e-10 1.1176010800000001e-10 -1.11769186e-10
359.966 0.959 -1.381 7.0447252e-10 1.05017262e-10 -1.0502620399999999e-10
362.097 1.398 -1.173 6.314208e-10 9.605768399999998e-11 -9.6065674e-11
364.546 1.047 -1.051 7.8574238e-10 1.17132414e-10 -1.1714349799999999e-10
367.034 1.37 -1.441 5.8660812e-10 8.744704800000001e-11 -8.7455514e-11
369.714 1.417 -1.31 5.955150999999999e-10 9.059538e-11 -9.060313199999999e-11
372.213 1.578 -1.082 6.200025799999999e-10 9.2425192e-11 -9.2433658e-11
374.782 1.206 -0.991 7.505296e-10 1.1188312e-10 -1.11893082e-10
377.265 1.587 -1.278 5.670764799999999e-10 8.6268948e-11 -8.6275816e-11
380.012 1.119 -1.16 7.1273146e-10 1.0842736e-10 -1.08436336e-10
382.433 1.344 -1.302 6.372585999999999e-10 9.395937399999999e-11 -9.396855399999999e-11
385.416 1.544 -1.639 5.1816476e-10 7.724402199999999e-11 -7.725156999999999e-11
388.406 1.078 -1.446 6.528071399999999e-10 9.7315446e-11 -9.732466000000001e-11
390.831 1.155 -1.347 6.5877244e-10 9.8204614e-11 -9.821308e-11
393.413 1.809 -1.427 5.0919964e-10 7.590744799999999e-11 -7.5913568e-11
396.388 1.065 -1.166 7.3863028e-10 1.10109238e-10 -1.10119166e-10
399.269 1.513 -1.816 4.8381966e-10 7.6695976e-11 -7.670281000000001e-11
401.846 1.473 -1.064 6.6726428e-10 9.947074e-11 -9.948134799999999e-11
404.797 1.116 -1.478 6.427669400000001e-10 9.7783864e-11 -9.779362199999999e-11
407.199 0.997 -1.286 7.416331600000001e-10 1.10556916e-10 -1.1056732e-10
409.721 1.538 -1.526 5.3156246e-10 8.086628e-11 -8.0873556e-11
412.738 1.153 -1.479 6.2691274e-10 9.345535799999999e-11 -9.346474199999999e-11
415.059 1.342 -1.168 6.4721482e-10 9.846053199999999e-11 -9.847025599999999e-11
418.026 1.508 -1.625 5.265168599999999e-10 7.8489136e-11 -7.849729599999999e-11
421.158 1.117 -1.624 5.925367e-10 9.0142398e-11 -9.015134e-11
423.625 1.369 -1.35 6.0672864e-10 9.044646e-11 -9.0455674e-11
426.249 1.474 -1.255 6.043622399999999e-10 9.0093676e-11 -9.010255e-11
429.185 1.547 -1.462 5.3995604e-10 8.2143218e-11 -8.215079999999999e-11
432.16 1.616 -1.428 5.335827399999999e-10 8.1173674e-11 -8.1181154e-11
434.99 1.079 -1.214 7.0827542e-10 1.0774953599999999e-10 -1.07759056e-10
437.531 1.306 -1.462 5.957262400000001e-10 8.880619799999999e-11 -8.8813848e-11
440.187 1.764 -1.349 5.2969144e-10 7.896221199999999e-11 -7.8968876e-11
443.551 1.175 -1.601 5.941976e-10 8.857829599999999e-11 -8.858581e-11
446.565 1.874 -1.839 4.3745385999999995e-10 6.654956e-11 -6.655534e-11
449.795 1.542 -1.356 5.604451199999999e-10 8.5260168e-11 -8.5267784e-11
452.917 1.982 -1.58 4.5597128e-10 6.936666399999999e-11 -6.937275e-11
456.427 1.91 -1.527 4.797281e-10 7.151413799999999e-11 -7.1520734e-11
459.839 1.319 -1.503 5.667572199999999e-10 8.800478399999999e-11 -8.801192399999999e-11
463.349 1.961 -2.191 3.9703806e-10 5.9187302e-11 -5.919212999999999e-11
467.294 2.114 -1.983 3.9629278e-10 6.028777999999999e-11 -6.0292676e-11
471.032 1.459 -1.624 5.2664402e-10 8.0118008e-11 -8.0124468e-11
474.162 1.766 -1.671 4.796964799999999e-10 7.1509378e-11 -7.151539600000001e-11
478.033 1.981 -2.104 4.0365208e-10 6.0173268e-11 -6.0178606e-11
480.901 1.048 -0.888 8.518193399999999e-10 1.2698252e-10 -1.2699306e-10
483.305 1.535 -1.356 5.444923199999999e-10 8.631372599999999e-11 -8.631970999999999e-11
486.947 2.413 -2.107 3.5920149999999997e-10 5.4645072e-11 -5.464939e-11
491.426 1.487 -2.066 4.5705044e-10 6.9530816e-11 -6.953666399999999e-11
494.601 1.619 -1.687 4.9207112e-10 7.6407758e-11 -7.641428599999999e-11
498.236 1.673 -2.017 4.5839582e-10 6.8334186e-11 -6.834108799999999e-11
501.379 1.181 -1.47 6.380596399999999e-10 9.511703999999999e-11 -9.5126662e-11
503.987 2.179 -1.427 4.6903884e-10 6.9920728e-11 -6.9927732e-11
508.339 1.816 -2.173 4.2411396e-10 6.322368e-11 -6.3230072e-11
511.866 1.586 -1.711 5.1314296e-10 7.6495512e-11 -7.650363799999999e-11
514.977 1.307 -1.525 5.9728684e-10 8.9039064e-11 -8.9049264e-11
517.919 1.653 -1.635 5.145740199999999e-10 7.670899799999999e-11 -7.671845e-11
521.524 2.01 -1.952 4.2700225999999996e-10 6.3654358e-11 -6.3661668e-11
525.446 2.203 -1.912 4.1106714000000004e-10 6.1278812e-11 -6.1285238e-11
529.33 1.869 -1.68 3.1043880200000004e-10 5.843484799999999e-11 -5.843851999999999e-11
533.193 1.872 -1.994 4.3741407999999997e-10 6.5206322e-11 -6.5212612e-11
536.957 1.809 -1.892 4.5008486e-10 6.709509e-11 -6.710086999999999e-11
540.912 1.94 -2.147 4.0341102e-10 6.013733e-11 -6.0142464e-11
544.866 2.148 -2.014 3.9018876e-10 5.935917199999999e-11 -5.9364068e-11
548.406 1.658 -1.393 5.3205036e-10 8.0940468e-11 -8.094686e-11
552.133 1.767 -2.069 4.2968452e-10 6.405396e-11 -6.4059196e-11
555.816 1.417 -1.916 4.796822e-10 7.4483902e-11 -7.4489206e-11
559.358 1.927 -2.126 3.821243e-10 6.18528e-11 -6.185671e-11
563.22 2.12 -1.935 4.0035679999999996e-10 6.090600199999999e-11 -6.0910558e-11
567.361 1.852 -2.021 4.2554332e-10 6.343655399999999e-11 -6.3441076e-11
570.469 2.242 -1.256 3.27993274e-10 5.9664016e-11 -5.9666974e-11
574.382 1.693 -1.671 3.04443854e-10 6.099215799999999e-11 -6.0995116e-11
577.573 1.717 -1.498 5.127077599999999e-10 7.6430572e-11 -7.643828999999999e-11
580.701 1.774 -1.411 5.099173799999999e-10 7.757348199999999e-11 -7.7580758e-11
584.167 1.496 -1.692 5.0935434e-10 7.748773399999999e-11 -7.749433e-11
587.777 1.829 -2.114 4.2750137999999997e-10 6.303202199999999e-11 -6.303736e-11
591.15 1.639 -1.544 5.1803828e-10 7.722508400000001e-11 -7.723168e-11
594.702 1.958 -1.914 4.1947737999999994e-10 6.3814872e-11 -6.382031199999999e-11
598.823 1.757 -2.163 4.1434066e-10 6.3033416e-11 -6.303872e-11
602.516 2.121 -1.937 4.0005284e-10 6.0859796e-11 -6.086496399999999e-11
606.614 1.95 -1.977 4.197861e-10 6.2578394e-11 -6.2583698e-11
610.599 2.279 -2.035 3.7056464e-10 5.7540376e-11 -5.7544489999999996e-11
614.931 1.84 -2.053 4.2363082e-10 6.3151532e-11 -6.3156564e-11
618.491 1.793 -1.72 4.622334e-10 7.031931e-11 -7.032543e-11
622.438 2.465 -2.153 3.3544658399999996e-10 5.429728599999999e-11 -5.4301196e-11
626.458 1.583 -1.555 5.2531632e-10 7.8310024e-11 -7.831665399999999e-11
630.229 2.595 -2.187 3.4473926e-10 5.1391034e-11 -5.1395386e-11
634.921 2.165 -2.097 3.7524168e-10 5.826665e-11 -5.8271478e-11
639.072 1.863 -1.985 4.2859787999999996e-10 6.389212e-11 -6.3898308e-11
643.14 1.727 -2.205 4.2247039999999996e-10 6.3539574e-11 -6.3545014e-11
646.823 2.216 -1.956 3.8338739999999995e-10 5.9531586e-11 -5.9536686e-11
651.243 1.5 -2.204 4.4525652e-10 6.6375412e-11 -6.6381736e-11
655.012 2.217 -2.268 3.5097758e-10 5.56376e-11 -5.5642122e-11
659.369 1.135 -2.141 3.27974166e-10 6.173553399999999e-11 -6.1738934e-11
662.245 1.991 -1.741 3.20398422e-10 5.8005088e-11 -5.8008352e-11
666.494 2.083 -2.258 3.6237505999999996e-10 5.744422399999999e-11 -5.7448167999999995e-11
670.478 2.271 -1.901 3.8895762e-10 5.9171832e-11 -5.917649e-11
674.641 2.154 -1.892 4.0729008e-10 6.071560199999999e-11 -6.0721076e-11
678.452 1.776 -1.657 3.2004489000000003e-10 5.8432196e-11 -5.8435664e-11
682.207 1.386 -1.978 3.1925432199999996e-10 6.0094184e-11 -6.009744799999999e-11
685.597 1.799 -2.004 3.23988312e-10 5.772061e-11 -5.7724214e-11
689.313 2.032 -1.916 4.1757746e-10 6.2249206e-11 -6.2254918e-11
693.324 1.291 -1.979 3.36093468e-10 6.1362248e-11 -6.1365818e-11
696.435 1.761 -1.821 4.462993e-10 6.9300364e-11 -6.930614399999999e-11
700.263 2.518 -2.067 3.4851054e-10 5.4115896e-11 -5.4120077999999996e-11
704.937 1.871 -2.156 3.9686602e-10 6.162438799999999e-11 -6.1628536e-11
709.153 2.251 -2.346 3.4766258e-10 5.3984214e-11 -5.3988056e-11
713.541 2.098 -2.137 3.8336496e-10 5.8321016e-11 -5.8325538e-11
717.874 2.662 -2.235 3.26338392e-10 5.0673056e-11 -5.0676898e-11
722.747 1.899 -2.211 3.8890832e-10 6.038876e-11 -6.039321399999999e-11
726.835 2.304 -2.189 3.34256686e-10 5.220241e-11 -5.2206116e-11
731.129 2.045 -1.99 2.7231463600000003e-10 4.9717825999999996e-11 -4.9720477999999995e-11
735.182 1.647 -2.009 4.508077e-10 6.720287e-11 -6.7208412e-11
738.681 2.102 -1.851 2.71695598e-10 5.1142052e-11 -5.114483999999999e-11
742.771 1.588 -1.988 4.5418458e-10 6.9094834e-11 -6.910091999999999e-11
746.871 1.918 -2.512 3.6663356e-10 5.5775708000000004e-11 -5.5780059999999996e-11
750.631 1.74 -1.842 3.0000222999999995e-10 5.6470293999999995e-11 -5.6473217999999996e-11
754.475 2.334 -2.105 3.32838342e-10 5.3152642e-11 -5.3156857999999996e-11
758.362 1.723 -1.553 3.35613116e-10 6.1274562e-11 -6.1278302e-11
761.855 1.749 -1.77 3.1236680599999996e-10 5.7030376e-11 -5.703398e-11
765.451 1.588 -1.847 3.1997369399999996e-10 5.8419208e-11 -5.842291399999999e-11
768.423 1.878 -1.383 3.3707691800000003e-10 6.1541836e-11 -6.154561e-11
772.193 1.602 -1.893 3.0746733800000003e-10 5.7875514e-11 -5.7878778000000004e-11
775.788 1.622 -1.993 3.0405441799999995e-10 5.5512751999999996e-11 -5.5516084e-11
779.411 1.424 -2.001 3.06424558e-10 5.9491772e-11 -5.949473e-11
782.314 2.146 -1.48 3.3340648199999996e-10 5.8038849999999996e-11 -5.8041944e-11
786.572 2.258 -2.111 3.7715622e-10 5.622342e-11 -5.6227602e-11
790.995 1.796 -2.165 4.1612770000000003e-10 6.2033e-11 -6.2037488e-11
794.862 2.137 -2.072 3.8551614e-10 5.8648232e-11 -5.865221e-11
799.88 2.025 -2.88 2.2394117e-10 4.0886020000000004e-11 -4.088806e-11
803.373 1.674 -1.468 5.245333e-10 7.819319999999999e-11 -7.819915e-11
807.107 2.219 -2.06 3.7948861999999995e-10 5.7731354e-11 -5.7736012e-11
810.779 2.01 -1.454 3.2068698e-10 5.9323438e-11 -5.9326634e-11
814.756 2.072 -1.967 4.019582e-10 6.1149612e-11 -6.115423599999999e-11
818.448 1.851 -1.62 3.16514024e-10 5.7787522e-11 -5.7790616e-11
822.578 2.016 -2.279 3.8370835999999994e-10 5.720024e-11 -5.7205271999999993e-11
826.72 1.498 -2.126 3.1068023599999996e-10 5.6722472e-11 -5.6726246e-11
829.832 2.181 -1.614 3.30112664e-10 5.815819e-11 -5.8162133999999994e-11
833.56 1.83 -1.547 3.2644998e-10 6.1448608e-11 -6.1451668e-11
837.334 2.288 -1.945 2.53990438e-10 4.7809338e-11 -4.7811718e-11
842.277 1.773 -2.655 2.36933896e-10 4.6000265999999995e-11 -4.6002510000000004e-11
845.895 2.068 -1.844 3.3704533199999996e-10 5.6174493999999995e-11 -5.61782e-11
849.853 1.664 -1.891 3.0208330199999996e-10 5.6862008e-11 -5.6864863999999995e-11
853.043 1.874 -1.526 3.2660950799999997e-10 6.041902e-11 -6.0422114e-11
856.72 1.604 -1.803 3.0791709e-10 5.978152e-11 -5.978423999999999e-11
860.439 2.218 -2.114 3.6904892000000003e-10 5.7305028e-11 -5.7309278e-11
864.547 2.088 -1.89 2.7626723800000004e-10 5.0439476e-11 -5.0442264e-11
868.865 1.815 -2.23 3.9505178e-10 6.134273199999999e-11 -6.1347186e-11
872.894 2.031 -2.214 3.8233238e-10 5.8163936e-11 -5.816828799999999e-11
876.779 1.554 -1.853 3.22447534e-10 5.8870864e-11 -5.887423e-11
880.459 1.944 -2.126 4.0494849999999997e-10 6.0366558e-11 -6.0371828e-11
883.975 2.824 -1.572 3.0829724399999994e-10 5.0684004000000004e-11 -5.0687369999999995e-11
888.366 1.85 -1.566 3.1438341399999997e-10 5.9177272e-11 -5.9179822e-11
891.366 2.366 -1.151 3.1230342999999997e-10 5.7018748e-11 -5.7021502e-11
896.285 2.785 -2.553 2.05808324e-10 3.7575406e-11 -3.7577242e-11
900.779 1.792 -1.71 3.20517898e-10 6.0017922e-11 -6.0020778e-11
904.857 2.173 -2.286 3.31228544e-10 5.2895534e-11 -5.2899308e-11
908.355 2.106 -1.325 3.2358439200000004e-10 5.9859448e-11 -5.986271199999999e-11
912.309 3.308 -1.848 2.8165022e-10 4.6002238e-11 -4.6005603999999994e-11
917.687 1.964 -2.069 2.66305306e-10 5.0127424e-11 -5.013011e-11
922.021 2.179 -2.37 2.4149724e-10 4.4091369999999996e-11 -4.4094055999999995e-11
926.469 1.752 -2.269 2.73197582e-10 4.987902e-11 -4.9881774e-11
930.471 2.216 -2.25 2.46016996e-10 4.491655e-11 -4.4919065999999996e-11
934.735 2.689 -2.048 3.32567124e-10 5.0716371999999993e-11 -5.0720961999999993e-11
939.495 2.992 -2.071 2.9412046799999995e-10 4.7412592e-11 -4.7416332e-11
944.338 2.062 -1.85 2.74686884e-10 5.1705126e-11 -5.1708152e-11
948.592 1.75 -2.193 2.78894758e-10 5.091925e-11 -5.0922581999999995e-11
952.459 2.173 -2.117 2.50523696e-10 4.7156843999999996e-11 -4.7159836e-11
957.046 2.532 -2.414 2.17254968e-10 4.0894554e-11 -4.0896968e-11
962.205 2.812 -2.627 2.0211718199999998e-10 3.6901526e-11 -3.6903498e-11
967.364 2.633 -2.347 2.10665462e-10 4.0900299999999994e-11 -4.090217e-11
971.732 1.605 -1.736 3.28865204e-10 6.0042538e-11 -6.0045632e-11
975.213 1.407 -1.876 3.3476502e-10 6.1119692e-11 -6.1122922e-11
979.372 2.007 -2.753 2.2567177e-10 4.2478852e-11 -4.2481096e-11
982.974 1.707 -1.595 3.25255458e-10 6.122379999999999e-11 -6.1227098e-11
986.837 2.358 -2.156 3.13603148e-10 5.1916129999999996e-11 -5.1919768e-11
991.494 2.775 -2.299 2.0187459199999999e-10 4.0443475999999995e-11 -4.0445346e-11
996.291 1.625 -2.023 2.8772496599999995e-10 5.5861252e-11 -5.5864006e-11
999.666 1.774 -1.75 3.11889548e-10 5.6943234e-11 -5.694643e-11
1003.785 1.694 -2.345 2.72181254e-10 4.9693482e-11 -4.9696406e-11
1007.679 2.063 -2.2 2.46073334e-10 4.7774658e-11 -4.7776936e-11
1011.944 2.109 -2.202 2.2022823399999997e-10 4.8624352e-11 -4.8626018e-11
1016.186 1.943 -2.133 2.69548566e-10 4.9212824e-11 -4.9215578e-11
1020.418 2.007 -2.289 2.49972862e-10 4.7053143999999994e-11 -4.7055762e-11
1024.719 1.969 -2.294 2.5779089e-10 4.7066165999999996e-11 -4.7068919999999996e-11
1028.75 2.049 -2.062 2.61188034e-10 4.9164204e-11 -4.9167026e-11
1033.222 2.479 -2.422 2.19082842e-10 4.1238600000000004e-11 -4.1240742e-11
1038.346 2.484 -2.646 1.99663402e-10 4.0000489999999996e-11 -4.0002394e-11
1042.581 2.35 -1.751 2.67935402e-10 4.8918282e-11 -4.8920934e-11
1047.025 2.324 -2.094 2.3746773e-10 4.6103897999999996e-11 -4.6105972e-11
1051.054 1.965 -1.705 3.2933596799999997e-10 5.7330255999999997e-11 -5.7333553999999994e-11
1054.564 1.849 -1.545 3.2371682200000003e-10 5.9102574e-11 -5.910576999999999e-11
1058.658 2.426 -2.244 2.35292886e-10 4.2958591999999995e-11 -4.2960904e-11
1063.223 1.496 -2.139 2.8862042399999997e-10 5.6035094e-11 -5.6037814e-11
1067.43 2.582 -2.711 2.02902344e-10 3.8192914e-11 -3.8194953999999996e-11
1071.902 1.662 -1.891 3.2987378e-10 5.831425e-11 -5.8317616e-11
4278.236 10.603 -6.948 9.7781756e-11 2.0876034e-11 -2.0876034e-11
4304.998 16.435 -16.16 4.1680599999999996e-11 9.3485278e-12 -9.3485278e-12
4332.115 11.885 -10.681 6.398222e-11 1.40230586e-11 -1.40230586e-11
4361.538 17.564 -17.538 4.0993868e-11 9.222663200000001e-12 -9.222663200000001e-12
4385.966 8.18 -6.863 1.03969348e-10 2.2753949199999998e-11 -2.2753949199999998e-11
4410.437 11.289 -16.291 5.8207048e-11 1.2426979599999999e-11 -1.2426979599999999e-11
4433.838 12.962 -12.112 6.136540999999999e-11 1.3488803e-11 -1.3488803e-11
4459.203 12.67 -12.403 5.840880399999999e-11 1.3140615800000001e-11 -1.3140615800000001e-11
4490.956 21.033 -19.083 6.1644958e-11 1.06868426e-11 -1.06868426e-11
10078.444 41.896 -25.801 1.95751736e-11 4.4245152e-12 -4.4245152e-12
10158.433 29.605 -38.093 1.91087412e-11 4.319088e-12 -4.319088e-12
10224.604 36.146 -36.566 1.86823812e-11 4.0947254e-12 -4.0947254e-12
10291.45 34.49 -30.7 2.00641276e-11 4.5420532e-12 -4.5420532e-12
10345.866 20.191 -19.926 3.23068442e-11 7.2797094e-12 -7.2797094e-12
10390.368 20.82 -24.311 2.8635595599999998e-11 6.482436599999999e-12 -6.482436599999999e-12
10436.254 20.066 -25.066 2.90755794e-11 6.5314713999999994e-12 -6.5314713999999994e-12
10492.083 34.442 -35.763 2.04802094e-11 4.4217306e-12 -4.4217306e-12
10558.579 30.626 -32.054 2.5455432800000002e-11 5.2294006e-12 -5.2294006e-12
11809.447 31.1 -26.569 2.25017032e-11 5.0546644e-12 -5.0546644e-12
11869.608 23.592 -29.062 2.58023654e-11 5.6717338e-12 -5.6717338e-12
11929.652 38.766 -36.452 1.77547116e-11 3.9315016e-12 -3.9315016e-12
22581.316 49.868 -50.425 8.6372274e-12 1.89813466e-12 -1.89813466e-12
22694.849 61.702 -63.664 6.6217958e-12 1.49010134e-12 -1.49010134e-12
22817.339 52.041 -60.789 1.20775208e-11 2.7149227799999997e-12 -2.7149227799999997e-12
22939.941 49.79 -70.561 9.0456796e-12 2.03339074e-12 -2.03339074e-12
23035.353 34.613 -45.622 1.60926216e-11 3.6326178e-12 -3.6326178e-12
23221.794 111.439 -151.829 5.9836429999999994e-12 1.3519107199999998e-12 -1.3519107199999998e-12
23420.923 87.823 -87.689 8.9084998e-12 2.01904002e-12 -2.01904002e-12
23570.018 69.109 -61.272 7.858131e-12 1.77571902e-12 -1.77571902e-12
23688.758 35.617 -49.632 9.6067136e-12 2.15722078e-12 -2.15722078e-12
23758.34 36.24 -33.965 1.1839667e-11 2.6586384999999996e-12 -2.6586384999999996e-12
23833.427 46.402 -38.847 1.0166499800000001e-11 2.22521262e-12 -2.22521262e-12
23915.798 36.742 -35.97 1.1278445999999998e-11 2.5352977199999996e-12 -2.5352977199999996e-12
24032.694 100.37 -80.153 7.543189e-12 1.31815246e-12 -1.31815246e-12
28888.517 63.337 -82.087 5.8947466e-12 1.3250745199999999e-12 -1.3250745199999999e-12
29013.012 64.208 -61.158 7.0099670000000006e-12 1.57576332e-12 -1.57576332e-12
29132.869 47.151 -55.649 8.3459732e-12 1.87806888e-12 -1.87806888e-12
29238.293 64.586 -58.273 7.0548062e-12 1.58249668e-12 -1.58249668e-12
29403.269 72.615 -100.39 4.9429472e-12 1.1158392e-12 -1.1158392e-12
29553.196 70.62 -77.312 5.7154611999999994e-12 1.28886146e-12 -1.28886146e-12
29771.943 127.669 -148.128 5.6658993999999996e-12 9.4109892e-13 -9.4109892e-13
34680.615 100.094 -110.521 3.7616444e-12 8.5181866e-13 -8.5181866e-13
34836.986 41.509 -56.277 8.120026199999999e-12 1.82332106e-12 -1.82332106e-12
34950.68 68.225 -72.185 5.6297268e-12 1.2681286e-12 -1.2681286e-12
35065.394 68.847 -46.49 6.8757486e-12 1.54392334e-12 -1.54392334e-12
35203.29 63.839 -69.049 5.9574324e-12 1.33912468e-12 -1.33912468e-12
35347.084 72.992 -79.955 5.168129199999999e-12 1.1641514999999999e-12 -1.1641514999999999e-12
35483.74 66.716 -63.664 6.086578e-12 1.36528428e-12 -1.36528428e-12
35603.543 62.241 -53.087 8.576710799999999e-12 1.7254473e-12 -1.7254473e-12
40407.251 74.468 -80.986 5.225562e-12 1.15075686e-12 -1.15075686e-12
40596.262 101.087 -114.542 3.6062643999999997e-12 8.098160800000001e-13 -8.098160800000001e-13
40758.387 59.313 -61.038 6.4785707999999996e-12 1.45481546e-12 -1.45481546e-12
40911.682 119.141 -93.981 3.6436202e-12 8.252248799999999e-13 -8.252248799999999e-13
41123.687 87.662 -92.864 4.3018092e-12 9.7013288e-13 -9.7013288e-13
41307.0 122.477 -95.651 2.62345394e-12 6.940301e-13 -6.940301e-13
47023.153 171.026 -117.314 2.95453132e-12 6.3319594e-13 -6.3319594e-13
51355.355 1026.767 -912.342 3.0941336199999997e-12 8.0543688e-13 -8.0543688e-13
52468.833 133.933 -86.711 3.653861e-12 8.220196999999999e-13 -8.220196999999999e-13
52763.792 197.516 -161.025 2.70292282e-12 5.573721999999999e-13 -5.573721999999999e-13
80407.568 112.611 -87.975 2.8489535e-12 7.438503e-13 -7.438503e-13
80646.93 141.532 -126.751 2.10332024e-12 5.588569799999999e-13 -5.588569799999999e-13
81016.479 123.007 -228.017 1.6042478399999998e-12 4.2317828e-13 -4.2317828e-13
81447.079 339.287 -307.592 1.45299e-12 2.96519746e-13 -2.96519746e-13
86541.636 230.693 -238.176 1.2783850399999999e-12 3.33657504e-13 -3.33657504e-13
86951.384 149.403 -179.056 1.83196216e-12 4.7705162e-13 -4.7705162e-13
87736.914 3191.738 -636.127 1.87273462e-12 3.4528122000000003e-13 -3.4528122000000003e-13
98257.107 163.596 -137.282 1.94530082e-12 5.078835e-13 -5.078835e-13
98736.472 290.996 -315.769 1.79063108e-12 3.4357136e-13 -3.4357136e-13
109608.243 280.634 -341.177 1.52521552e-12 3.1073633599999995e-13 -3.1073633599999995e-13
115745.335 623.838 -414.185 8.0356688e-13 1.79656408e-13 -1.79656408e-13
132656.115 392.293 -410.043 9.941552399999999e-13 2.2617180799999999e-13 -2.2617180799999999e-13
166826.53 7140.389 -4882.289 6.739921999999999e-13 1.6723603799999997e-13 -1.6723603799999997e-13
194726.696 6482.264 -5179.878 4.997211199999999e-13 1.0269155999999999e-13 -1.0269155999999999e-13
221984.357 2440.818 -4268.265 6.2614842e-13 1.3133231e-13 -1.3133231e-13
241599.022 467.914 -404.626 6.73999e-13 1.77838394e-13 -1.77838394e-13
305771.756 29594.901 -28496.812 4.0243556e-13 5.750708999999999e-14 -5.750708999999999e-14
392328.189 6504.463 -6715.288 3.07379482e-13 5.1401744e-14 -5.1401744e-14
489887.589 11740.364 -41013.218 2.2517676399999998e-13 4.6984906e-14 -4.6984906e-14
536613.446 10853.797 -6967.588 1.54573554e-13 4.086545e-14 -4.086545e-14
625133.627 10055.228 -7672.897 1.45782888e-13 3.7571836e-14 -3.7571836e-14
767462.397 6086.06 -7517.443 1.5528724799999998e-13 3.8590713999999994e-14 -3.8590713999999994e-14
869103.659 46704.8 -34458.775 1.01378718e-13 2.0023535e-14 -2.0023535e-14
1416150.309 134996.74 -206206.808 3.4101558000000005e-14 8.948483799999999e-15 -8.948483799999999e-15
1660962.492 51764.871 -47900.519 3.6720646e-14 1.65580646e-14 -1.3041216799999999e-14
