col1 col2 col3 col4 col5 col6
157.342 59.417 -40.875 1.4669593199999997e-11 3.29510196e-12 -3.29510196e-12
307.546 79.71 -90.787 8.953005599999999e-12 2.0133180000000002e-12 -2.0133180000000002e-12
444.897 62.71 -57.641 1.25926164e-11 2.83499892e-12 -2.83499892e-12
557.614 50.287 -50.006 1.5239188799999998e-11 3.41916732e-12 -3.41916732e-12
666.152 49.564 -58.251 1.4442717599999999e-11 3.24782388e-12 -3.24782388e-12
762.383 28.552 -46.667 2.0764404e-11 4.555656e-12 -4.555656e-12
838.043 33.127 -47.108 2.20068936e-11 4.5977832e-12 -4.5977832e-12
906.987 26.865 -35.818 2.45124432e-11 5.4935531999999996e-12 -5.4935531999999996e-12
1000.402 56.308 -66.55 1.20849048e-11 2.74566024e-12 -2.74566024e-12
1090.889 28.505 -34.178 2.53664424e-11 5.5713564e-12 -5.5713564e-12
1153.787 38.32 -34.393 2.10565728e-11 4.7083932e-12 -4.7083932e-12
1217.134 32.641 -25.028 2.72953044e-11 5.9756004e-12 -5.9756004e-12
1280.133 27.31 -30.359 2.6568280799999998e-11 5.9610384e-12 -5.9610384e-12
1356.702 61.063 -49.259 1.3579153199999999e-11 3.06755928e-12 -3.06755928e-12
1486.161 59.466 -68.396 2.2909597200000002e-11 3.676986e-12 -3.676986e-12
5352.067 52.196 -35.561 1.26187776e-11 2.8313172e-12 -2.8313172e-12
5484.595 67.6 -80.332 9.9405072e-12 2.235348e-12 -2.235348e-12
5635.555 59.557 -83.36 1.06073784e-11 2.32970688e-12 -2.32970688e-12
5772.96 65.07 -77.848 6.2041176e-12 1.39527252e-12 -1.39527252e-12
5884.029 34.234 -46.0 1.17042264e-11 2.50578576e-12 -2.50578576e-12
5975.234 43.322 -56.971 8.494038e-12 1.9146740399999998e-12 -1.9146740399999998e-12
6128.949 105.236 -110.392 8.0521884e-12 1.59017832e-12 -1.59017832e-12
10668.783 67.615 -77.809 5.94504e-12 1.3044650399999999e-12 -1.3044650399999999e-12
11445.533 1654.082 -709.135 4.6217736000000005e-12 6.3794556e-13 -6.3794556e-13
16492.922 114.827 -95.788 3.3413561999999996e-12 8.438788799999999e-13 -8.438788799999999e-13
16702.824 80.438 -95.074 5.0233068e-12 1.12822776e-12 -1.12822776e-12
16942.583 113.977 -159.321 2.39064588e-12 6.252379199999999e-13 -6.252379199999999e-13
17140.502 56.467 -83.942 6.2304552e-12 1.40246172e-12 -1.40246172e-12
17279.769 85.191 -82.8 5.2168572e-12 1.1691061199999998e-12 -1.1691061199999998e-12
17502.143 118.564 -137.183 2.5756833599999998e-12 6.709643999999999e-13 -6.709643999999999e-13
17735.494 125.917 -114.786 3.6250344e-12 8.1538308e-13 -8.1538308e-13
17980.661 123.96 -119.25 3.24920664e-12 7.7343516e-13 -7.7343516e-13
18273.415 127.07 -168.794 2.2289561999999997e-12 5.823716399999999e-13 -5.823716399999999e-13
18586.34 290.515 -185.855 1.94344128e-12 4.3134947999999997e-13 -4.3134947999999997e-13
22334.888 133.772 -159.584 2.10628872e-12 5.509169999999999e-13 -5.509169999999999e-13
22606.769 135.188 -138.11 2.25406908e-12 5.889808799999999e-13 -5.889808799999999e-13
22942.546 183.031 -200.589 1.61433468e-12 4.2055884e-13 -4.2055884e-13
23319.545 147.027 -193.968 1.81300464e-12 4.7515716e-13 -4.7515716e-13
23583.859 135.953 -117.286 2.45113128e-12 6.4239876e-13 -6.4239876e-13
23839.022 83.883 -119.21 3.06070344e-12 7.9577352e-13 -7.9577352e-13
24089.585 84.037 -166.681 2.6159979600000003e-12 6.66342e-13 -6.66342e-13
28130.697 141.402 -111.837 2.45606328e-12 6.4111896e-13 -6.4111896e-13
28383.255 122.025 -111.155 2.674692e-12 6.9541128e-13 -6.9541128e-13
28656.615 202.196 -151.336 1.732176e-12 4.585690799999999e-13 -4.585690799999999e-13
29058.622 148.707 -199.81 1.76461884e-12 4.6527336e-13 -4.6527336e-13
29362.729 125.42 -155.4 2.2146137999999998e-12 5.775155999999999e-13 -5.775155999999999e-13
29629.085 77.201 -140.936 2.8519412399999995e-12 7.429734e-13 -7.429734e-13
29829.534 69.816 -123.248 3.21991308e-12 8.3967228e-13 -8.3967228e-13
30187.466 243.417 -288.116 1.78594452e-12 3.7799568e-13 -3.7799568e-13
33830.425 190.986 -190.125 1.92947616e-12 5.0322204e-13 -5.0322204e-13
34208.057 269.686 -186.646 1.5911427599999999e-12 4.1561207999999996e-13 -4.1561207999999996e-13
34615.335 148.242 -137.592 2.55235212e-12 6.61662e-13 -6.61662e-13
34943.3 238.999 -179.723 1.7382160799999998e-12 4.5379836e-13 -4.5379836e-13
35407.422 223.688 -225.122 1.62406512e-12 4.2186384e-13 -4.2186384e-13
35938.206 269.569 -307.096 1.9349946e-12 4.0880807999999994e-13 -4.0880807999999994e-13
39668.435 192.125 -246.655 1.5283872e-12 3.9860244e-13 -3.9860244e-13
40091.125 140.518 -230.565 1.7987594400000001e-12 4.6837044e-13 -4.6837044e-13
40392.063 173.054 -160.42 1.999359e-12 5.2309512e-13 -5.2309512e-13
40776.39 109.664 -211.273 2.08882692e-12 5.424642e-13 -5.424642e-13
41137.059 167.717 -251.006 1.6057746e-12 4.1900687999999995e-13 -4.1900687999999995e-13
41626.414 357.826 -321.638 1.3256766e-12 3.00450816e-13 -3.00450816e-13
45775.501 171.391 -217.243 1.7091554399999999e-12 4.4640432000000003e-13 -4.4640432000000003e-13
46157.868 267.921 -210.977 1.38518892e-12 3.6034019999999997e-13 -3.6034019999999997e-13
46622.864 111.325 -197.075 2.1378895199999998e-12 5.5614636e-13 -5.5614636e-13
46982.289 183.159 -248.1 1.5342854399999998e-12 3.975336e-13 -3.975336e-13
47506.851 252.816 -341.403 1.10491704e-12 2.88731808e-13 -2.88731808e-13
51852.311 426.617 -536.186 1.25035596e-12 2.710071e-13 -2.710071e-13
86873.06 540.171 -334.877 1.0557831599999999e-12 2.2864032e-13 -2.2864032e-13
92162.85 492.5 -633.286 5.835708e-13 1.5383739600000002e-13 -1.5383739600000002e-13
94898.453 3315.119 -2243.103 5.937876e-13 1.0978722e-13 -1.0978722e-13
107825.084 3481.885 -3526.899 4.5547488e-13 9.003078000000001e-14 -9.003078000000001e-14
119863.367 14548.911 -5300.169 4.07412e-13 1.05431976e-13 -1.05431976e-13
168817.152 10637.121 -7889.803 3.23582796e-13 5.4500508e-14 -5.4500508e-14
210535.157 8579.523 -9249.023 3.2329868399999995e-13 8.347878e-14 -8.347878e-14
235823.659 7050.264 -5677.276 2.55859236e-13 6.698826e-14 -6.698826e-14
276908.726 23985.646 -29408.389 1.7745253200000001e-13 3.23093952e-14 -3.23093952e-14
381926.6 17906.025 -12548.015 1.34792352e-13 2.82126528e-14 -2.82126528e-14
474586.717 28640.229 -18566.93 1.20129516e-13 2.31128136e-14 -2.31128136e-14
551565.814 20528.728 -9211.866 3.4963344e-14 2.40148224e-14 -1.709208e-14
