! WT data
100.699	0.252	-0.260	9.591565e+01	1.429827e+01	-1.429827e+01
101.266	0.287	-0.315	8.172694e+01	1.218315e+01	-1.218314e+01
101.834	0.236	-0.282	9.492862e+01	1.415114e+01	-1.415113e+01
102.415	0.295	-0.346	7.673178e+01	1.143851e+01	-1.143851e+01
103.025	0.264	-0.314	8.499603e+01	1.267047e+01	-1.267047e+01
103.659	0.308	-0.370	7.138981e+01	1.086548e+01	-1.086547e+01
104.336	0.344	-0.370	6.782996e+01	1.032367e+01	-1.032367e+01
105.027	0.313	-0.347	7.445744e+01	1.109947e+01	-1.109947e+01
105.720	0.428	-0.380	6.219722e+01	9.170490e+00	-9.170488e+00
106.486	0.355	-0.339	6.974174e+01	1.061464e+01	-1.061464e+01
107.157	0.318	-0.315	7.640256e+01	1.162841e+01	-1.162841e+01
107.909	0.354	-0.434	6.235594e+01	9.295484e+00	-9.295482e+00
108.630	0.292	-0.367	7.465844e+01	1.112944e+01	-1.112943e+01
109.146	0.286	-0.224	9.839059e+01	1.450692e+01	-1.450691e+01
109.706	0.402	-0.274	7.157838e+01	1.089418e+01	-1.089418e+01
110.422	0.345	-0.314	7.466008e+01	1.112968e+01	-1.112968e+01
111.105	0.327	-0.339	7.536355e+01	1.111176e+01	-1.111176e+01
111.788	0.275	-0.357	7.761030e+01	1.156947e+01	-1.156947e+01
112.401	0.272	-0.338	8.211066e+01	1.210657e+01	-1.210657e+01
113.001	0.276	-0.327	8.127331e+01	1.211552e+01	-1.211552e+01
113.525	0.262	-0.249	9.599895e+01	1.431069e+01	-1.431069e+01
114.080	0.338	-0.293	7.761030e+01	1.156947e+01	-1.156947e+01
114.731	0.376	-0.312	7.119302e+01	1.061284e+01	-1.061284e+01
115.610	0.357	-0.502	5.616712e+01	8.548595e+00	-8.548593e+00
116.299	0.299	-0.332	7.761175e+01	1.156969e+01	-1.156969e+01
116.996	0.403	-0.398	6.028658e+01	9.175574e+00	-9.175572e+00
117.835	0.478	-0.436	5.360252e+01	7.990601e+00	-7.990599e+00
118.718	0.446	-0.405	5.675393e+01	8.637907e+00	-8.637905e+00
119.651	0.353	-0.487	5.966827e+01	8.797616e+00	-8.797614e+00
120.430	0.395	-0.426	5.963578e+01	8.889987e+00	-8.889985e+00
121.214	0.416	-0.388	6.095458e+01	9.086583e+00	-9.086581e+00
122.073	0.363	-0.443	6.073936e+01	9.054499e+00	-9.054497e+00
123.002	0.436	-0.566	4.812110e+01	7.323997e+00	-7.323996e+00
124.147	0.483	-0.709	4.198009e+01	6.189634e+00	-6.189633e+00
125.175	0.557	-0.546	4.437916e+01	6.615662e+00	-6.615661e+00
126.377	0.585	-0.645	3.920735e+01	5.967330e+00	-5.967329e+00
127.598	0.714	-0.637	3.625193e+01	5.404126e+00	-5.404124e+00
128.895	0.699	-0.583	3.698911e+01	5.748925e+00	-5.748924e+00
130.196	0.598	-0.601	4.082382e+01	6.085663e+00	-6.085661e+00
131.396	0.519	-0.602	4.367463e+01	6.510637e+00	-6.510636e+00
132.873	0.977	-0.959	2.512665e+01	3.905237e+00	-3.905236e+00
134.666	0.629	-0.816	3.432911e+01	5.224866e+00	-5.224865e+00
136.418	0.870	-1.123	2.450038e+01	3.807901e+00	-3.807900e+00
137.931	1.024	-0.643	3.021383e+01	4.504018e+00	-4.504016e+00
140.063	1.162	-1.108	2.218684e+01	3.307423e+00	-3.307422e+00
142.199	0.878	-0.974	2.676076e+01	4.072969e+00	-4.072968e+00
144.025	0.868	-0.948	2.694110e+01	4.016147e+00	-4.016146e+00
145.991	1.214	-1.097	2.117556e+01	3.156670e+00	-3.156669e+00
148.337	1.289	-1.132	1.990045e+01	3.028834e+00	-3.028834e+00
151.288	2.216	-1.662	1.261831e+01	1.881029e+00	-1.881028e+00
155.027	1.589	-1.522	1.572790e+01	2.344580e+00	-2.344579e+00
158.667	1.404	-2.051	1.394718e+01	2.122751e+00	-2.122750e+00
161.651	1.301	-1.580	1.699079e+01	2.532840e+00	-2.532840e+00
165.148	2.480	-2.197	1.030889e+01	1.569006e+00	-1.569005e+00
169.560	2.227	-1.931	9.768991e+00	1.624227e+00	-1.624227e+00
173.490	2.362	-1.703	1.186622e+01	1.806030e+00	-1.806029e+00
177.530	1.786	-1.679	9.428276e+00	1.721361e+00	-1.721361e+00
181.316	2.414	-2.000	8.595907e+00	1.595903e+00	-1.595903e+00
185.520	2.048	-1.790	9.650126e+00	1.654984e+00	-1.654984e+00
189.369	1.488	-1.802	9.939139e+00	1.814632e+00	-1.814631e+00
192.843	2.191	-1.986	9.914117e+00	1.608284e+00	-1.608283e+00
196.830	3.161	-1.795	8.998894e+00	1.465711e+00	-1.465711e+00
202.479	1.875	-2.488	6.976872e+00	1.400725e+00	-1.400724e+00
206.222	2.180	-1.869	7.888519e+00	1.485912e+00	-1.485912e+00
210.698	2.423	-2.295	6.450579e+00	1.295062e+00	-1.295062e+00
215.913	2.053	-2.792	6.749137e+00	1.232219e+00	-1.232219e+00
219.866	1.702	-1.900	9.077860e+00	1.657384e+00	-1.657384e+00
222.960	2.012	-1.391	9.609343e+00	1.754419e+00	-1.754419e+00
227.851	2.435	-2.879	6.100320e+00	1.149080e+00	-1.149080e+00
232.638	2.569	-2.352	6.682591e+00	1.258759e+00	-1.258759e+00
238.101	2.795	-2.894	5.714199e+00	1.076349e+00	-1.076349e+00
243.391	2.605	-2.494	6.413969e+00	1.171026e+00	-1.171026e+00
250.030	2.737	-4.034	4.607251e+00	8.957479e-01	-8.957478e-01
254.877	2.026	-2.110	7.906458e+00	1.443516e+00	-1.443516e+00
260.215	3.146	-3.312	5.014448e+00	9.445410e-01	-9.445409e-01
266.478	2.598	-3.116	5.753679e+00	1.083785e+00	-1.083785e+00
275.488	5.183	-6.412	2.757651e+00	5.194420e-01	-5.194419e-01
284.727	4.576	-4.057	3.788471e+00	6.916775e-01	-6.916774e-01
293.216	3.447	-3.913	4.442790e+00	8.111394e-01	-8.111393e-01
301.770	6.312	-5.106	2.630142e+00	5.455509e-01	-5.455509e-01
! PC data
320.254	12.458	-10.108	2.857299e+00	6.437329e-01	-6.437329e-01
344.854	10.424	-12.142	3.150867e+00	6.736019e-01	-6.736019e-01
364.995	7.834	-9.717	4.201021e+00	8.771162e-01	-8.771162e-01
382.696	10.191	-9.867	3.251823e+00	7.315129e-01	-7.315129e-01
411.217	11.758	-18.329	2.140818e+00	4.815872e-01	-4.815872e-01
441.186	14.384	-18.211	2.038189e+00	4.512057e-01	-4.512057e-01
477.796	12.877	-22.225	1.836328e+00	4.112314e-01	-4.112314e-01
507.428	20.854	-16.755	1.803650e+00	3.969869e-01	-3.969869e-01
536.116	12.225	-7.834	3.570127e+00	7.632326e-01	-7.632326e-01
565.887	15.050	-17.546	2.078374e+00	4.601018e-01	-4.601018e-01
594.440	11.569	-13.504	2.588717e+00	5.849886e-01	-5.849886e-01
627.083	21.551	-21.073	1.519267e+00	3.417662e-01	-3.417662e-01
668.957	12.272	-20.323	2.156096e+00	4.628326e-01	-4.628326e-01
701.790	22.061	-20.561	2.115168e+00	4.031803e-01	-4.031803e-01
4024.428	40.071	-47.685	5.932262e-01	1.335532e-01	-1.335532e-01
4145.474	64.448	-80.976	3.880507e-01	8.331852e-02	-8.331852e-02
4268.956	53.796	-59.033	4.636180e-01	1.043745e-01	-1.043745e-01
4394.418	48.684	-71.667	4.294271e-01	9.696019e-02	-9.696019e-02
4484.288	46.571	-41.185	5.932042e-01	1.331595e-01	-1.331595e-01
4598.106	73.162	-67.247	3.750663e-01	8.485174e-02	-8.485174e-02
4726.168	60.435	-54.901	4.483659e-01	1.012364e-01	-1.012364e-01
4835.298	36.554	-48.694	4.616456e-01	1.033270e-01	-1.033270e-01
4915.278	41.823	-43.425	3.134327e-01	7.022447e-02	-7.022447e-02
4997.443	34.878	-40.342	3.721058e-01	8.166126e-02	-8.166126e-02
5068.987	26.016	-36.667	4.699309e-01	1.003699e-01	-1.003699e-01
5138.013	39.732	-43.009	3.571905e-01	7.642789e-02	-7.642789e-02
5226.181	34.305	-48.436	3.248365e-01	7.306886e-02	-7.306886e-02
5306.195	42.047	-45.709	3.048717e-01	6.850988e-02	-6.850988e-02
5398.935	59.629	-50.693	2.420039e-01	5.454489e-02	-5.454489e-02
5496.154	25.093	-37.590	4.239179e-01	9.535629e-02	-9.535629e-02
5565.314	38.674	-44.068	3.309496e-01	7.407577e-02	-7.407577e-02
5655.194	39.057	-51.207	3.019533e-01	6.819263e-02	-6.819263e-02
5744.578	49.965	-50.327	2.715099e-01	6.101291e-02	-6.101291e-02
5862.005	72.948	-67.462	1.940454e-01	4.369209e-02	-4.369209e-02
5982.285	37.917	-47.331	3.197893e-01	7.179082e-02	-7.179082e-02
6064.004	48.969	-43.802	2.935834e-01	6.590775e-02	-6.590775e-02
6172.076	41.190	-59.103	2.698497e-01	6.106428e-02	-6.106428e-02
6366.899	94.582	-153.633	1.576185e-01	2.975565e-02	-2.975565e-02
9848.813	111.674	-113.984	8.380974e-02	2.209223e-02	-2.209223e-02
10072.258	101.351	-111.770	1.187112e-01	2.678475e-02	-2.678475e-02
10315.802	148.655	-142.193	6.934619e-02	1.754722e-02	-1.754722e-02
10558.938	98.583	-94.481	1.311310e-01	2.945381e-02	-2.945381e-02
10785.092	125.667	-127.572	9.482640e-02	2.185780e-02	-2.185780e-02
11105.960	128.243	-195.201	5.801262e-02	1.521257e-02	-1.521257e-02
11377.583	114.874	-143.380	7.372651e-02	1.918351e-02	-1.918351e-02
11647.880	102.831	-155.423	7.355243e-02	1.915469e-02	-1.915469e-02
11958.638	260.926	-207.928	8.610198e-02	1.549995e-02	-1.549995e-02
16057.873	444.906	-563.033	2.405403e-02	6.334684e-03	-6.334684e-03
17149.260	807.407	-646.481	2.976437e-02	5.968912e-03	-5.968912e-03
21374.004	170.604	-152.839	6.150919e-02	1.600783e-02	-1.600783e-02
21826.924	354.542	-282.315	3.093593e-02	8.115602e-03	-8.115602e-03
22423.950	181.253	-242.484	4.691669e-02	1.219195e-02	-1.219195e-02
23131.758	584.170	-526.555	2.688669e-02	5.739062e-03	-5.739062e-03
