! WT data
85.333	2.330	-2.625	6.376004e+00	1.237886e+00	-1.237885e+00
207.207	0.763	-1.056	2.606286e+01	4.131507e+00	-4.131506e+00
208.530	0.552	-0.560	4.463769e+01	6.654201e+00	-6.654200e+00
209.831	0.777	-0.749	3.152961e+01	4.895821e+00	-4.895820e+00
211.380	0.787	-0.771	3.134514e+01	4.768492e+00	-4.768491e+00
212.997	0.833	-0.830	2.981739e+01	4.444918e+00	-4.444917e+00
214.251	0.574	-0.421	4.912058e+01	7.472643e+00	-7.472642e+00
215.429	0.592	-0.604	4.148724e+01	6.184559e+00	-6.184557e+00
216.480	0.415	-0.460	5.666367e+01	8.446930e+00	-8.446928e+00
217.361	0.515	-0.465	4.983440e+01	7.581236e+00	-7.581235e+00
218.247	0.404	-0.371	6.394274e+01	9.532030e+00	-9.532029e+00
219.112	0.460	-0.460	5.392458e+01	8.038610e+00	-8.038608e+00
219.952	0.376	-0.380	6.361802e+01	9.878411e+00	-9.878409e+00
220.700	0.344	-0.373	6.958540e+01	1.037319e+01	-1.037319e+01
221.459	0.370	-0.415	6.507623e+01	9.701002e+00	-9.701000e+00
222.292	0.400	-0.463	5.827949e+01	8.865975e+00	-8.865973e+00
223.219	0.499	-0.527	4.898849e+01	7.452548e+00	-7.452547e+00
224.181	0.399	-0.462	5.750593e+01	8.929344e+00	-8.929342e+00
224.906	0.238	-0.326	8.916587e+01	1.356468e+01	-1.356467e+01
225.544	0.415	-0.400	6.076968e+01	9.436130e+00	-9.436128e+00
226.223	0.269	-0.265	9.421579e+01	1.433291e+01	-1.433291e+01
226.763	0.333	-0.271	8.465669e+01	1.261989e+01	-1.261989e+01
227.422	0.344	-0.326	7.497660e+01	1.140608e+01	-1.140608e+01
228.046	0.359	-0.280	7.994033e+01	1.191681e+01	-1.191681e+01
228.747	0.353	-0.342	7.118297e+01	1.105307e+01	-1.105307e+01
229.437	0.289	-0.337	8.153006e+01	1.215380e+01	-1.215379e+01
230.047	0.310	-0.320	8.106955e+01	1.208515e+01	-1.208514e+01
230.639	0.315	-0.283	8.541028e+01	1.273223e+01	-1.273222e+01
231.255	0.238	-0.301	9.328575e+01	1.419143e+01	-1.419142e+01
231.761	0.259	-0.268	9.534243e+01	1.433943e+01	-1.433942e+01
232.295	0.278	-0.275	8.964375e+01	1.336331e+01	-1.336331e+01
232.945	0.247	-0.372	7.890288e+01	1.200338e+01	-1.200338e+01
233.476	0.304	-0.283	8.448073e+01	1.259366e+01	-1.259365e+01
234.070	0.404	-0.290	9.848880e+01	1.250811e+01	-1.250810e+01
234.733	0.265	-0.260	9.870685e+01	1.439789e+01	-1.439789e+01
235.278	0.263	-0.280	9.140551e+01	1.362594e+01	-1.362594e+01
235.847	0.315	-0.306	1.189347e+02	1.453021e+01	-1.453020e+01
236.410	0.273	-0.248	9.794223e+01	1.456671e+01	-1.456670e+01
236.957	0.263	-0.274	9.231337e+01	1.376128e+01	-1.376128e+01
237.532	0.253	-0.311	8.794537e+01	1.311014e+01	-1.311013e+01
238.048	0.253	-0.263	9.613416e+01	1.433085e+01	-1.433085e+01
238.612	0.254	-0.312	1.292063e+02	1.600147e+01	-1.600146e+01
239.189	0.312	-0.323	1.162731e+02	1.420504e+01	-1.420504e+01
239.826	0.329	-0.324	1.119578e+02	1.386534e+01	-1.386534e+01
240.421	0.265	-0.267	9.804882e+01	1.442399e+01	-1.442399e+01
240.913	0.285	-0.227	9.895211e+01	1.458971e+01	-1.458971e+01
241.560	0.345	-0.362	1.034929e+02	1.281701e+01	-1.281701e+01
242.208	0.309	-0.303	1.194115e+02	1.499238e+01	-1.499238e+01
242.816	0.274	-0.299	1.313457e+02	1.626643e+01	-1.626642e+01
243.339	0.313	-0.249	1.352061e+02	1.651808e+01	-1.651807e+01
243.963	0.286	-0.311	1.271617e+02	1.553530e+01	-1.553529e+01
244.546	0.253	-0.297	1.340724e+02	1.706667e+01	-1.706667e+01
245.051	0.256	-0.251	1.506352e+02	1.851392e+01	-1.851392e+01
245.552	0.258	-0.246	1.562062e+02	1.891511e+01	-1.891511e+01
246.068	0.244	-0.258	1.642704e+02	1.957390e+01	-1.957390e+01
246.573	0.253	-0.261	1.669111e+02	1.947841e+01	-1.947840e+01
247.065	0.263	-0.239	1.567604e+02	1.898222e+01	-1.898221e+01
247.639	0.331	-0.311	1.171565e+02	1.450917e+01	-1.450917e+01
248.227	0.248	-0.257	1.826053e+02	2.039088e+01	-2.039087e+01
248.724	0.253	-0.249	1.628207e+02	1.918864e+01	-1.918863e+01
249.197	0.296	-0.220	1.781180e+02	1.979093e+01	-1.979092e+01
249.766	0.248	-0.273	1.617527e+02	1.890611e+01	-1.890610e+01
250.296	0.232	-0.282	1.478420e+02	1.806180e+01	-1.806180e+01
250.795	0.234	-0.267	1.952034e+02	2.114848e+01	-2.114847e+01
251.264	0.273	-0.234	1.857181e+02	2.038524e+01	-2.038524e+01
251.788	0.260	-0.251	1.703012e+02	1.974018e+01	-1.974017e+01
252.308	0.243	-0.261	1.915373e+02	2.077518e+01	-2.077517e+01
252.829	0.388	-0.278	2.328260e+02	2.844489e+01	-2.844433e+01
253.622	0.372	-0.406	2.396974e+02	3.223770e+01	-3.083518e+01
254.489	0.400	-0.495	2.142183e+02	2.758464e+01	-2.655609e+01
255.337	0.478	-0.449	2.029766e+02	2.684251e+01	-2.578485e+01
256.260	0.427	-0.445	2.219564e+02	2.863291e+01	-2.720278e+01
257.104	0.375	-0.416	2.398912e+02	3.199781e+01	-3.012698e+01
257.901	0.436	-0.422	2.214764e+02	2.922287e+01	-2.780282e+01
258.844	0.418	-0.507	2.122672e+02	2.746498e+01	-2.583088e+01
259.624	0.391	-0.362	2.571002e+02	3.362326e+01	-3.152095e+01
260.509	0.475	-0.494	1.922005e+02	2.612284e+01	-2.473172e+01
261.391	0.404	-0.407	2.384947e+02	3.104706e+01	-2.923650e+01
262.220	0.445	-0.425	2.183097e+02	2.932698e+01	-2.742147e+01
263.361	0.491	-0.695	1.605803e+02	2.151270e+01	-2.016883e+01
264.334	0.589	-0.482	1.776359e+02	2.381458e+01	-2.257328e+01
265.357	0.538	-0.433	2.014158e+02	2.582369e+01	-2.467196e+01
266.486	0.620	-0.592	1.585100e+02	2.093177e+01	-1.990158e+01
267.754	0.664	-0.648	1.450936e+02	1.926527e+01	-1.843732e+01
268.949	0.598	-0.532	1.684033e+02	2.243600e+01	-2.140080e+01
270.247	0.519	-0.700	1.430524e+02	1.884009e+01	-1.816655e+01
271.084	0.278	-0.318	1.226465e+02	1.518908e+01	-1.518908e+01
271.643	0.336	-0.281	1.196225e+02	1.461424e+01	-1.461424e+01
296.239	4.358	-24.260	1.895079e+01	2.825020e+00	-2.825020e+00
302.057	0.957	-1.461	2.051396e+01	3.058044e+00	-3.058044e+00
304.696	1.729	-1.682	1.432356e+01	2.179022e+00	-2.179022e+00
308.650	2.103	-2.225	1.111280e+01	1.725562e+00	-1.725561e+00
312.662	1.504	-1.908	9.690313e+00	1.769202e+00	-1.769202e+00
317.159	2.894	-2.994	5.553270e+00	1.045305e+00	-1.045305e+00
322.820	1.901	-2.768	7.288315e+00	1.330659e+00	-1.330659e+00
327.906	4.459	-3.184	4.351575e+00	8.191070e-01	-8.191069e-01
! PC data
100.399	10.392	-9.666	4.980233e+00	1.041324e+00	-1.041324e+00
142.516	20.929	-31.725	1.856799e+00	3.977837e-01	-3.977837e-01
173.556	4.933	-10.111	6.371925e+00	1.362430e+00	-1.362430e+00
183.595	4.924	-5.106	9.624914e+00	2.055994e+00	-2.055994e+00
197.419	6.143	-8.900	1.298001e+01	1.963419e+00	-1.963419e+00
349.382	16.064	-11.516	5.008032e+00	1.094939e+00	-1.094939e+00
396.425	79.342	-30.980	1.177627e+00	2.649236e-01	-2.649236e-01
560.374	85.891	-84.606	2.032619e-01	4.595462e-02	-4.595462e-02
721.320	123.024	-75.054	9.161792e-02	2.401930e-02	-2.401930e-02
1044.069	391.995	-199.726	3.822823e-02	8.962980e-03	-8.962980e-03
5390.915	417.605	-505.087	2.124047e-02	5.581521e-03	-5.581521e-03
6540.889	669.216	-732.368	2.121871e-02	4.546054e-03	-4.546054e-03
11391.560	705.522	-635.894	1.457425e-02	3.876216e-03	-3.876216e-03
12445.361	539.309	-348.279	2.828243e-02	6.582908e-03	-6.582908e-03
16869.527	285.865	-348.486	3.302730e-02	8.668444e-03	-8.668444e-03
17876.100	881.466	-720.708	1.360716e-02	3.514184e-03	-3.514184e-03
23636.857	895.776	-1269.256	1.335084e-02	3.063759e-03	-3.063759e-03
55138.309	4041.183	-4049.125	7.436479e-03	1.482425e-03	-1.482425e-03
66883.276	3843.078	-4189.902	8.252956e-03	1.628744e-03	-1.628744e-03
