! WT data
99.902	0.285	-0.348	1.187248e+02	1.470346e+01	-1.470458e+01
100.478	0.274	-0.290	8.910293e+01	1.355513e+01	-1.355576e+01
101.100	0.391	-0.349	9.952248e+01	1.266869e+01	-1.266940e+01
101.866	0.339	-0.374	1.059158e+02	1.319452e+01	-1.319505e+01
102.514	0.239	-0.309	9.311291e+01	1.388048e+01	-1.388085e+01
103.027	0.296	-0.274	9.822507e+01	1.414717e+01	-1.414759e+01
103.642	0.266	-0.320	8.716566e+01	1.299391e+01	-1.299426e+01
104.210	0.319	-0.302	9.130301e+01	1.291222e+01	-1.291257e+01
104.848	0.460	-0.319	6.547611e+01	9.760617e+00	-9.760807e+00
105.574	0.316	-0.266	8.770265e+01	1.307396e+01	-1.307424e+01
106.292	0.422	-0.402	6.194129e+01	9.233677e+00	-9.233859e+00
107.354	0.443	-0.641	4.709099e+01	7.019920e+00	-7.020032e+00
108.381	0.503	-0.584	4.693724e+01	6.996999e+00	-6.997088e+00
109.346	0.371	-0.462	5.942904e+01	9.227959e+00	-9.228044e+00
110.118	0.407	-0.401	6.214363e+01	9.263836e+00	-9.263942e+00
111.097	0.527	-0.573	4.357751e+01	6.766582e+00	-6.766644e+00
112.008	0.512	-0.384	5.426386e+01	8.255083e+00	-8.255145e+00
113.105	0.638	-0.584	4.041925e+01	6.025352e+00	-6.025402e+00
114.473	0.513	-0.730	3.972564e+01	5.921955e+00	-5.921994e+00
115.522	0.848	-0.536	3.461546e+01	5.374982e+00	-5.375013e+00
117.166	0.587	-0.795	3.519834e+01	5.354672e+00	-5.354699e+00
118.680	0.725	-0.928	2.989023e+01	4.455777e+00	-4.455799e+00
120.154	0.849	-0.749	3.103863e+01	4.626971e+00	-4.626992e+00
121.937	0.815	-0.933	2.860633e+01	4.351840e+00	-4.351856e+00
123.491	1.062	-0.739	2.736025e+01	4.248415e+00	-4.248427e+00
125.668	0.852	-1.116	2.542490e+01	3.867852e+00	-3.867864e+00
127.654	1.126	-1.134	2.248069e+01	3.351225e+00	-3.351235e+00
129.637	0.675	-0.857	3.265953e+01	4.968447e+00	-4.968459e+00
131.199	0.709	-0.887	3.149690e+01	4.695284e+00	-4.695296e+00
132.616	0.852	-0.708	3.112335e+01	4.734749e+00	-4.734761e+00
134.273	0.908	-0.805	2.877821e+01	4.290006e+00	-4.290017e+00
135.943	0.587	-0.762	3.656116e+01	5.450221e+00	-5.450234e+00
137.442	0.790	-0.913	2.895850e+01	4.316882e+00	-4.316893e+00
139.257	0.939	-1.025	2.434508e+01	3.780229e+00	-3.780238e+00
141.029	0.605	-0.833	3.378106e+01	5.139063e+00	-5.139075e+00
142.370	0.581	-0.736	3.745233e+01	5.583069e+00	-5.583084e+00
143.615	0.629	-0.664	3.812199e+01	5.682895e+00	-5.682911e+00
144.859	0.561	-0.615	4.129562e+01	6.282242e+00	-6.282257e+00
145.902	0.568	-0.482	4.697384e+01	7.002452e+00	-7.002468e+00
147.104	0.612	-0.635	3.953654e+01	5.893765e+00	-5.893779e+00
148.168	0.511	-0.451	5.045716e+01	7.675974e+00	-7.675997e+00
149.413	0.864	-0.733	3.039690e+01	4.624235e+00	-4.624252e+00
150.941	0.767	-0.664	3.395085e+01	5.164893e+00	-5.164912e+00
152.302	0.679	-0.594	3.754606e+01	5.830036e+00	-5.830054e+00
153.759	0.658	-0.778	3.438434e+01	5.125719e+00	-5.125740e+00
155.071	0.641	-0.654	3.811605e+01	5.682010e+00	-5.682034e+00
156.690	0.693	-0.977	2.865910e+01	4.450097e+00	-4.450118e+00
158.015	0.464	-0.632	4.504700e+01	6.715217e+00	-6.715247e+00
159.138	0.549	-0.659	4.177435e+01	6.159298e+00	-6.159331e+00
160.283	0.528	-0.596	4.390531e+01	6.545023e+00	-6.545058e+00
161.191	0.390	-0.380	6.408241e+01	9.552850e+00	-9.552896e+00
162.086	0.534	-0.505	4.679873e+01	7.119423e+00	-7.119459e+00
163.026	0.402	-0.406	6.111934e+01	9.111141e+00	-9.111187e+00
163.745	0.389	-0.317	6.993640e+01	1.042551e+01	-1.042556e+01
164.405	0.335	-0.270	8.166212e+01	1.217348e+01	-1.217354e+01
164.991	0.285	-0.252	9.055036e+01	1.377529e+01	-1.377537e+01
165.517	0.275	-0.241	9.710784e+01	1.472849e+01	-1.472857e+01
166.113	0.308	-0.320	7.803053e+01	1.197320e+01	-1.197327e+01
166.696	0.269	-0.275	9.275375e+01	1.367581e+01	-1.367587e+01
167.283	0.351	-0.318	7.384490e+01	1.100816e+01	-1.100821e+01
167.924	0.347	-0.290	7.755676e+01	1.156149e+01	-1.156155e+01
168.561	0.315	-0.290	8.166210e+01	1.217348e+01	-1.217355e+01
169.206	0.319	-0.330	7.492113e+01	1.139764e+01	-1.139770e+01
169.836	0.329	-0.311	7.596338e+01	1.155620e+01	-1.155628e+01
170.499	0.363	-0.333	7.101064e+01	1.058565e+01	-1.058573e+01
171.154	0.289	-0.293	8.490844e+01	1.265741e+01	-1.265751e+01
171.730	0.346	-0.287	7.681827e+01	1.168625e+01	-1.168633e+01
172.489	0.390	-0.413	6.156355e+01	9.177362e+00	-9.177422e+00
173.238	0.411	-0.359	6.412270e+01	9.558857e+00	-9.558932e+00
174.036	0.323	-0.387	6.958559e+01	1.037322e+01	-1.037332e+01
174.733	0.329	-0.374	7.028883e+01	1.047805e+01	-1.047814e+01
175.409	0.313	-0.347	7.257731e+01	1.126958e+01	-1.126965e+01
176.101	0.470	-0.379	5.644942e+01	8.765293e+00	-8.765355e+00
177.207	0.462	-0.636	4.432087e+01	6.742471e+00	-6.742517e+00
177.969	0.289	-0.300	8.387943e+01	1.250402e+01	-1.250410e+01
178.670	0.432	-0.413	5.668671e+01	8.802138e+00	-8.802190e+00
179.514	0.469	-0.412	5.524267e+01	8.403987e+00	-8.404038e+00
180.506	0.439	-0.523	5.054604e+01	7.689497e+00	-7.689562e+00
181.374	0.450	-0.429	5.620448e+01	8.378478e+00	-8.378561e+00
182.337	0.468	-0.512	5.038851e+01	7.511482e+00	-7.511540e+00
183.344	0.475	-0.539	4.870888e+01	7.261098e+00	-7.261151e+00
184.392	0.652	-0.574	4.057022e+01	6.047858e+00	-6.047912e+00
185.676	0.578	-0.631	4.144436e+01	6.304871e+00	-6.304923e+00
186.942	0.698	-0.688	3.506940e+01	5.559232e+00	-5.559276e+00
188.421	0.893	-0.781	3.040777e+01	4.532927e+00	-4.532971e+00
190.184	0.809	-0.869	2.988567e+01	4.546464e+00	-4.546505e+00
191.834	0.807	-0.842	3.040174e+01	4.624973e+00	-4.625023e+00
193.491	0.731	-0.849	3.173645e+01	4.828021e+00	-4.828074e+00
195.244	0.971	-1.023	2.525577e+01	3.764912e+00	-3.764957e+00
197.305	1.035	-1.089	2.294307e+01	3.490297e+00	-3.490339e+00
199.351	0.643	-1.011	2.990699e+01	4.458276e+00	-4.458337e+00
201.308	1.238	-1.313	1.939602e+01	2.891392e+00	-2.891431e+00
203.723	0.926	-1.177	2.353086e+01	3.507778e+00	-3.507830e+00
205.819	1.016	-1.170	2.263561e+01	3.374321e+00	-3.374369e+00
207.988	1.226	-1.153	2.081414e+01	3.102794e+00	-3.102841e+00
210.544	1.312	-1.330	1.845717e+01	2.807863e+00	-2.807898e+00
213.590	1.507	-1.734	1.504310e+01	2.288485e+00	-2.288514e+00
216.264	1.262	-1.166	2.008153e+01	3.054975e+00	-3.055019e+00
218.705	1.094	-1.180	2.178223e+01	3.247108e+00	-3.247163e+00
220.969	1.171	-1.169	2.085002e+01	3.171884e+00	-3.171937e+00
223.146	0.968	-1.007	2.507871e+01	3.738518e+00	-3.738578e+00
225.284	1.077	-1.170	2.137598e+01	3.319198e+00	-3.319247e+00
227.291	0.910	-0.930	2.691433e+01	4.012157e+00	-4.012214e+00
229.146	0.834	-0.945	2.781640e+01	4.146629e+00	-4.146684e+00
231.064	1.090	-1.084	2.377428e+01	3.467841e+00	-3.467901e+00
233.476	1.151	-1.322	1.970966e+01	2.998404e+00	-2.998443e+00
235.859	1.200	-1.232	2.034818e+01	3.033332e+00	-3.033374e+00
238.443	1.252	-1.384	1.857556e+01	2.884357e+00	-2.884399e+00
240.551	0.795	-0.856	3.042807e+01	4.628980e+00	-4.629045e+00
242.558	0.892	-1.211	2.279157e+01	3.689158e+00	-3.689210e+00
244.573	0.931	-1.124	2.482267e+01	3.700350e+00	-3.700415e+00
246.270	0.875	-0.766	3.109537e+01	4.635431e+00	-4.635511e+00
247.982	0.894	-0.837	2.944655e+01	4.389639e+00	-4.389718e+00
249.707	1.341	-0.831	2.243946e+01	3.413684e+00	-3.413734e+00
251.987	1.150	-0.939	2.333783e+01	3.550352e+00	-3.550400e+00
254.054	1.279	-0.917	2.220345e+01	3.377779e+00	-3.377821e+00
256.153	0.896	-0.821	2.882705e+01	4.297288e+00	-4.297345e+00
258.215	1.142	-1.166	2.080144e+01	3.229985e+00	-3.230031e+00
260.436	1.160	-1.079	2.209508e+01	3.293745e+00	-3.293799e+00
263.052	1.229	-1.456	1.787843e+01	2.776108e+00	-2.776144e+00
265.480	1.251	-1.199	1.989681e+01	3.026873e+00	-3.026911e+00
267.580	1.062	-0.849	2.590135e+01	3.861149e+00	-3.861198e+00
270.193	1.292	-1.552	1.740535e+01	2.594639e+00	-2.594671e+00
273.186	1.233	-1.701	1.686467e+01	2.514040e+00	-2.514065e+00
275.951	1.257	-1.533	1.773558e+01	2.643867e+00	-2.643896e+00
279.034	1.165	-1.826	1.654356e+01	2.466171e+00	-2.466202e+00
281.800	1.441	-1.601	1.626419e+01	2.424525e+00	-2.424552e+00
285.241	1.743	-2.000	1.281977e+01	1.990615e+00	-1.990636e+00
288.811	1.828	-1.826	1.333623e+01	2.028822e+00	-2.028850e+00
292.831	1.895	-2.192	9.771917e+00	1.646693e+00	-1.646706e+00
296.547	1.311	-1.822	1.555341e+01	2.366118e+00	-2.366145e+00
299.619	2.209	-1.761	1.255376e+01	1.888076e+00	-1.888098e+00
303.709	1.460	-1.882	9.427808e+00	1.830386e+00	-1.830401e+00
306.956	2.063	-1.787	1.285500e+01	1.916313e+00	-1.916335e+00
310.681	2.227	-1.663	9.614865e+00	1.648937e+00	-1.648951e+00
314.700	1.949	-1.792	1.322671e+01	1.971725e+00	-1.971751e+00
318.486	1.550	-1.836	9.523978e+00	1.792721e+00	-1.792733e+00
321.769	2.073	-1.734	8.665385e+00	1.582077e+00	-1.582090e+00
326.216	2.153	-2.373	1.093429e+01	1.629989e+00	-1.630009e+00
330.033	1.753	-1.665	9.653570e+00	1.762494e+00	-1.762509e+00
333.682	1.678	-1.896	9.022851e+00	1.698392e+00	-1.698404e+00
337.593	2.647	-2.233	9.990760e+00	1.519880e+00	-1.519897e+00
342.891	2.068	-2.650	6.677897e+00	1.296497e+00	-1.296508e+00
346.523	1.923	-1.564	9.248285e+00	1.740826e+00	-1.740839e+00
350.757	2.247	-2.311	7.239013e+00	1.321658e+00	-1.321668e+00
354.675	1.830	-1.671	9.423824e+00	1.720548e+00	-1.720561e+00
359.059	2.534	-2.554	6.190955e+00	1.201959e+00	-1.201967e+00
363.538	2.233	-1.945	7.898490e+00	1.442062e+00	-1.442074e+00
368.167	1.808	-2.396	7.851315e+00	1.433449e+00	-1.433459e+00
372.596	2.001	-2.621	7.141174e+00	1.303795e+00	-1.303807e+00
377.823	2.246	-3.226	5.482842e+00	1.134003e+00	-1.134009e+00
382.285	1.861	-2.215	8.092465e+00	1.477476e+00	-1.477487e+00
386.309	2.039	-2.163	7.672782e+00	1.444266e+00	-1.444276e+00
390.627	2.078	-2.279	7.576430e+00	1.383262e+00	-1.383275e+00
395.441	3.127	-2.736	5.631008e+00	1.028078e+00	-1.028087e+00
400.143	1.945	-1.576	9.366451e+00	1.710074e+00	-1.710087e+00
403.902	1.638	-1.814	8.906020e+00	1.784223e+00	-1.784234e+00
407.942	3.325	-2.402	5.758986e+00	1.051443e+00	-1.051452e+00
413.541	2.469	-2.274	6.798108e+00	1.279624e+00	-1.279633e+00
418.395	2.094	-2.385	7.031422e+00	1.365133e+00	-1.365144e+00
422.494	1.999	-2.004	8.057659e+00	1.516712e+00	-1.516724e+00
427.183	2.005	-2.690	6.869907e+00	1.293139e+00	-1.293148e+00
431.867	2.998	-2.679	5.811441e+00	1.061020e+00	-1.061031e+00
436.760	1.901	-1.895	8.492746e+00	1.598609e+00	-1.598623e+00
440.760	2.052	-2.099	7.769241e+00	1.462422e+00	-1.462434e+00
444.968	2.783	-2.156	6.681613e+00	1.219891e+00	-1.219901e+00
450.539	3.149	-2.788	5.432846e+00	1.022637e+00	-1.022646e+00
456.024	1.930	-2.336	7.561374e+00	1.423295e+00	-1.423308e+00
460.677	3.328	-2.723	5.331571e+00	1.003574e+00	-1.003582e+00
466.853	3.341	-2.848	5.212477e+00	9.811568e-01	-9.811656e-01
472.429	1.760	-2.234	8.264979e+00	1.508973e+00	-1.508991e+00
476.309	2.532	-2.120	6.774836e+00	1.315318e+00	-1.315331e+00
481.485	1.953	-2.644	7.018651e+00	1.321137e+00	-1.321150e+00
485.533	2.550	-2.095	7.135092e+00	1.343055e+00	-1.343066e+00
489.948	2.223	-1.864	8.313987e+00	1.517921e+00	-1.517933e+00
494.545	2.965	-2.375	5.852808e+00	1.172546e+00	-1.172554e+00
500.660	3.227	-3.151	5.058361e+00	9.521470e-01	-9.521552e-01
505.728	1.655	-1.841	9.439175e+00	1.723351e+00	-1.723364e+00
510.286	3.522	-2.902	4.903078e+00	9.519206e-01	-9.519269e-01
516.516	2.046	-2.708	6.942542e+00	1.267530e+00	-1.267540e+00
521.201	1.751	-2.640	7.347693e+00	1.383074e+00	-1.383085e+00
525.944	2.592	-2.991	5.778074e+00	1.087620e+00	-1.087629e+00
531.004	2.666	-2.468	6.427063e+00	1.173417e+00	-1.173426e+00
! PC data
553.031	5.799	-14.259	4.479736e+00	9.801809e-01	-9.801809e-01
567.676	8.705	-8.846	6.025311e+00	1.207777e+00	-1.207777e+00
583.390	5.527	-7.009	6.746678e+00	1.512853e+00	-1.512853e+00
597.928	6.033	-9.011	5.624020e+00	1.257569e+00	-1.257569e+00
612.364	6.641	-8.403	5.892855e+00	1.292844e+00	-1.292844e+00
629.082	7.475	-10.076	5.015550e+00	1.098893e+00	-1.098893e+00
648.282	10.841	-11.725	3.886296e+00	8.526213e-01	-8.526213e-01
671.741	14.962	-12.619	3.108842e+00	6.990857e-01	-6.990857e-01
698.433	13.343	-11.730	3.373259e+00	7.564086e-01	-7.564086e-01
721.013	10.822	-9.237	4.434855e+00	9.729707e-01	-9.729707e-01
738.659	8.219	-6.825	6.128601e+00	1.311647e+00	-1.311647e+00
784.714	88.233	-37.836	3.835239e+00	6.851983e-01	-6.851983e-01
4192.199	37.037	-30.661	6.472897e-01	1.453545e-01	-1.453545e-01
4259.207	40.234	-29.971	6.536618e-01	1.430739e-01	-1.430739e-01
4349.659	35.031	-50.218	5.135658e-01	1.156951e-01	-1.156951e-01
4399.724	17.560	-15.035	1.414968e+00	3.167322e-01	-3.167322e-01
4443.847	31.106	-26.562	7.735927e-01	1.731641e-01	-1.731641e-01
4513.749	43.945	-38.796	5.313502e-01	1.193193e-01	-1.193193e-01
4588.970	43.943	-31.276	5.840937e-01	1.318650e-01	-1.318650e-01
4658.595	24.465	-25.681	8.782109e-01	1.967910e-01	-1.967910e-01
4735.151	60.738	-52.091	4.148888e-01	9.108776e-02	-9.108776e-02
4855.107	31.045	-59.218	5.157599e-01	1.130043e-01	-1.130043e-01
4931.231	37.662	-45.079	5.374956e-01	1.205710e-01	-1.205710e-01
4992.559	26.481	-23.666	8.780814e-01	1.969712e-01	-1.969712e-01
5055.865	25.858	-36.825	7.063866e-01	1.586253e-01	-1.586253e-01
5111.111	35.801	-29.389	7.050953e-01	1.546448e-01	-1.546448e-01
5191.115	41.046	-44.203	5.274805e-01	1.185765e-01	-1.185765e-01
5270.096	37.285	-37.935	5.877580e-01	1.324089e-01	-1.324089e-01
5341.423	46.191	-34.043	5.572453e-01	1.248685e-01	-1.248685e-01
5417.849	32.449	-30.234	7.384710e-01	1.611476e-01	-1.611476e-01
5481.734	26.231	-31.437	7.539944e-01	1.691360e-01	-1.691360e-01
5546.409	39.284	-38.443	5.652993e-01	1.270781e-01	-1.270781e-01
5621.618	41.801	-35.925	5.688619e-01	1.276071e-01	-1.276071e-01
5703.337	52.853	-39.918	4.709558e-01	1.066653e-01	-1.066653e-01
5806.924	32.007	-50.735	5.465536e-01	1.228641e-01	-1.228641e-01
5885.263	41.424	-46.332	5.037972e-01	1.131321e-01	-1.131321e-01
5979.781	49.706	-53.094	4.275140e-01	9.630948e-02	-9.630948e-02
6091.287	66.073	-61.800	3.481250e-01	7.825779e-02	-7.825779e-02
6211.456	38.675	-54.096	4.713977e-01	1.061955e-01	-1.061955e-01
6311.990	48.462	-61.860	3.979231e-01	9.002773e-02	-9.002773e-02
6404.641	53.597	-44.188	4.462509e-01	1.004233e-01	-1.004233e-01
6545.820	67.858	-87.582	4.358686e-01	7.871486e-02	-7.871486e-02
9972.548	59.859	-70.522	2.671743e-01	6.006505e-02	-6.006505e-02
10096.255	81.576	-63.848	2.050748e-01	4.630577e-02	-4.630577e-02
10224.685	45.917	-46.853	3.182456e-01	7.193801e-02	-7.193801e-02
10406.527	152.417	-135.925	2.661050e-01	4.356097e-02	-4.356097e-02
10842.627	87.620	-95.218	2.327507e-01	5.244070e-02	-5.244070e-02
10986.485	54.084	-56.238	2.706307e-01	6.104174e-02	-6.104174e-02
11107.712	50.700	-67.144	2.560764e-01	5.763352e-02	-5.763352e-02
11236.356	52.437	-77.944	2.280940e-01	5.133569e-02	-5.133569e-02
11345.037	56.586	-56.244	2.622438e-01	5.921447e-02	-5.921447e-02
11491.286	58.268	-89.664	2.026265e-01	4.540666e-02	-4.540666e-02
11626.159	111.444	-76.605	2.530017e-01	5.724286e-02	-5.724286e-02
11833.306	64.766	-95.703	2.797247e-01	6.315689e-02	-6.315689e-02
11957.202	36.147	-59.131	3.271468e-01	7.153631e-02	-7.153631e-02
12090.950	77.912	-97.601	1.744810e-01	3.835073e-02	-3.835073e-02
12248.775	90.581	-79.913	1.850663e-01	4.057024e-02	-4.057024e-02
15751.249	142.478	-155.893	1.077773e-01	2.433116e-02	-2.433116e-02
15972.505	89.213	-78.778	1.872182e-01	4.200597e-02	-4.200597e-02
16168.595	56.098	-106.878	1.956217e-01	4.398138e-02	-4.398138e-02
16322.400	90.343	-97.706	1.672009e-01	3.766877e-02	-3.766877e-02
16549.389	136.652	-136.646	1.185700e-01	2.609357e-02	-2.609357e-02
16786.880	94.731	-100.840	1.574589e-01	3.542548e-02	-3.542548e-02
17018.370	101.437	-136.758	1.332051e-01	2.998931e-02	-2.998931e-02
17212.070	108.322	-92.264	1.587034e-01	3.577885e-02	-3.577885e-02
17434.555	76.394	-114.162	1.690465e-01	3.818912e-02	-3.818912e-02
17671.498	130.300	-160.549	1.107792e-01	2.492338e-02	-2.492338e-02
17935.005	152.607	-133.207	1.246295e-01	2.681955e-02	-2.681955e-02
21707.999	195.199	-301.250	4.814003e-02	1.212366e-02	-1.212366e-02
22133.172	231.373	-229.974	4.909530e-02	1.278192e-02	-1.278192e-02
22551.779	146.239	-187.234	6.839145e-02	1.780565e-02	-1.780565e-02
22933.081	178.645	-235.063	5.472500e-02	1.424101e-02	-1.424101e-02
23283.177	124.414	-171.451	7.611851e-02	1.973521e-02	-1.973521e-02
23601.805	219.474	-194.214	6.144597e-02	1.507371e-02	-1.507371e-02
27223.487	104.616	-111.014	1.175375e-01	2.657174e-02	-2.657174e-02
27469.489	114.361	-141.386	7.466640e-02	1.945546e-02	-1.945546e-02
27707.260	139.859	-123.409	9.727821e-02	2.191627e-02	-2.191627e-02
27983.482	106.847	-136.363	7.823643e-02	2.040438e-02	-2.040438e-02
28189.649	98.758	-99.320	9.676267e-02	2.523610e-02	-2.523610e-02
28385.547	118.490	-97.139	8.885610e-02	2.315280e-02	-2.315280e-02
28620.153	154.674	-116.116	9.424823e-02	2.126281e-02	-2.126281e-02
28882.971	102.472	-108.143	9.123138e-02	2.370654e-02	-2.370654e-02
29284.028	275.571	-298.585	6.653003e-02	1.230308e-02	-1.230308e-02
32982.295	103.279	-134.917	8.145722e-02	2.130173e-02	-2.130173e-02
33198.102	105.609	-112.528	8.858130e-02	2.308022e-02	-2.308022e-02
33399.248	122.599	-95.537	9.540970e-02	2.413881e-02	-2.413881e-02
33626.354	101.093	-104.507	9.502629e-02	2.482743e-02	-2.482743e-02
33881.096	94.576	-153.649	7.874525e-02	2.057370e-02	-2.057370e-02
34103.185	110.683	-127.513	8.647615e-02	2.191619e-02	-2.191619e-02
34330.036	149.607	-116.169	7.255110e-02	1.892075e-02	-1.892075e-02
34877.900	419.110	-398.257	4.395848e-02	8.471453e-03	-8.471453e-03
38720.529	173.535	-139.880	6.050680e-02	1.581233e-02	-1.581233e-02
39039.013	93.245	-144.950	7.939973e-02	2.074964e-02	-2.074964e-02
39419.373	124.085	-287.114	4.662936e-02	1.217435e-02	-1.217435e-02
39665.671	103.446	-122.213	8.473343e-02	2.204066e-02	-2.204066e-02
39881.976	92.741	-112.859	9.179092e-02	2.403270e-02	-2.403270e-02
40141.315	184.426	-166.598	5.393226e-02	1.410736e-02	-1.410736e-02
40642.721	390.067	-316.980	4.939547e-02	9.605277e-03	-9.605277e-03
44507.810	288.971	-220.015	3.638578e-02	9.934144e-03	-9.934144e-03
44993.839	143.936	-197.059	5.759377e-02	1.498936e-02	-1.498936e-02
45338.175	140.595	-200.400	5.804145e-02	1.508866e-02	-1.508866e-02
45632.743	101.774	-153.973	7.643184e-02	1.985819e-02	-1.985819e-02
46087.149	457.216	-352.632	4.813103e-02	8.867744e-03	-8.867744e-03
160793.686	706.799	-1223.822	1.116905e-02	2.988282e-03	-2.988282e-03
