! WT data
147.858	0.328	-0.278	1.856018e+02	2.279224e+01	-2.321273e+01
148.470	0.323	-0.284	1.820455e+02	2.326269e+01	-2.345834e+01
149.114	0.341	-0.321	1.652475e+02	2.132052e+01	-2.153480e+01
149.768	0.294	-0.313	1.767173e+02	2.321540e+01	-2.354320e+01
150.362	0.331	-0.300	1.765776e+02	2.202161e+01	-2.238278e+01
151.059	0.270	-0.366	1.772835e+02	2.204484e+01	-2.228221e+01
151.665	0.288	-0.337	1.768626e+02	2.279205e+01	-2.285023e+01
152.245	0.292	-0.292	1.874114e+02	2.484540e+01	-2.462501e+01
152.869	0.331	-0.333	1.631753e+02	2.256226e+01	-2.191159e+01
153.450	0.260	-0.250	2.162974e+02	3.000932e+01	-2.864197e+01
154.075	0.400	-0.365	1.471921e+02	1.970734e+01	-1.894458e+01
154.790	0.280	-0.314	1.822334e+02	2.448937e+01	-2.425901e+01
155.398	0.339	-0.328	1.687739e+02	2.258567e+01	-2.170943e+01
156.037	0.239	-0.300	2.088724e+02	2.939637e+01	-2.745591e+01
156.623	0.271	-0.346	1.806449e+02	2.683739e+01	-2.511290e+01
157.144	0.271	-0.251	2.139330e+02	3.186288e+01	-3.076916e+01
157.767	0.333	-0.352	1.599957e+02	2.396682e+01	-2.322309e+01
158.395	0.296	-0.295	1.561767e+02	2.310774e+01	-2.284919e+01
158.950	0.269	-0.259	1.762693e+02	2.570062e+01	-2.611100e+01
159.480	0.285	-0.261	1.672638e+02	2.467388e+01	-2.556984e+01
160.070	0.280	-0.305	1.576037e+02	2.312379e+01	-2.375942e+01
160.661	0.332	-0.310	1.436306e+02	2.044482e+01	-2.165194e+01
161.248	0.261	-0.255	1.922670e+02	2.595507e+01	-2.784040e+01
161.753	0.262	-0.245	1.919172e+02	2.511816e+01	-2.653109e+01
162.272	0.246	-0.256	1.921740e+02	2.529527e+01	-2.662820e+01
162.829	0.331	-0.311	1.422411e+02	1.935169e+01	-2.034079e+01
163.476	0.233	-0.317	1.661830e+02	2.264889e+01	-2.382516e+01
164.017	0.253	-0.308	1.662008e+02	2.203731e+01	-2.318053e+01
164.582	0.261	-0.312	1.650132e+02	2.133894e+01	-2.232601e+01
165.096	0.273	-0.253	1.768658e+02	2.281213e+01	-2.379803e+01
165.697	0.336	-0.328	1.376679e+02	1.844589e+01	-1.929620e+01
166.290	0.245	-0.257	1.856464e+02	2.440043e+01	-2.557807e+01
166.853	0.292	-0.319	1.511679e+02	1.966447e+01	-2.048088e+01
167.474	0.261	-0.329	1.561844e+02	2.025192e+01	-2.107220e+01
168.005	0.241	-0.269	1.888320e+02	2.412351e+01	-2.517907e+01
168.538	0.277	-0.292	1.615808e+02	2.086099e+01	-2.176780e+01
169.148	0.344	-0.333	1.215232e+02	1.567102e+01	-1.634752e+01
169.804	0.292	-0.313	1.345229e+02	1.733898e+01	-1.800239e+01
170.484	0.301	-0.388	1.181817e+02	1.513938e+01	-1.567399e+01
171.090	0.345	-0.305	1.278706e+02	1.635797e+01	-1.694804e+01
171.764	0.343	-0.330	1.209951e+02	1.550877e+01	-1.606132e+01
172.407	0.332	-0.300	1.288347e+02	1.646122e+01	-1.700862e+01
173.002	0.283	-0.263	1.489740e+02	1.884022e+01	-1.930856e+01
173.561	0.369	-0.276	1.272143e+02	1.585898e+01	-1.622123e+01
174.265	0.313	-0.335	1.256491e+02	1.584078e+01	-1.617771e+01
174.906	0.330	-0.328	1.248103e+02	1.563673e+01	-1.607830e+01
175.565	0.273	-0.329	9.991881e+01	1.455387e+01	-1.487149e+01
176.123	0.302	-0.286	9.398898e+01	1.427336e+01	-1.456982e+01
176.776	0.318	-0.351	1.204624e+02	1.546159e+01	-1.587673e+01
177.449	0.424	-0.356	1.044217e+02	1.323839e+01	-1.360050e+01
178.207	0.299	-0.334	8.588119e+01	1.326874e+01	-1.352200e+01
178.845	0.366	-0.338	1.166131e+02	1.463251e+01	-1.506654e+01
179.582	0.358	-0.371	1.128728e+02	1.419409e+01	-1.463724e+01
180.231	0.353	-0.291	9.359318e+01	1.370344e+01	-1.405924e+01
180.869	0.376	-0.284	8.266969e+01	1.275321e+01	-1.297677e+01
181.549	0.274	-0.304	9.573627e+01	1.449636e+01	-1.475323e+01
182.169	0.419	-0.346	1.077344e+02	1.356060e+01	-1.399768e+01
182.855	0.357	-0.267	8.864257e+01	1.346772e+01	-1.375291e+01
183.503	0.377	-0.291	1.235408e+02	1.552868e+01	-1.600823e+01
184.234	0.357	-0.355	1.158145e+02	1.460499e+01	-1.509566e+01
184.917	0.340	-0.326	8.319214e+01	1.260585e+01	-1.284081e+01
185.559	0.286	-0.303	9.818067e+01	1.456947e+01	-1.485417e+01
186.181	0.310	-0.336	8.571472e+01	1.301079e+01	-1.327556e+01
186.887	0.353	-0.396	1.089830e+02	1.381701e+01	-1.419427e+01
187.553	0.283	-0.313	9.155360e+01	1.410899e+01	-1.434087e+01
188.096	0.315	-0.260	9.847228e+01	1.474915e+01	-1.501520e+01
188.735	0.249	-0.324	9.662837e+01	1.460395e+01	-1.483436e+01
189.303	0.510	-0.320	9.845713e+01	1.241702e+01	-1.268693e+01
190.164	0.362	-0.351	7.573938e+01	1.166869e+01	-1.185668e+01
190.839	0.271	-0.313	9.186770e+01	1.417405e+01	-1.442497e+01
191.430	0.245	-0.321	9.613039e+01	1.456730e+01	-1.484000e+01
192.043	0.314	-0.368	7.981212e+01	1.208667e+01	-1.230465e+01
192.682	0.432	-0.325	7.175618e+01	1.083718e+01	-1.099856e+01
193.479	0.371	-0.364	7.401323e+01	1.115872e+01	-1.130137e+01
194.198	0.311	-0.349	8.004290e+01	1.253388e+01	-1.269392e+01
194.896	0.268	-0.386	8.069552e+01	1.260398e+01	-1.272203e+01
195.449	0.313	-0.285	8.968081e+01	1.375760e+01	-1.390616e+01
196.131	0.305	-0.369	8.065470e+01	1.215572e+01	-1.230525e+01
196.776	0.439	-0.340	6.779890e+01	1.064196e+01	-1.080750e+01
197.569	0.327	-0.353	8.179943e+01	1.228512e+01	-1.253960e+01
198.314	0.334	-0.419	7.020320e+01	1.104361e+01	-1.124052e+01
199.078	0.475	-0.430	6.005611e+01	9.050998e+00	-9.162195e+00
200.041	0.418	-0.488	5.919788e+01	9.098825e+00	-9.219621e+00
201.001	0.411	-0.542	5.744860e+01	9.203982e+00	-9.359323e+00
201.851	0.491	-0.438	6.287164e+01	9.538329e+00	-9.727497e+00
202.657	0.312	-0.316	9.297269e+01	1.413932e+01	-1.445019e+01
203.445	0.449	-0.476	5.951123e+01	9.770551e+00	-9.975056e+00
204.384	0.468	-0.490	6.012990e+01	9.377554e+00	-9.615510e+00
205.306	0.403	-0.455	6.808835e+01	1.053813e+01	-1.085813e+01
206.193	0.536	-0.484	5.727549e+01	8.862751e+00	-9.131187e+00
207.346	0.637	-0.617	4.655164e+01	7.193307e+00	-7.408267e+00
208.580	0.435	-0.597	5.658377e+01	8.681069e+00	-8.918498e+00
209.553	0.549	-0.538	5.371292e+01	8.263079e+00	-8.498089e+00
210.692	0.639	-0.590	4.749435e+01	7.306408e+00	-7.513814e+00
212.009	0.685	-0.678	4.204064e+01	6.546409e+00	-6.708292e+00
213.240	0.535	-0.546	5.370842e+01	8.178835e+00	-8.366326e+00
214.321	0.625	-0.546	4.962568e+01	7.534297e+00	-7.688886e+00
215.559	0.634	-0.613	4.591820e+01	7.120293e+00	-7.277065e+00
216.683	0.478	-0.489	5.831417e+01	9.257468e+00	-9.484770e+00
217.895	0.777	-0.734	3.846148e+01	5.886623e+00	-6.039894e+00
219.281	0.506	-0.610	5.208063e+01	7.969908e+00	-8.175820e+00
220.476	0.519	-0.689	4.809090e+01	7.320331e+00	-7.486109e+00
221.715	0.742	-0.719	3.987168e+01	6.201901e+00	-6.400770e+00
223.099	0.686	-0.643	4.490729e+01	7.000561e+00	-7.227838e+00
224.512	0.744	-0.727	4.056368e+01	6.309889e+00	-6.513001e+00
225.936	0.657	-0.679	4.275829e+01	7.056147e+00	-7.275515e+00
227.299	0.810	-0.706	3.881263e+01	6.201336e+00	-6.410660e+00
228.803	0.743	-0.694	4.092522e+01	6.520469e+00	-6.736124e+00
230.576	1.201	-1.030	2.636991e+01	4.236782e+00	-4.393619e+00
232.816	1.075	-1.039	2.791030e+01	4.530712e+00	-4.721547e+00
235.098	1.058	-1.207	2.572490e+01	4.206842e+00	-4.357505e+00
237.841	1.396	-1.685	1.946274e+01	3.085401e+00	-3.207036e+00
240.269	1.324	-1.032	2.509684e+01	4.077894e+00	-4.250870e+00
242.647	0.871	-1.054	3.085792e+01	5.030048e+00	-5.252562e+00
245.157	1.395	-1.640	2.126456e+01	3.509237e+00	-3.652683e+00
248.216	1.690	-1.664	1.981099e+01	3.204024e+00	-3.360028e+00
251.757	1.569	-1.850	1.915190e+01	3.167140e+00	-3.322423e+00
255.062	1.841	-1.737	1.691955e+01	2.796492e+00	-2.930767e+00
258.662	1.625	-1.759	1.760764e+01	2.802876e+00	-2.919920e+00
262.733	2.346	-2.445	1.249951e+01	2.004807e+00	-2.097013e+00
267.372	2.099	-2.294	1.434403e+01	2.364642e+00	-2.483554e+00
271.583	2.507	-2.112	1.344765e+01	2.187402e+00	-2.282412e+00
276.560	2.158	-2.470	1.358693e+01	2.174393e+00	-2.262289e+00
280.924	1.887	-2.207	1.512695e+01	2.461631e+00	-2.564138e+00
285.692	2.429	-2.881	1.177933e+01	1.904583e+00	-1.980088e+00
290.526	2.362	-2.405	8.806098e+00	1.724394e+00	-1.772100e+00
295.252	2.536	-2.364	8.681838e+00	1.678931e+00	-1.737911e+00
299.638	2.226	-1.850	9.040105e+00	1.848715e+00	-1.885034e+00
303.991	2.216	-2.127	8.872640e+00	1.734775e+00	-1.781108e+00
309.985	2.888	-3.779	5.553560e+00	1.145330e+00	-1.172560e+00
317.964	4.079	-5.091	4.052804e+00	8.687470e-01	-8.931913e-01
325.682	3.801	-3.639	5.491494e+00	1.081843e+00	-1.115054e+00
! PC data
350.126	11.208	-8.850	4.695866e+00	1.056333e+00	-1.056333e+00
378.549	15.381	-17.214	3.162253e+00	6.766426e-01	-6.766426e-01
425.065	29.040	-31.135	1.619267e+00	3.567328e-01	-3.567328e-01
509.063	65.393	-54.958	7.676393e-01	1.742494e-01	-1.742494e-01
622.489	47.246	-48.032	3.709513e-01	8.391782e-02	-8.391782e-02
787.108	223.619	-117.373	1.332585e-01	2.669546e-02	-2.669546e-02
5286.816	1472.070	-1020.187	1.009524e-02	2.781708e-03	-2.781708e-03
44274.815	8156.755	-5375.240	9.037202e-03	1.927805e-03	-1.927805e-03
