! WT data
125.014	0.788	-0.639	3.724183e+01	5.569203e+00	-5.568049e+00
126.639	1.017	-0.837	2.866443e+01	4.288504e+00	-4.287339e+00
128.604	0.995	-0.948	2.696123e+01	4.112571e+00	-4.111154e+00
130.436	0.983	-0.837	2.836360e+01	4.410272e+00	-4.408699e+00
132.323	0.908	-0.905	2.889273e+01	4.410362e+00	-4.408525e+00
134.275	1.038	-1.043	2.414982e+01	3.905272e+00	-3.903706e+00
136.152	0.700	-0.839	3.408959e+01	5.311093e+00	-5.308520e+00
138.013	1.145	-1.161	2.308676e+01	3.531915e+00	-3.530183e+00
139.759	0.653	-0.601	4.244011e+01	6.500508e+00	-6.497445e+00
141.268	0.832	-0.856	3.061558e+01	4.866560e+00	-4.864312e+00
143.282	1.196	-1.181	2.271981e+01	3.415478e+00	-3.413818e+00
145.466	0.932	-0.989	2.920709e+01	4.351198e+00	-4.349576e+00
147.249	0.872	-0.850	3.255562e+01	4.893978e+00	-4.891605e+00
149.109	1.036	-0.988	2.729738e+01	4.180153e+00	-4.178144e+00
150.985	0.871	-0.839	3.279269e+01	4.934392e+00	-4.932240e+00
152.986	1.053	-1.130	2.568406e+01	3.863971e+00	-3.862228e+00
155.077	1.071	-1.039	2.657166e+01	3.999007e+00	-3.997324e+00
157.487	0.873	-1.339	2.417524e+01	3.846394e+00	-3.844809e+00
159.298	0.897	-0.938	2.957561e+01	4.611983e+00	-4.609763e+00
161.320	0.881	-1.126	2.782630e+01	4.179422e+00	-4.177250e+00
163.275	1.221	-1.074	2.363766e+01	3.689665e+00	-3.688008e+00
165.350	0.865	-0.854	3.202878e+01	4.913822e+00	-4.912146e+00
167.293	1.016	-1.078	2.664113e+01	4.010229e+00	-4.008623e+00
169.659	1.416	-1.350	2.015685e+01	3.028743e+00	-3.027226e+00
172.263	1.032	-1.188	2.475678e+01	3.787524e+00	-3.785695e+00
174.440	1.195	-1.144	2.383554e+01	3.581179e+00	-3.579337e+00
176.684	1.233	-1.049	2.361547e+01	3.679624e+00	-3.677844e+00
179.274	1.177	-1.356	2.119170e+01	3.178440e+00	-3.176826e+00
181.718	1.397	-1.267	2.015817e+01	3.022749e+00	-3.021242e+00
183.921	0.839	-0.807	3.262408e+01	4.891632e+00	-4.889212e+00
186.047	0.901	-1.287	2.453439e+01	3.678234e+00	-3.676449e+00
188.048	1.182	-1.099	2.282638e+01	3.551408e+00	-3.549949e+00
190.599	1.363	-1.370	1.954103e+01	2.927908e+00	-2.926604e+00
193.156	1.208	-1.194	2.223360e+01	3.330295e+00	-3.328896e+00
195.429	0.864	-1.065	2.768943e+01	4.148083e+00	-4.146294e+00
197.685	1.079	-1.392	2.130090e+01	3.249277e+00	-3.248155e+00
199.722	0.940	-0.958	2.749565e+01	4.190749e+00	-4.189767e+00
201.527	0.810	-0.865	3.159554e+01	4.726725e+00	-4.725450e+00
203.448	0.961	-1.111	2.515655e+01	3.833469e+00	-3.832691e+00
205.387	0.820	-0.979	2.898804e+01	4.419001e+00	-4.417842e+00
207.290	0.829	-1.082	2.728752e+01	4.159620e+00	-4.158551e+00
209.030	0.643	-0.912	3.401580e+01	5.088482e+00	-5.087155e+00
210.528	0.739	-0.855	3.316369e+01	4.961633e+00	-4.960253e+00
212.342	0.916	-1.075	2.655473e+01	3.972264e+00	-3.971249e+00
214.121	0.870	-0.863	3.050839e+01	4.562170e+00	-4.561257e+00
216.122	1.234	-1.131	2.172079e+01	3.373573e+00	-3.372885e+00
217.968	0.653	-0.612	4.119715e+01	6.279949e+00	-6.278346e+00
219.476	1.139	-0.855	2.575246e+01	4.000713e+00	-3.999739e+00
221.672	0.999	-1.057	2.571836e+01	3.845585e+00	-3.844853e+00
223.587	0.853	-0.916	2.948291e+01	4.491631e+00	-4.490899e+00
225.389	1.115	-0.949	2.562959e+01	3.832327e+00	-3.831588e+00
227.675	0.971	-1.171	2.434083e+01	3.708486e+00	-3.707846e+00
229.609	0.985	-0.963	2.715115e+01	4.059136e+00	-4.058482e+00
231.579	0.897	-0.985	2.844021e+01	4.331704e+00	-4.331191e+00
233.582	0.913	-1.106	2.706996e+01	4.046753e+00	-4.046132e+00
235.268	0.925	-0.772	3.220613e+01	4.817690e+00	-4.816469e+00
237.118	0.974	-0.925	2.797311e+01	4.342943e+00	-4.342341e+00
239.084	0.794	-0.992	3.060175e+01	4.574550e+00	-4.573884e+00
240.765	0.944	-0.887	2.981485e+01	4.457720e+00	-4.456932e+00
242.615	0.869	-0.907	2.977423e+01	4.448109e+00	-4.447956e+00
244.545	0.933	-1.062	2.650725e+01	3.959453e+00	-3.959429e+00
246.720	1.210	-1.242	2.125575e+01	3.237142e+00	-3.236809e+00
248.864	0.891	-0.935	2.896172e+01	4.329067e+00	-4.328490e+00
250.880	0.921	-1.125	2.583875e+01	3.860860e+00	-3.860600e+00
252.738	0.757	-0.937	3.194660e+01	4.774714e+00	-4.774173e+00
254.749	1.182	-1.254	2.240145e+01	3.348353e+00	-3.347928e+00
256.830	0.732	-0.899	3.344310e+01	4.998087e+00	-4.997571e+00
258.759	1.048	-1.197	2.326111e+01	3.681962e+00	-3.681343e+00
261.122	1.195	-1.315	2.111420e+01	3.277472e+00	-3.277111e+00
263.437	1.056	-1.119	2.471862e+01	3.764309e+00	-3.763957e+00
265.599	0.916	-1.105	2.699689e+01	4.034563e+00	-4.034172e+00
267.602	1.101	-1.087	2.493417e+01	3.729007e+00	-3.728180e+00
269.525	0.850	-0.822	3.262604e+01	4.880022e+00	-4.878834e+00
271.297	1.018	-0.922	2.773482e+01	4.228488e+00	-4.227314e+00
273.331	0.926	-1.017	2.769688e+01	4.221908e+00	-4.220861e+00
275.406	1.125	-1.149	2.403249e+01	3.593360e+00	-3.592693e+00
277.389	0.987	-0.858	2.919516e+01	4.448817e+00	-4.447925e+00
279.630	1.157	-1.254	2.317030e+01	3.428378e+00	-3.427479e+00
282.147	1.070	-1.360	2.248425e+01	3.361776e+00	-3.361169e+00
284.024	0.897	-0.807	3.170628e+01	4.738857e+00	-4.738305e+00
286.148	1.226	-1.227	2.153538e+01	3.221255e+00	-3.220459e+00
288.494	1.075	-1.119	2.408520e+01	3.601621e+00	-3.600890e+00
290.498	0.928	-0.929	2.803971e+01	4.271452e+00	-4.270808e+00
292.928	1.156	-1.502	1.931056e+01	2.998893e+00	-2.998324e+00
295.229	1.123	-1.146	2.326937e+01	3.478908e+00	-3.478320e+00
297.451	0.913	-1.099	2.621484e+01	3.919214e+00	-3.918564e+00
299.254	1.297	-0.890	2.412465e+01	3.607181e+00	-3.606513e+00
301.551	0.938	-1.000	2.722619e+01	4.070351e+00	-4.069686e+00
303.615	1.081	-1.127	2.389121e+01	3.571770e+00	-3.571189e+00
306.152	1.302	-1.455	1.888373e+01	2.876647e+00	-2.876221e+00
308.822	1.341	-1.369	1.922864e+01	2.928173e+00	-2.927917e+00
311.816	1.495	-1.652	1.679433e+01	2.510338e+00	-2.510007e+00
314.570	1.255	-1.259	2.102577e+01	3.142161e+00	-3.141864e+00
316.882	1.097	-1.057	2.511426e+01	3.753506e+00	-3.753087e+00
319.025	1.632	-1.046	2.037860e+01	3.047156e+00	-3.046570e+00
321.602	0.839	-0.945	3.057779e+01	4.572676e+00	-4.571718e+00
324.503	1.708	-2.062	1.447365e+01	2.164169e+00	-2.163760e+00
327.790	1.746	-1.579	1.570693e+01	2.486305e+00	-2.485875e+00
330.712	0.875	-1.176	2.659861e+01	3.977084e+00	-3.976342e+00
333.197	1.538	-1.609	1.708925e+01	2.604080e+00	-2.603557e+00
336.176	1.240	-1.441	2.035065e+01	3.043524e+00	-3.042850e+00
338.881	1.407	-1.465	1.900304e+01	2.841671e+00	-2.841093e+00
342.099	1.246	-1.812	1.784225e+01	2.668023e+00	-2.667490e+00
344.708	1.369	-1.362	1.941100e+01	3.013035e+00	-3.012713e+00
347.543	1.187	-1.466	2.044414e+01	3.055907e+00	-3.055500e+00
350.129	1.455	-1.399	1.826867e+01	2.782865e+00	-2.782465e+00
353.361	1.382	-1.778	1.673822e+01	2.502469e+00	-2.502045e+00
356.208	1.533	-1.465	1.739061e+01	2.648970e+00	-2.648612e+00
359.586	1.402	-1.845	1.662858e+01	2.485549e+00	-2.485220e+00
362.983	1.531	-1.995	1.546799e+01	2.312346e+00	-2.311991e+00
366.151	1.946	-1.638	1.500503e+01	2.285452e+00	-2.285168e+00
370.161	1.613	-2.064	1.442266e+01	2.239548e+00	-2.239168e+00
373.670	2.350	-1.895	1.268530e+01	1.933365e+00	-1.932920e+00
377.588	1.657	-1.568	1.693600e+01	2.532037e+00	-2.531608e+00
381.517	1.848	-2.272	1.305699e+01	1.989015e+00	-1.988720e+00
385.324	1.957	-1.959	1.373502e+01	2.092240e+00	-2.091940e+00
389.211	2.180	-1.930	1.308698e+01	1.993680e+00	-1.993368e+00
393.907	1.931	-2.516	1.226696e+01	1.834376e+00	-1.834000e+00
397.541	1.893	-1.703	1.517444e+01	2.269083e+00	-2.268630e+00
401.555	1.931	-2.120	1.347060e+01	2.013716e+00	-2.013414e+00
405.794	1.440	-2.308	1.352129e+01	2.224832e+00	-2.224539e+00
409.543	2.130	-2.308	1.229560e+01	1.839112e+00	-1.838667e+00
413.957	2.308	-2.284	1.141626e+01	1.740358e+00	-1.739903e+00
418.455	2.089	-2.190	1.214753e+01	1.849901e+00	-1.849728e+00
422.892	2.816	-2.348	1.022045e+01	1.527881e+00	-1.527646e+00
428.174	2.103	-2.465	1.140439e+01	1.736917e+00	-1.736722e+00
432.540	2.021	-2.263	1.162958e+01	1.875729e+00	-1.875614e+00
436.893	2.018	-2.332	8.082987e+00	1.478138e+00	-1.478056e+00
440.788	2.169	-1.877	9.373865e+00	1.677043e+00	-1.677003e+00
444.968	1.535	-2.011	9.934950e+00	1.816740e+00	-1.816653e+00
449.006	2.270	-2.504	1.107880e+01	1.656540e+00	-1.656228e+00
453.866	1.908	-2.590	1.175568e+01	1.757852e+00	-1.757503e+00
457.508	1.795	-1.734	9.549345e+00	1.849378e+00	-1.849208e+00
461.035	1.716	-1.732	1.531984e+01	2.289719e+00	-2.289452e+00
464.937	2.317	-2.186	1.184117e+01	1.769642e+00	-1.769463e+00
469.700	2.490	-2.445	1.089502e+01	1.659376e+00	-1.659182e+00
474.252	1.719	-2.062	9.618855e+00	1.759546e+00	-1.759352e+00
478.440	2.199	-2.470	1.153336e+01	1.757548e+00	-1.757182e+00
482.929	2.552	-2.290	1.095861e+01	1.702411e+00	-1.702000e+00
487.319	2.061	-1.837	1.358342e+01	2.070327e+00	-2.069837e+00
491.388	2.059	-2.008	8.476223e+00	1.595150e+00	-1.594977e+00
496.114	2.302	-2.667	6.663208e+00	1.328759e+00	-1.328619e+00
500.447	1.746	-2.031	9.632865e+00	1.762310e+00	-1.762081e+00
504.773	1.697	-2.580	8.324755e+00	1.566660e+00	-1.566487e+00
508.862	2.467	-2.392	7.328572e+00	1.379296e+00	-1.379125e+00
513.939	3.563	-2.610	5.768241e+00	1.085807e+00	-1.085644e+00
519.992	2.561	-2.490	7.058059e+00	1.291239e+00	-1.291075e+00
524.614	1.567	-2.061	9.501533e+00	1.787891e+00	-1.787733e+00
528.422	2.313	-2.241	7.735661e+00	1.414901e+00	-1.414772e+00
533.443	1.990	-2.707	7.185217e+00	1.391138e+00	-1.391080e+00
538.138	2.858	-2.706	6.364019e+00	1.164148e+00	-1.164020e+00
542.708	2.677	-1.713	7.930987e+00	1.536170e+00	-1.535993e+00
547.672	2.141	-2.287	8.036614e+00	1.512556e+00	-1.512369e+00
552.325	2.166	-2.512	7.774182e+00	1.421908e+00	-1.421785e+00
557.502	2.236	-3.012	6.928069e+00	1.267282e+00	-1.267150e+00
561.838	2.302	-2.100	8.143369e+00	1.490031e+00	-1.489803e+00
566.799	2.276	-2.659	7.142685e+00	1.306585e+00	-1.306442e+00
571.269	2.132	-2.193	7.627585e+00	1.520670e+00	-1.520579e+00
575.979	3.266	-2.578	5.774563e+00	1.118226e+00	-1.118142e+00
581.295	2.188	-2.050	7.980550e+00	1.545443e+00	-1.545321e+00
586.056	2.506	-2.573	7.162003e+00	1.310238e+00	-1.310074e+00
592.454	3.694	-3.892	4.589676e+00	8.889990e-01	-8.888941e-01
598.623	2.263	-2.474	7.675962e+00	1.404170e+00	-1.404010e+00
602.970	2.360	-2.084	8.008215e+00	1.506533e+00	-1.506466e+00
607.830	2.973	-2.500	6.647254e+00	1.215938e+00	-1.215808e+00
614.718	4.497	-3.915	4.233362e+00	7.967829e-01	-7.966794e-01
! PC data
634.894	6.700	-8.343	4.606695e+00	9.435407e-01	-9.435407e-01
653.446	10.714	-11.852	2.695463e+00	5.897236e-01	-5.897236e-01
673.142	8.570	-8.981	3.531671e+00	7.538854e-01	-7.538854e-01
697.166	12.126	-15.455	2.271154e+00	4.866144e-01	-4.866144e-01
720.313	9.038	-11.021	2.953443e+00	6.486885e-01	-6.486885e-01
738.733	10.676	-9.382	2.740004e+00	6.135166e-01	-6.135166e-01
762.028	14.961	-12.619	2.033511e+00	4.553251e-01	-4.553251e-01
793.133	11.437	-16.144	2.438218e+00	5.005311e-01	-5.005311e-01
819.209	12.942	-14.639	2.070628e+00	4.655351e-01	-4.655351e-01
844.712	12.512	-12.561	2.380169e+00	5.200681e-01	-5.200681e-01
884.241	23.129	-27.017	1.180274e+00	2.592332e-01	-2.592332e-01
930.028	22.474	-22.658	1.334867e+00	2.916691e-01	-2.916691e-01
987.567	32.632	-35.066	8.332153e-01	1.873301e-01	-1.873301e-01
1047.762	27.598	-27.563	1.037737e+00	2.333122e-01	-2.333122e-01
1128.610	49.550	-53.250	5.542488e-01	1.247810e-01	-1.247810e-01
1219.509	41.393	-41.349	7.164961e-01	1.569612e-01	-1.569612e-01
1330.830	100.568	-69.929	3.290962e-01	7.480692e-02	-7.480692e-02
1493.251	103.630	-61.853	3.403713e-01	7.758397e-02	-7.758397e-02
1666.243	48.482	-69.362	3.869196e-01	8.710926e-02	-8.710926e-02
5399.123	224.700	-389.591	3.117954e-02	8.178033e-03	-8.178033e-03
5969.637	428.945	-345.814	2.462095e-02	6.471456e-03	-6.471456e-03
6914.523	577.236	-515.941	1.969670e-02	4.882382e-03	-4.882382e-03
11880.015	1387.219	-1145.154	1.313644e-02	2.657289e-03	-2.657289e-03
