! WT data
84.108	0.594	-0.673	4.031113e+01	6.013418e+00	-6.016436e+00
85.475	0.540	-0.773	3.889139e+01	5.800889e+00	-5.803360e+00
86.699	0.826	-0.684	3.235942e+01	5.110734e+00	-5.112575e+00
88.166	0.722	-0.641	3.640024e+01	5.639400e+00	-5.641568e+00
89.378	0.418	-0.489	5.547455e+01	8.432263e+00	-8.435704e+00
90.463	0.450	-0.668	4.505250e+01	6.847181e+00	-6.849417e+00
91.428	0.577	-0.515	4.674516e+01	6.971596e+00	-6.974118e+00
92.502	0.526	-0.497	4.920451e+01	7.478789e+00	-7.481588e+00
93.561	0.492	-0.533	4.982296e+01	7.430266e+00	-7.432732e+00
94.631	0.537	-0.578	4.377744e+01	6.913423e+00	-6.915521e+00
95.644	0.437	-0.476	5.589734e+01	8.336093e+00	-8.338817e+00
96.559	0.328	-0.478	6.239796e+01	9.483102e+00	-9.486019e+00
97.332	0.364	-0.445	6.302271e+01	9.399990e+00	-9.403853e+00
98.187	0.547	-0.490	4.918583e+01	7.335945e+00	-7.338812e+00
99.451	0.611	-0.717	3.843489e+01	5.731873e+00	-5.733742e+00
100.554	0.527	-0.493	4.933733e+01	7.498397e+00	-7.500845e+00
101.567	0.440	-0.487	5.267632e+01	8.318504e+00	-8.320872e+00
102.667	0.586	-0.659	4.038101e+01	6.136723e+00	-6.138420e+00
103.815	0.507	-0.562	4.771271e+01	7.114978e+00	-7.116965e+00
104.938	0.653	-0.616	3.966319e+01	6.027709e+00	-6.029425e+00
106.412	1.157	-0.821	2.543596e+01	3.865738e+00	-3.866951e+00
108.703	1.041	-1.134	2.245811e+01	3.546466e+00	-3.547437e+00
110.617	1.108	-0.872	2.541311e+01	3.862079e+00	-3.863170e+00
112.659	0.831	-0.934	2.892620e+01	4.313427e+00	-4.314575e+00
114.410	0.631	-0.920	3.290614e+01	4.906904e+00	-4.908207e+00
116.130	0.874	-1.088	2.598653e+01	3.874995e+00	-3.875978e+00
118.409	1.115	-1.406	2.022468e+01	3.015873e+00	-3.016678e+00
121.255	1.156	-1.730	1.741648e+01	2.646652e+00	-2.647291e+00
123.649	1.190	-1.239	2.099549e+01	3.130665e+00	-3.131398e+00
126.212	1.678	-1.373	1.694755e+01	2.527230e+00	-2.527928e+00
130.087	2.459	-2.197	1.078643e+01	1.703241e+00	-1.703645e+00
134.967	2.520	-2.420	1.059458e+01	1.579808e+00	-1.580202e+00
139.115	1.764	-1.628	1.505528e+01	2.245094e+00	-2.245741e+00
142.824	2.626	-1.945	9.526230e+00	1.559644e+00	-1.560062e+00
147.129	2.557	-1.679	9.476146e+00	1.617725e+00	-1.618134e+00
151.569	1.805	-1.883	9.236464e+00	1.686838e+00	-1.687229e+00
155.751	1.760	-2.376	8.235389e+00	1.504019e+00	-1.504371e+00
160.261	2.461	-2.750	6.251094e+00	1.208920e+00	-1.209180e+00
165.042	1.696	-2.320	8.474049e+00	1.547622e+00	-1.547994e+00
169.184	2.746	-2.447	6.558224e+00	1.197750e+00	-1.198049e+00
175.226	1.912	-3.296	6.265336e+00	1.211714e+00	-1.211999e+00
179.162	1.792	-2.024	8.930718e+00	1.631051e+00	-1.631462e+00
182.867	2.215	-1.913	8.079530e+00	1.518154e+00	-1.518514e+00
186.919	2.070	-1.837	1.308348e+01	1.951469e+00	-1.952293e+00
! PC data
204.482	6.900	-10.651	6.022384e+00	1.296567e+00	-1.296567e+00
217.853	6.065	-6.471	8.066194e+00	1.766929e+00	-1.766929e+00
231.237	5.218	-7.319	7.959787e+00	1.745848e+00	-1.745848e+00
244.002	7.497	-7.546	6.583705e+00	1.444028e+00	-1.444028e+00
258.748	5.288	-7.249	7.670492e+00	1.724384e+00	-1.724384e+00
271.271	7.809	-7.235	6.289324e+00	1.415788e+00	-1.415788e+00
287.698	8.933	-8.618	5.634054e+00	1.235737e+00	-1.235737e+00
306.242	7.941	-9.611	5.300351e+00	1.196376e+00	-1.196376e+00
318.933	7.786	-4.751	7.607881e+00	1.712607e+00	-1.712607e+00
331.654	7.601	-4.935	8.101555e+00	1.772412e+00	-1.772412e+00
349.227	10.086	-9.972	4.688732e+00	1.051240e+00	-1.051240e+00
368.294	11.078	-8.981	4.707690e+00	1.058324e+00	-1.058324e+00
386.120	8.297	-6.747	6.304310e+00	1.415356e+00	-1.415356e+00
406.257	10.725	-11.841	4.392417e+00	9.721003e-01	-9.721003e-01
427.517	7.016	-10.535	5.681053e+00	1.244455e+00	-1.244455e+00
443.188	6.390	-8.654	7.610431e+00	1.553473e+00	-1.553473e+00
462.072	10.071	-12.495	4.641528e+00	9.944055e-01	-9.944055e-01
480.300	9.395	-8.156	5.668498e+00	1.243292e+00	-1.243292e+00
498.335	8.911	-8.640	5.920945e+00	1.273167e+00	-1.273167e+00
518.591	11.221	-11.345	4.817597e+00	1.010404e+00	-1.010404e+00
542.201	7.670	-12.389	4.753977e+00	1.063022e+00	-1.063022e+00
561.370	8.559	-11.499	5.039733e+00	1.102564e+00	-1.102564e+00
581.055	8.933	-11.126	4.725667e+00	1.059521e+00	-1.059521e+00
601.867	8.179	-11.880	4.786909e+00	1.077579e+00	-1.077579e+00
628.869	16.280	-18.823	3.083954e+00	6.506021e-01	-6.506021e-01
661.495	13.742	-16.346	3.637541e+00	7.611310e-01	-7.611310e-01
683.620	6.660	-8.384	6.298732e+00	1.414104e+00	-1.414104e+00
703.045	7.294	-12.764	4.736470e+00	1.061943e+00	-1.061943e+00
725.991	11.928	-15.652	3.642934e+00	7.990176e-01	-7.990176e-01
749.889	10.597	-11.969	4.422628e+00	9.700307e-01	-9.700307e-01
774.000	14.066	-13.514	3.600068e+00	7.926547e-01	-7.926547e-01
797.892	10.232	-9.826	4.962420e+00	1.088425e+00	-1.088425e+00
821.246	16.966	-13.122	3.131874e+00	7.069152e-01	-7.069152e-01
862.318	16.011	-24.106	2.603663e+00	5.584924e-01	-5.584924e-01
887.091	8.789	-8.762	6.013091e+00	1.285115e+00	-1.285115e+00
904.770	11.169	-8.889	4.717059e+00	1.057591e+00	-1.057591e+00
934.218	11.810	-18.278	3.158708e+00	7.101011e-01	-7.101011e-01
956.785	11.808	-10.758	4.169264e+00	9.398047e-01	-9.398047e-01
980.939	22.756	-12.346	2.681206e+00	6.011413e-01	-6.011413e-01
1020.691	15.600	-16.995	2.879202e+00	6.481361e-01	-6.481361e-01
1055.645	18.256	-19.354	2.542577e+00	5.723586e-01	-5.723586e-01
1091.906	17.097	-18.006	2.677465e+00	6.051632e-01	-6.051632e-01
1118.884	12.685	-9.881	4.205023e+00	9.427896e-01	-9.427896e-01
1146.962	12.188	-15.393	3.448707e+00	7.732193e-01	-7.732193e-01
1186.570	15.205	-27.420	2.639597e+00	5.412142e-01	-5.412142e-01
1225.205	16.686	-23.431	2.606987e+00	5.564870e-01	-5.564870e-01
1259.345	15.142	-17.453	3.056902e+00	6.679202e-01	-6.679202e-01
1286.849	25.248	-12.362	2.504360e+00	5.637556e-01	-5.637556e-01
1343.439	23.818	-31.343	1.798938e+00	3.945675e-01	-3.945675e-01
1383.399	13.946	-16.141	3.156564e+00	7.096193e-01	-7.096193e-01
1415.737	16.711	-18.392	2.693837e+00	6.064087e-01	-6.064087e-01
1453.076	27.011	-20.628	1.988929e+00	4.471261e-01	-4.471261e-01
1492.102	13.059	-12.015	3.745812e+00	8.409576e-01	-8.409576e-01
1527.186	18.092	-22.025	2.722074e+00	5.695757e-01	-5.695757e-01
1567.457	17.938	-22.179	2.619085e+00	5.604318e-01	-5.604318e-01
1611.265	24.277	-25.870	1.885399e+00	4.238519e-01	-4.238519e-01
1662.022	33.696	-26.480	1.559456e+00	3.529460e-01	-3.529460e-01
1720.224	15.610	-24.507	2.485639e+00	5.444882e-01	-5.444882e-01
1764.843	26.153	-29.008	1.718792e+00	3.853626e-01	-3.853626e-01
1812.148	21.472	-21.152	2.334210e+00	5.132826e-01	-5.132826e-01
1856.392	22.360	-22.772	2.096843e+00	4.713859e-01	-4.713859e-01
1912.157	24.264	-33.405	1.641893e+00	3.686151e-01	-3.686151e-01
1967.233	21.842	-30.812	1.878954e+00	4.121176e-01	-4.121176e-01
2040.245	26.557	-51.170	1.277039e+00	2.811756e-01	-2.811756e-01
2114.332	35.211	-47.530	1.140249e+00	2.584176e-01	-2.584176e-01
2185.285	36.971	-35.742	1.355184e+00	2.987646e-01	-2.987646e-01
2261.902	33.067	-39.646	1.290584e+00	2.924883e-01	-2.924883e-01
2357.394	47.898	-62.425	8.187779e-01	1.928642e-01	-1.928642e-01
2450.130	35.373	-44.838	1.236535e+00	2.729577e-01	-2.729577e-01
7081.508	100.993	-144.725	3.236392e-01	7.120949e-02	-7.120949e-02
7243.686	71.704	-61.185	1.850773e-01	4.164372e-02	-4.164372e-02
7364.107	56.590	-48.718	2.326460e-01	5.223798e-02	-5.223798e-02
7547.563	83.744	-126.866	2.275341e-01	3.666869e-02	-3.666869e-02
13467.230	142.097	-98.606	1.030656e-01	2.325244e-02	-2.325244e-02
13821.931	213.634	-212.604	6.733224e-02	1.418565e-02	-1.418565e-02
23255.484	244.056	-267.437	4.339053e-02	1.129418e-02	-1.129418e-02
23827.323	314.091	-327.783	3.447865e-02	9.052433e-03	-9.052433e-03
24849.598	723.476	-708.184	2.736947e-02	5.427838e-03	-5.427838e-03
29314.094	522.133	-596.132	1.823422e-02	4.848669e-03	-4.848669e-03
30546.202	789.381	-709.976	2.359343e-02	4.931532e-03	-4.931532e-03
39702.081	7050.006	-5016.014	1.797531e-02	3.296224e-03	-3.296224e-03
! PC upper limits
180044.842	687.000	-687.000	6.7115e-03	0.0000e+00	0.0000e+00
