col1 col2 col3 col4 col5 col6
253.956 0.778 -0.928 1.106603953e-09 1.720628e-10 -1.7236210030000004e-10
255.562 0.775 -0.828 1.2144900430000002e-09 1.812107427e-10 -1.814752459e-10
257.108 0.905 -0.771 1.1441116830000002e-09 1.7422534740000002e-10 -1.7448615600000001e-10
259.022 1.021 -1.009 9.590280570000002e-10 1.4307221630000002e-10 -1.432627898e-10
261.098 0.916 -1.055 9.57791497e-10 1.487953025e-10 -1.489482514e-10
263.392 1.124 -1.378 7.61774494e-10 1.1595132640000001e-10 -1.1608044890000001e-10
265.665 1.059 -1.149 8.574408830000001e-10 1.305149495e-10 -1.306622057e-10
267.996 1.418 -1.272 7.03747408e-10 1.0710306100000001e-10 -1.072053788e-10
270.945 1.663 -1.531 5.927966850000001e-10 9.02053178e-11 -9.027585450000002e-11
273.798 1.255 -1.191 7.783594780000001e-10 1.160638609e-10 -1.1615943040000001e-10
276.563 2.188 -1.509 5.05268595e-10 7.53416404e-11 -7.540267670000002e-11
280.422 1.846 -1.671 5.230727970000001e-10 7.95940496e-11 -7.965421880000001e-11
284.223 1.804 -1.955 4.96880345e-10 7.40905282e-11 -7.415001880000001e-11
287.734 1.934 -1.706 3.6854106250000003e-10 6.596998590000001e-11 -6.60053862e-11
291.959 2.759 -2.292 3.530476066e-10 5.5976168300000005e-11 -5.601190790000001e-11
296.875 1.829 -2.156 4.4977231000000004e-10 7.13132446e-11 -7.136089740000001e-11
300.853 2.193 -2.15 2.884755367e-10 5.2679755700000004e-11 -5.27108959e-11
305.143 2.122 -2.096 3.7630319090000004e-10 6.10607296e-11 -6.11055172e-11
309.162 1.85 -1.897 3.2731935470000003e-10 6.16238545e-11 -6.165691740000001e-11
325.483 4.252 -5.777 1.6709277130000002e-10 3.6462633220000003e-11 -3.6462633220000003e-11
334.793 7.479 -5.058 1.3539317870000001e-10 2.9625791000000005e-11 -2.9625791000000005e-11
354.008 8.323 -11.736 7.92459278e-11 1.774526936e-11 -1.774526936e-11
373.664 11.233 -11.333 7.677887750000001e-11 1.6390583950000004e-11 -1.6390583950000004e-11
398.842 16.143 -13.945 5.24867317e-11 1.1753171040000002e-11 -1.1753171040000002e-11
428.583 18.996 -13.599 4.8600427200000006e-11 1.089850827e-11 -1.089850827e-11
476.648 26.093 -29.068 2.8631905900000004e-11 6.4390619800000004e-12 -6.4390619800000004e-12
536.7 26.216 -33.959 2.7584852490000003e-11 6.077353100000001e-12 -6.077353100000001e-12
586.608 18.933 -23.691 4.13610093e-11 8.86422004e-12 -8.86422004e-12
632.691 33.026 -27.15 2.631885256e-11 5.944483220000001e-12 -5.944483220000001e-12
696.61 24.268 -30.893 2.8998877700000002e-11 6.52159105e-12 -6.52159105e-12
746.936 21.581 -26.058 3.366588888e-11 7.56030522e-12 -7.56030522e-12
791.116 17.518 -22.599 3.9934818300000004e-11 8.955269310000001e-12 -8.955269310000001e-12
843.889 22.414 -35.255 2.8450395480000002e-11 6.25945164e-12 -6.25945164e-12
893.762 27.702 -27.459 3.1269801290000004e-11 6.727870370000001e-12 -6.727870370000001e-12
951.016 38.146 -29.552 2.311634312e-11 5.2211521700000004e-12 -5.2211521700000004e-12
1014.102 30.221 -24.94 2.933741616e-11 6.607211520000001e-12 -6.607211520000001e-12
1063.56 15.865 -19.238 4.5002640800000005e-11 1.0077281630000001e-11 -1.0077281630000001e-11
1109.032 25.555 -29.606 2.8686099650000002e-11 6.43277739e-12 -6.43277739e-12
1154.404 37.851 -19.818 2.7283697350000002e-11 6.1713052700000005e-12 -6.1713052700000005e-12
1219.072 30.851 -26.818 2.899652899e-11 6.336178680000001e-12 -6.336178680000001e-12
1280.645 31.961 -30.722 2.500751838e-11 5.640168820000001e-12 -5.640168820000001e-12
1333.706 29.046 -21.1 3.216621304e-11 7.233898620000001e-12 -7.233898620000001e-12
1382.892 17.47 -20.14 4.19358212e-11 9.40398979e-12 -9.40398979e-12
1425.088 17.899 -24.726 3.8577241300000005e-11 8.45272831e-12 -8.45272831e-12
1466.11 22.008 -23.124 3.529117358e-11 7.994058800000002e-12 -7.994058800000002e-12
1512.735 25.529 -24.617 3.165043557e-11 7.0873738e-12 -7.0873738e-12
1554.021 19.346 -15.757 4.539309970000001e-11 1.0164723010000001e-11 -1.0164723010000001e-11
1590.644 12.811 -17.277 5.199142910000001e-11 1.162563948e-11 -1.162563948e-11
1627.708 23.386 -24.253 3.33269131e-11 7.49492965e-12 -7.49492965e-12
1676.895 21.837 -25.802 3.529087198e-11 7.775104740000001e-12 -7.775104740000001e-12
1724.471 36.945 -25.738 2.506628137e-11 5.629103870000001e-12 -5.629103870000001e-12
1796.914 34.694 -35.499 2.676759566e-11 5.5164185700000006e-12 -5.5164185700000006e-12
5130.922 67.595 -82.844 9.94762002e-12 2.251707146e-12 -2.251707146e-12
5238.63 45.136 -40.113 1.9033384110000003e-11 4.175384330000001e-12 -4.175384330000001e-12
5340.096 43.962 -56.331 1.583821109e-11 3.4781299930000005e-12 -3.4781299930000005e-12
5452.637 56.787 -68.579 1.2141006020000001e-11 2.7390090520000003e-12 -2.7390090520000003e-12
5554.621 50.081 -45.197 1.590466865e-11 3.5761386830000003e-12 -3.5761386830000003e-12
5675.018 52.543 -70.316 1.2397980530000002e-11 2.790764366e-12 -2.790764366e-12
5773.63 44.195 -46.069 1.7739587970000004e-11 3.89155988e-12 -3.89155988e-12
5889.955 75.801 -72.13 1.040681356e-11 2.347775417e-12 -2.347775417e-12
6021.819 56.767 -56.063 7.89342242e-12 1.74495204e-12 -1.74495204e-12
6116.222 27.554 -37.637 1.3820133860000002e-11 3.022286475e-12 -3.022286475e-12
6195.609 43.445 -51.833 8.89428579e-12 2.0160772450000002e-12 -2.0160772450000002e-12
6286.509 42.809 -47.455 9.3391948e-12 2.138902337e-12 -2.138902337e-12
6421.402 50.313 -92.084 7.134985130000001e-12 1.721184075e-12 -1.721184075e-12
6554.219 62.045 -82.504 9.58067461e-12 2.1843892720000002e-12 -2.1843892720000002e-12
6701.482 72.732 -85.218 1.1100625510000001e-11 2.5600275480000002e-12 -2.5600275480000002e-12
6848.605 115.106 -74.391 1.063317567e-11 2.478121282e-12 -2.478121282e-12
7126.268 154.784 -162.557 6.437602990000001e-12 1.6057485600000002e-12 -1.6057485600000002e-12
7404.744 145.601 -123.691 8.506522440000001e-12 1.960032048e-12 -1.960032048e-12
11692.953 86.101 -74.367 5.23623217e-12 1.178777587e-12 -1.178777587e-12
11850.906 93.632 -71.852 5.005478010000001e-12 1.1345042150000002e-12 -1.1345042150000002e-12
12031.064 83.971 -86.527 4.8799784800000005e-12 1.101060545e-12 -1.101060545e-12
12188.541 64.396 -73.506 6.019822900000001e-12 1.361317971e-12 -1.361317971e-12
12439.522 124.324 -186.584 5.185853660000001e-12 1.192530547e-12 -1.192530547e-12
12674.081 92.858 -110.235 4.238867360000001e-12 9.48254151e-13 -9.48254151e-13
12827.189 67.623 -60.251 6.49041692e-12 1.4677375310000002e-12 -1.4677375310000002e-12
12983.473 66.792 -88.662 5.27305753e-12 1.2074838750000002e-12 -1.2074838750000002e-12
13182.399 123.607 -132.134 4.1829431800000004e-12 8.376581850000001e-13 -8.376581850000001e-13
16616.434 108.867 -104.254 3.0047073420000004e-12 7.80701402e-13 -7.80701402e-13
17702.099 107.181 -73.346 3.6348345670000002e-12 9.5152538e-13 -9.5152538e-13
17966.923 153.265 -157.643 2.21878072e-12 5.69294505e-13 -5.69294505e-13
18206.457 91.752 -86.268 3.6580302460000006e-12 9.575977190000002e-13 -9.575977190000002e-13
18446.931 109.532 -148.723 2.503022886e-12 6.61794848e-13 -6.61794848e-13
18755.364 287.51 -198.902 2.659834905e-12 4.952950600000001e-13 -4.952950600000001e-13
22366.715 107.897 -112.747 3.890357250000001e-12 8.76991726e-13 -8.76991726e-13
22671.2 174.49 -196.588 2.2940898630000003e-12 5.206166420000001e-13 -5.206166420000001e-13
23981.125 174.957 -223.707 1.725580649e-12 4.49724431e-13 -4.49724431e-13
24336.18 150.869 -180.098 2.065739832e-12 5.39710184e-13 -5.39710184e-13
24651.67 128.727 -164.621 2.9725130500000004e-12 6.877871130000001e-13 -6.877871130000001e-13
29687.877 201.424 -254.909 1.4946025510000001e-12 3.90394433e-13 -3.90394433e-13
30240.441 275.68 -351.141 1.7415081450000002e-12 3.5987006250000005e-13 -3.5987006250000005e-13
34226.945 230.723 -228.117 1.443020657e-12 3.759870387e-13 -3.759870387e-13
34675.089 138.619 -217.421 1.840481955e-12 4.817460570000001e-13 -4.817460570000001e-13
35068.572 214.005 -254.864 1.403258467e-12 3.6583548430000006e-13 -3.6583548430000006e-13
35424.595 183.934 -142.018 2.022164664e-12 5.26285968e-13 -5.26285968e-13
35977.094 275.798 -368.565 1.4891594250000002e-12 3.2246121960000004e-13 -3.2246121960000004e-13
40918.839 263.194 -218.212 1.4224541760000002e-12 3.7058327150000006e-13 -3.7058327150000006e-13
41475.697 210.299 -293.664 1.356456933e-12 3.551884011e-13 -3.551884011e-13
46991.073 514.508 -410.685 1.0012769390000002e-12 2.234548745e-13 -2.234548745e-13
57122.833 70724.024 -5564.253 4.67504882e-13 1.196505258e-13 -1.196505258e-13
451749.745 180455.713 -67514.139 3.641066e-14 0.0 0.0
