! WT data
88.853	1.855	-1.769	8.995784e+00	1.642400e+00	-1.642401e+00
92.662	1.692	-1.954	8.942781e+00	1.632723e+00	-1.632724e+00
97.148	2.371	-2.794	6.311744e+00	1.152363e+00	-1.152364e+00
103.088	2.686	-3.569	4.340211e+00	1.006665e+00	-1.006665e+00
109.117	3.640	-3.343	4.331089e+00	8.732969e-01	-8.732972e-01
115.109	3.158	-2.352	5.627680e+00	1.097263e+00	-1.097264e+00
122.202	3.493	-3.934	4.383509e+00	8.003169e-01	-8.003172e-01
129.873	4.154	-4.178	3.628168e+00	7.315638e-01	-7.315641e-01
136.989	2.962	-2.962	5.364780e+00	1.011960e+00	-1.011961e+00
145.519	3.888	-5.568	3.443697e+00	6.287313e-01	-6.287316e-01
! PC data
169.097	14.365	-13.216	1.491060e+00	3.349553e-01	-3.349553e-01
194.122	9.398	-10.661	2.593860e+00	5.408572e-01	-5.408572e-01
221.703	14.412	-18.183	1.384130e+00	2.959243e-01	-2.959243e-01
245.330	10.844	-9.215	2.020636e+00	4.532211e-01	-4.532211e-01
277.552	18.739	-21.378	1.052600e+00	2.357307e-01	-2.357307e-01
317.432	18.976	-21.141	1.100799e+00	2.461461e-01	-2.461461e-01
357.929	21.104	-21.521	9.855922e-01	2.217482e-01	-2.217482e-01
406.166	28.028	-27.134	7.561690e-01	1.701303e-01	-1.701303e-01
466.784	37.615	-32.590	6.066883e-01	1.364987e-01	-1.364987e-01
544.292	50.371	-39.893	4.522548e-01	1.022268e-01	-1.022268e-01
643.101	51.854	-48.439	4.026381e-01	9.115311e-02	-9.115311e-02
748.511	34.201	-53.555	4.712793e-01	1.066928e-01	-1.066928e-01
842.663	62.901	-59.951	3.533164e-01	7.978224e-02	-7.978224e-02
4736.577	243.275	-255.678	4.118845e-02	1.041685e-02	-1.041685e-02
10929.070	291.348	-516.003	2.225861e-02	6.687665e-03	-5.588234e-03
