col1 col2 col3 col4 col5 col6
98.984 2.65 -2.434 2.1334950000000001e-10 4.024415500000001e-11 -4.024415500000001e-11
105.748 2.829 -4.113 1.5627199000000002e-10 2.9477616000000005e-11 -2.94776195e-11
110.816 2.918 -2.24 2.1033848500000002e-10 3.9676209999999995e-11 -3.9676209999999995e-11
116.456 2.74 -2.722 2.00434395e-10 3.780798e-11 -3.780798e-11
121.784 2.662 -2.588 2.1695488500000003e-10 3.9610410000000003e-11 -3.9610410000000003e-11
128.629 3.5 -4.183 1.49682855e-10 2.7746162500000002e-11 -2.7746169500000003e-11
134.944 2.013 -2.816 2.1903357000000002e-10 4.4164680000000006e-11 -4.4164715e-11
140.227 4.084 -3.271 1.51180365e-10 2.8517181e-11 -2.8517188e-11
146.747 1.913 -2.435 2.6196345e-10 4.7827815000000003e-11 -4.7827815000000003e-11
150.446 1.962 -1.786 4.3361535000000007e-10 6.7520775e-11 -6.752081e-11
154.083 1.681 -1.675 3.3429823e-10 6.196764e-11 -6.196764e-11
157.449 1.236 -1.685 5.705693e-10 8.505556500000001e-11 -8.50556e-11
160.527 1.614 -1.841 4.7469765e-10 7.231654500000002e-11 -7.231658e-11
163.749 1.468 -1.608 5.417496e-10 8.075938500000001e-11 -8.075938500000001e-11
166.547 1.251 -1.33 6.4554525e-10 9.623236e-11 -9.6232395e-11
169.082 1.069 -1.284 7.0800205e-10 1.0554285000000001e-10 -1.0554288500000001e-10
171.384 1.134 -1.232 7.043141e-10 1.0499307e-10 -1.04993105e-10
173.799 1.16 -1.281 6.719254500000001e-10 1.02362715e-10 -1.0236275000000001e-10
176.04 0.975 -1.081 7.9747675e-10 1.2148948000000002e-10 -1.21489515e-10
177.979 0.892 -0.963 8.838676e-10 1.34650495e-10 -1.3465053e-10
179.663 0.887 -0.792 9.9235255e-10 1.4793138500000002e-10 -1.4793142000000002e-10
181.617 0.99 -1.067 8.103515e-10 1.2080026e-10 -1.20800295e-10
183.489 1.251 -0.882 7.812343e-10 1.16459735e-10 -1.16459735e-10
185.794 0.751 -1.053 9.237672500000001e-10 1.3770729e-10 -1.37707325e-10
187.531 1.031 -0.987 8.128785000000001e-10 1.2383581e-10 -1.23835845e-10
189.841 1.338 -1.279 6.2665015e-10 9.546537e-11 -9.546537e-11
192.413 1.552 -1.234 5.790988e-10 9.0174875e-11 -9.017491000000001e-11
194.991 1.191 -1.026 7.517275500000001e-10 1.1206111e-10 -1.1206114500000001e-10
197.668 1.594 -1.486 5.411084e-10 8.0663765e-11 -8.066379999999999e-11
200.552 1.549 -1.29 5.999126000000001e-10 8.845242e-11 -8.8452455e-11
203.708 1.214 -1.607 5.9059105e-10 8.804022500000001e-11 -8.804026e-11
206.19 1.694 -1.267 5.629144499999999e-10 8.391446e-11 -8.3914495e-11
209.349 1.924 -1.465 3.2779757500000005e-10 5.9847445e-11 -5.9847445e-11
212.87 1.603 -1.598 3.3882513000000003e-10 6.391266e-11 -6.391266e-11
216.871 1.984 -2.398 2.5351046e-10 4.6284525e-11 -4.6284525e-11
221.853 3.304 -2.997 1.7628646e-10 3.2185384000000005e-11 -3.2185391e-11
228.789 4.137 -3.632 1.3616505e-10 2.65489105e-11 -2.6548914e-11
235.057 2.44 -2.131 2.4306387e-10 4.4377235000000006e-11 -4.4377235000000006e-11
240.41 3.022 -2.913 1.87174855e-10 3.4173328000000005e-11 -3.4173331500000004e-11
272.16 14.394 -28.728 1.74376475e-10 3.2892671000000006e-11 -3.2892678000000004e-11
287.435 0.816 -0.882 9.662093000000001e-10 1.471946e-10 -1.4719463500000003e-10
289.133 0.726 -0.882 1.0196473e-09 1.5533549500000002e-10 -1.5533553e-10
290.574 0.895 -0.715 1.0349783500000002e-09 1.5428567e-10 -1.5428570500000001e-10
292.323 0.881 -0.854 9.606726500000002e-10 1.4320883500000002e-10 -1.4320887e-10
294.309 0.962 -1.105 7.932743e-10 1.2084926000000001e-10 -1.2084929500000001e-10
296.071 0.837 -0.8 1.01812655e-09 1.5177358e-10 -1.5177361499999998e-10
297.877 1.144 -0.969 7.131754e-10 1.2148668e-10 -1.21486715e-10
300.376 1.187 -1.355 6.450461500000001e-10 9.826785500000001e-11 -9.826789e-11
302.52 1.355 -0.956 7.096099500000001e-10 1.08103625e-10 -1.0810366e-10
305.26 1.265 -1.385 6.2868015e-10 9.371824e-11 -9.3718275e-11
307.856 1.075 -1.33 6.928491500000001e-10 1.0328398500000001e-10 -1.0328402000000001e-10
310.446 1.531 -1.514 5.3845715e-10 8.2029815e-11 -8.202985000000002e-11
313.352 1.116 -1.375 6.5844765e-10 1.0030944000000001e-10 -1.00309475e-10
316.442 1.788 -1.974 4.4289035e-10 6.602225e-11 -6.6022285e-11
320.064 1.905 -1.833 4.387439e-10 6.683929e-11 -6.683929e-11
323.724 1.579 -1.755 3.33231885e-10 6.083959e-11 -6.083959e-11
327.415 2.026 -2.112 3.963225e-10 6.037668e-11 -6.0376715e-11
331.225 1.369 -1.784 5.319748000000001e-10 8.0118605e-11 -8.0118605e-11
334.432 1.736 -1.838 3.41936875e-10 5.9523625e-11 -5.952366000000001e-11
338.425 1.765 -2.258 2.76202605e-10 5.042751e-11 -5.042751e-11
342.955 2.756 -2.764 2.0125231000000003e-10 3.6743525e-11 -3.6743525e-11
348.031 2.286 -2.32 3.39966515e-10 5.3035815000000006e-11 -5.3035815000000006e-11
261.242 7.079 -10.472 1.7257961e-10 3.6123465000000004e-11 -3.6123465000000004e-11
274.576 3.774 -6.255 4.3454705e-10 7.584703e-11 -7.584703e-11
281.106 2.259 -2.755 9.172821e-10 1.55701e-10 -1.55701e-10
362.977 6.411 -6.125 2.07203465e-10 4.6605334999999997e-11 -4.6605334999999997e-11
377.861 11.586 -8.473 1.2872013e-10 2.8995169e-11 -2.8995169e-11
398.094 6.396 -8.648 2.0705769e-10 4.2368970000000005e-11 -4.2368970000000005e-11
423.291 13.795 -18.801 8.436424500000001e-11 1.85131485e-11 -1.85131485e-11
457.389 14.799 -20.303 8.3285895e-11 1.78756935e-11 -1.78756935e-11
487.308 12.46 -15.12 1.1008014500000001e-10 2.3100497000000002e-11 -2.3100497000000002e-11
516.365 15.999 -16.596 8.0963925e-11 1.8130654500000003e-11 -1.8130654500000003e-11
558.109 24.4 -25.746 5.2919195e-11 1.19380695e-11 -1.19380695e-11
603.196 19.431 -20.686 6.948389000000001e-11 1.52263895e-11 -1.52263895e-11
637.1 15.614 -14.473 8.7944185e-11 1.97517635e-11 -1.97517635e-11
700.44 37.523 -47.726 3.06174575e-11 6.907005e-12 -6.907005e-12
784.492 38.72 -46.529 3.08255675e-11 6.964251000000001e-12 -6.964251000000001e-12
885.798 80.33 -62.587 1.7998963500000002e-11 4.127501e-12 -4.127501e-12
1114.711 127.217 -148.583 1.50600345e-11 2.7068874e-12 -2.7068874e-12
4514.765 62.515 -57.837 6.4240050000000006e-12 1.44410665e-12 -1.44410665e-12
4654.559 73.161 -77.279 5.1304855e-12 1.1595031e-12 -1.1595031e-12
4835.585 107.764 -107.866 3.5644105e-12 8.090334e-13 -8.090334e-13
5050.956 80.442 -107.607 6.218744e-12 1.40512575e-12 -1.40512575e-12
5217.298 97.134 -85.9 3.10409575e-12 8.223950000000001e-13 -8.223950000000001e-13
5379.924 49.845 -65.492 7.0593075e-12 1.5593599e-12 -1.5593599e-12
5497.496 65.161 -67.727 6.090535500000001e-12 1.3536628000000001e-12 -1.3536628000000001e-12
5635.658 54.872 -73.001 6.0585980000000005e-12 1.36779405e-12 -1.36779405e-12
5761.516 54.38 -70.986 6.2075405e-12 1.4029211e-12 -1.4029211e-12
5869.456 69.298 -53.561 6.280946e-12 1.4164759e-12 -1.4164759e-12
5991.272 65.326 -52.518 6.592873e-12 1.4900074000000001e-12 -1.4900074000000001e-12
6149.309 105.365 -92.712 3.8972675e-12 8.807932000000001e-13 -8.807932000000001e-13
6316.523 58.503 -61.848 6.428191000000001e-12 1.4496825e-12 -1.4496825e-12
6449.579 63.348 -74.554 5.863431e-12 1.2912389e-12 -1.2912389e-12
6595.512 112.986 -82.584 3.9251275000000004e-12 8.909075000000001e-13 -8.909075000000001e-13
6842.357 146.949 -133.86 4.374559e-12 7.8265425e-13 -7.8265425e-13
29042.647 134.642 -223.903 1.7440521000000002e-12 4.543728e-13 -4.543728e-13
29507.644 487.024 -330.355 1.106343e-12 2.40616005e-13 -2.40616005e-13
35998.18 5498.48 -1303.335 5.892530000000001e-13 1.5636858999999998e-13 -1.5636858999999998e-13
48754.71 4242.594 -4088.013 8.168814500000001e-13 1.5839243000000002e-13 -1.5839243000000002e-13
58964.569 4458.295 -2694.472 6.44182e-13 1.20546125e-13 -1.20546125e-13
151538.724 26246.572 -14706.198 2.7956173e-13 7.268152500000001e-14 -7.268152500000001e-14
224797.36 39086.538 -35086.474 8.121092000000001e-14 3.0830926000000003e-14 -2.51691265e-14
