! WT data
369.150	0.242	-0.336	1.248302e+02	1.545952e+01	-1.545951e+01
369.737	0.316	-0.345	1.104721e+02	1.349633e+01	-1.349633e+01
370.353	0.305	-0.300	1.181014e+02	1.482789e+01	-1.482789e+01
370.898	0.276	-0.240	1.504438e+02	1.795601e+01	-1.795600e+01
371.462	0.287	-0.288	1.268915e+02	1.550229e+01	-1.550228e+01
372.016	0.295	-0.268	1.297009e+02	1.584552e+01	-1.584551e+01
372.615	0.249	-0.304	1.317852e+02	1.610015e+01	-1.610014e+01
373.134	0.255	-0.270	1.471948e+02	1.746884e+01	-1.746884e+01
373.682	0.276	-0.294	1.267807e+02	1.570107e+01	-1.570107e+01
374.220	0.256	-0.262	1.408424e+02	1.720666e+01	-1.720665e+01
374.786	0.298	-0.310	1.186250e+02	1.469104e+01	-1.469104e+01
375.313	0.273	-0.229	1.475068e+02	1.788785e+01	-1.788785e+01
375.877	0.245	-0.290	1.347835e+02	1.669217e+01	-1.669217e+01
376.348	0.277	-0.227	1.520041e+02	1.827283e+01	-1.827282e+01
376.870	0.326	-0.245	1.263881e+02	1.565246e+01	-1.565245e+01
377.467	0.235	-0.271	1.637002e+02	1.877773e+01	-1.877773e+01
377.958	0.247	-0.257	1.837319e+02	1.992857e+01	-1.992856e+01
378.448	0.282	-0.243	1.389326e+02	1.697335e+01	-1.697334e+01
379.074	0.302	-0.344	1.106068e+02	1.388694e+01	-1.388694e+01
379.610	0.283	-0.235	1.426985e+02	1.730476e+01	-1.730475e+01
380.154	0.263	-0.260	1.391651e+02	1.700175e+01	-1.700174e+01
380.681	0.240	-0.265	1.583473e+02	1.873570e+01	-1.873570e+01
381.196	0.304	-0.275	1.277721e+02	1.549467e+01	-1.549466e+01
381.798	0.292	-0.298	1.207434e+02	1.515961e+01	-1.515960e+01
382.314	0.291	-0.223	1.415790e+02	1.729665e+01	-1.729665e+01
382.863	0.245	-0.258	1.474250e+02	1.798409e+01	-1.798408e+01
383.417	0.346	-0.308	1.100541e+02	1.362958e+01	-1.362957e+01
384.049	0.226	-0.286	1.406248e+02	1.741559e+01	-1.741559e+01
384.634	0.289	-0.358	1.112635e+02	1.377935e+01	-1.377935e+01
385.181	0.251	-0.258	1.451932e+02	1.760729e+01	-1.760729e+01
385.711	0.242	-0.279	1.396400e+02	1.705977e+01	-1.705977e+01
386.257	0.289	-0.304	1.228667e+02	1.501058e+01	-1.501057e+01
386.889	0.249	-0.343	1.228672e+02	1.501064e+01	-1.501063e+01
387.435	0.283	-0.297	1.255072e+02	1.533317e+01	-1.533317e+01
388.059	0.336	-0.342	1.052115e+02	1.320955e+01	-1.320955e+01
388.723	0.258	-0.327	1.231000e+02	1.524524e+01	-1.524523e+01
389.246	0.249	-0.265	1.479121e+02	1.767890e+01	-1.767890e+01
389.771	0.230	-0.275	1.469059e+02	1.792076e+01	-1.792076e+01
390.309	0.305	-0.309	9.900234e+01	1.322976e+01	-1.322976e+01
390.906	0.333	-0.292	1.164225e+02	1.422329e+01	-1.422329e+01
391.562	0.296	-0.323	1.174241e+02	1.434566e+01	-1.434565e+01
392.119	0.283	-0.262	1.335445e+02	1.631509e+01	-1.631508e+01
392.683	0.232	-0.280	9.809501e+01	1.458943e+01	-1.458943e+01
393.190	0.234	-0.275	1.414316e+02	1.751551e+01	-1.751551e+01
393.730	0.262	-0.307	1.270187e+02	1.582340e+01	-1.582339e+01
394.296	0.271	-0.304	1.265143e+02	1.545620e+01	-1.545620e+01
394.873	0.325	-0.305	1.130941e+02	1.419922e+01	-1.419922e+01
395.462	0.320	-0.265	1.242052e+02	1.517411e+01	-1.517410e+01
396.121	0.359	-0.338	1.031872e+02	1.277916e+01	-1.277915e+01
396.850	0.290	-0.370	1.090282e+02	1.350252e+01	-1.350252e+01
397.497	0.360	-0.357	1.013983e+02	1.238780e+01	-1.238779e+01
398.187	0.264	-0.330	1.211061e+02	1.499831e+01	-1.499831e+01
398.746	0.266	-0.295	8.712991e+01	1.298857e+01	-1.298857e+01
399.336	0.225	-0.324	1.322471e+02	1.615658e+01	-1.615657e+01
399.922	0.296	-0.360	1.096210e+02	1.357594e+01	-1.357594e+01
400.538	0.315	-0.320	1.141623e+02	1.413836e+01	-1.413836e+01
401.204	0.398	-0.351	9.681564e+01	1.200852e+01	-1.200852e+01
401.919	0.290	-0.316	1.232066e+02	1.505211e+01	-1.505210e+01
402.464	0.269	-0.255	1.395320e+02	1.751856e+01	-1.751856e+01
403.079	0.318	-0.346	1.114951e+02	1.380804e+01	-1.380804e+01
403.664	0.260	-0.267	9.601103e+01	1.443999e+01	-1.443998e+01
404.245	0.373	-0.321	1.055435e+02	1.325122e+01	-1.325122e+01
404.978	0.339	-0.360	1.047382e+02	1.315012e+01	-1.315012e+01
405.582	0.277	-0.265	9.868788e+01	1.424439e+01	-1.424438e+01
406.149	0.219	-0.290	9.866545e+01	1.470819e+01	-1.470819e+01
406.705	0.340	-0.337	1.105619e+02	1.350731e+01	-1.350730e+01
407.393	0.320	-0.349	1.106070e+02	1.369805e+01	-1.369805e+01
407.998	0.315	-0.284	9.862063e+01	1.354660e+01	-1.354660e+01
408.662	0.365	-0.349	1.063356e+02	1.289511e+01	-1.289511e+01
409.294	0.247	-0.267	9.833655e+01	1.478974e+01	-1.478974e+01
409.778	0.292	-0.238	9.183377e+01	1.425967e+01	-1.425966e+01
410.307	0.269	-0.237	9.785987e+01	1.488728e+01	-1.488728e+01
410.892	0.278	-0.316	8.448513e+01	1.259431e+01	-1.259431e+01
411.497	0.349	-0.327	1.105566e+02	1.350666e+01	-1.350666e+01
412.183	0.296	-0.337	7.925961e+01	1.181534e+01	-1.181534e+01
412.854	0.316	-0.374	7.272125e+01	1.084066e+01	-1.084065e+01
413.511	0.267	-0.341	8.250236e+01	1.229874e+01	-1.229874e+01
414.054	0.253	-0.276	9.711403e+01	1.431870e+01	-1.431870e+01
414.689	0.440	-0.382	6.107319e+01	9.104264e+00	-9.104262e+00
415.433	0.301	-0.304	8.298767e+01	1.237109e+01	-1.237108e+01
416.002	0.253	-0.268	9.629981e+01	1.435554e+01	-1.435554e+01
416.607	0.404	-0.352	6.639190e+01	9.897132e+00	-9.897130e+00
417.331	0.342	-0.320	7.584905e+01	1.130692e+01	-1.130692e+01
418.039	0.317	-0.367	7.511242e+01	1.107473e+01	-1.107473e+01
418.707	0.317	-0.351	7.524350e+01	1.121665e+01	-1.121665e+01
419.274	0.318	-0.251	9.993112e+01	1.399317e+01	-1.399317e+01
420.055	0.330	-0.462	6.481536e+01	9.556515e+00	-9.556512e+00
420.711	0.319	-0.327	7.655662e+01	1.164645e+01	-1.164645e+01
421.433	0.387	-0.403	6.354920e+01	9.473367e+00	-9.473365e+00
422.195	0.339	-0.374	6.694462e+01	1.039496e+01	-1.039495e+01
422.838	0.288	-0.304	8.107669e+01	1.233408e+01	-1.233408e+01
423.521	0.384	-0.395	6.258639e+01	9.329838e+00	-9.329836e+00
424.307	0.479	-0.401	5.537887e+01	8.255405e+00	-8.255403e+00
425.121	0.361	-0.335	7.010832e+01	1.045114e+01	-1.045114e+01
425.884	0.400	-0.403	6.078235e+01	9.060908e+00	-9.060905e+00
426.644	0.266	-0.361	7.787622e+01	1.160911e+01	-1.160911e+01
427.183	0.286	-0.272	8.730025e+01	1.301397e+01	-1.301397e+01
427.938	0.291	-0.469	6.226011e+01	9.667560e+00	-9.667558e+00
428.720	0.424	-0.492	5.322776e+01	7.934735e+00	-7.934733e+00
429.503	0.441	-0.358	6.105228e+01	9.101147e+00	-9.101145e+00
430.422	0.342	-0.478	5.946375e+01	8.864343e+00	-8.864341e+00
431.303	0.473	-0.539	4.817627e+01	7.181703e+00	-7.181701e+00
432.187	0.405	-0.411	5.882068e+01	8.948307e+00	-8.948305e+00
433.258	0.560	-0.666	3.978957e+01	5.931485e+00	-5.931484e+00
434.342	0.670	-0.524	4.085811e+01	6.090774e+00	-6.090773e+00
435.533	0.451	-0.520	5.021215e+01	7.485194e+00	-7.485192e+00
436.517	0.495	-0.533	4.671558e+01	7.106774e+00	-7.106773e+00
437.542	0.490	-0.530	4.712326e+01	7.168794e+00	-7.168792e+00
438.635	0.496	-0.604	4.436125e+01	6.612993e+00	-6.612991e+00
439.603	0.565	-0.472	4.702453e+01	7.010010e+00	-7.010009e+00
440.648	0.435	-0.480	5.333711e+01	7.951035e+00	-7.951033e+00
441.630	0.492	-0.547	4.623622e+01	7.033850e+00	-7.033848e+00
442.639	0.434	-0.518	5.047063e+01	7.678026e+00	-7.678024e+00
443.589	0.504	-0.515	4.788154e+01	7.137767e+00	-7.137765e+00
444.959	0.511	-0.866	3.545716e+01	5.285647e+00	-5.285646e+00
446.032	0.427	-0.562	4.935942e+01	7.358076e+00	-7.358074e+00
447.284	0.610	-0.824	3.353567e+01	5.101734e+00	-5.101733e+00
448.692	0.603	-0.798	3.482767e+01	5.191808e+00	-5.191807e+00
450.046	0.783	-0.751	3.135701e+01	4.770297e+00	-4.770296e+00
451.494	0.653	-0.666	3.535970e+01	5.605250e+00	-5.605248e+00
453.013	0.728	-0.866	3.016769e+01	4.589367e+00	-4.589366e+00
454.637	0.715	-0.896	3.060716e+01	4.656223e+00	-4.656222e+00
455.971	0.492	-0.620	4.519879e+01	6.737845e+00	-6.737844e+00
457.110	0.686	-0.646	3.771595e+01	5.622368e+00	-5.622367e+00
458.457	0.634	-0.661	3.821839e+01	5.814109e+00	-5.814108e+00
459.859	0.803	-0.768	3.151032e+01	4.793620e+00	-4.793619e+00
461.670	0.825	-1.008	2.742652e+01	4.088509e+00	-4.088508e+00
463.017	0.550	-0.523	4.614094e+01	7.019355e+00	-7.019353e+00
464.504	0.906	-0.937	2.695865e+01	4.018763e+00	-4.018762e+00
466.439	0.744	-1.028	2.755879e+01	4.108226e+00	-4.108225e+00
467.956	0.650	-0.774	3.431061e+01	5.114729e+00	-5.114728e+00
469.616	0.927	-1.011	2.444481e+01	3.795716e+00	-3.795715e+00
471.844	0.793	-1.301	2.348728e+01	3.532470e+00	-3.532469e+00
473.508	0.954	-0.871	2.675290e+01	3.988091e+00	-3.988090e+00
475.169	0.867	-0.706	3.058202e+01	4.652400e+00	-4.652399e+00
477.018	1.280	-0.983	2.157965e+01	3.216908e+00	-3.216907e+00
479.104	0.977	-0.806	2.739483e+01	4.083784e+00	-4.083783e+00
481.370	1.045	-1.289	2.060594e+01	3.134752e+00	-3.134752e+00
483.567	1.010	-1.152	2.259212e+01	3.367839e+00	-3.367838e+00
485.937	1.190	-1.360	1.886622e+01	2.870091e+00	-2.870090e+00
487.934	0.855	-0.808	2.935825e+01	4.376475e+00	-4.376474e+00
489.809	0.943	-1.019	2.488674e+01	3.709900e+00	-3.709900e+00
492.313	1.449	-1.561	1.622339e+01	2.418444e+00	-2.418443e+00
494.867	0.826	-1.104	2.491765e+01	3.790686e+00	-3.790685e+00
497.530	1.528	-1.838	1.452127e+01	2.164705e+00	-2.164705e+00
500.735	1.388	-1.676	1.595813e+01	2.378901e+00	-2.378900e+00
503.774	1.362	-1.652	1.622204e+01	2.418242e+00	-2.418242e+00
506.846	1.372	-1.710	1.586023e+01	2.364306e+00	-2.364305e+00
509.620	1.316	-1.402	1.796436e+01	2.677972e+00	-2.677971e+00
512.585	1.769	-1.649	1.407351e+01	2.140983e+00	-2.140983e+00
516.010	2.006	-1.656	1.293548e+01	2.008582e+00	-2.008581e+00
519.594	1.574	-1.578	1.525688e+01	2.321007e+00	-2.321007e+00
522.548	1.202	-1.379	1.891751e+01	2.820059e+00	-2.820059e+00
525.288	1.260	-1.539	1.718707e+01	2.614645e+00	-2.614645e+00
528.212	1.347	-1.664	1.622298e+01	2.418382e+00	-2.418381e+00
530.942	1.040	-1.383	1.999278e+01	3.067744e+00	-3.067743e+00
532.730	1.198	-0.748	2.509027e+01	3.740241e+00	-3.740240e+00
534.931	0.892	-1.003	2.634640e+01	3.884569e+00	-3.884568e+00
536.523	0.736	-0.700	3.401309e+01	5.070378e+00	-5.070377e+00
538.121	0.607	-0.862	3.323069e+01	4.953744e+00	-4.953743e+00
539.460	0.693	-0.732	3.325433e+01	5.163631e+00	-5.163630e+00
540.780	0.501	-0.627	4.334440e+01	6.461409e+00	-6.461408e+00
541.855	0.525	-0.574	4.446620e+01	6.628637e+00	-6.628635e+00
543.082	0.743	-0.701	3.231050e+01	5.121888e+00	-5.121887e+00
544.313	0.447	-0.488	5.234409e+01	7.803005e+00	-7.803003e+00
545.409	0.468	-0.649	4.375814e+01	6.523085e+00	-6.523084e+00
546.499	0.611	-0.622	3.905622e+01	5.941567e+00	-5.941566e+00
547.711	0.769	-0.601	3.514995e+01	5.347312e+00	-5.347311e+00
549.070	0.578	-0.591	4.182665e+01	6.235156e+00	-6.235155e+00
550.327	0.501	-0.679	4.082257e+01	6.210279e+00	-6.210278e+00
551.268	0.516	-0.440	5.117311e+01	7.628445e+00	-7.628443e+00
552.254	0.440	-0.471	5.367209e+01	8.000971e+00	-8.000970e+00
553.374	0.618	-0.679	3.769613e+01	5.619414e+00	-5.619413e+00
554.465	0.451	-0.474	5.125186e+01	7.958232e+00	-7.958231e+00
555.358	0.446	-0.442	5.507006e+01	8.209368e+00	-8.209367e+00
556.294	0.492	-0.490	4.903136e+01	7.459070e+00	-7.459069e+00
557.342	0.272	-0.556	5.820496e+01	8.854638e+00	-8.854636e+00
558.099	0.406	-0.486	5.485027e+01	8.176604e+00	-8.176602e+00
558.882	0.389	-0.377	6.375927e+01	9.504682e+00	-9.504680e+00
559.796	0.395	-0.524	5.315340e+01	7.923650e+00	-7.923649e+00
560.587	0.284	-0.396	7.192077e+01	1.072133e+01	-1.072132e+01
561.297	0.476	-0.426	5.331540e+01	8.110796e+00	-8.110794e+00
562.266	0.541	-0.493	4.652476e+01	7.077745e+00	-7.077744e+00
563.253	0.500	-0.447	5.158902e+01	7.690446e+00	-7.690444e+00
564.277	0.423	-0.523	5.081088e+01	7.729787e+00	-7.729786e+00
565.150	0.451	-0.451	5.413276e+01	8.069644e+00	-8.069642e+00
566.197	0.633	-0.595	3.977538e+01	5.929370e+00	-5.929368e+00
567.234	0.439	-0.404	5.790085e+01	8.631359e+00	-8.631357e+00
568.120	0.446	-0.447	5.467132e+01	8.149928e+00	-8.149926e+00
569.007	0.436	-0.441	5.482937e+01	8.341114e+00	-8.341112e+00
569.857	0.451	-0.414	5.561915e+01	8.461262e+00	-8.461261e+00
570.770	0.511	-0.462	5.017369e+01	7.479460e+00	-7.479458e+00
571.623	0.357	-0.342	6.884185e+01	1.047281e+01	-1.047281e+01
! PC data
5557.542	19.732	-25.399	1.001753e+00	2.138653e-01	-2.138653e-01
5590.432	14.423	-13.158	1.469241e+00	3.290246e-01	-3.290246e-01
5620.908	11.527	-16.054	1.563755e+00	3.422147e-01	-3.422147e-01
5653.108	19.443	-20.674	1.026347e+00	2.298421e-01	-2.298421e-01
5694.607	15.554	-22.055	1.629834e+00	2.987577e-01	-2.987577e-01
5875.587	18.815	-16.287	1.208030e+00	2.709457e-01	-2.709457e-01
5913.452	16.053	-19.049	1.187017e+00	2.670452e-01	-2.670452e-01
5938.756	8.300	-9.251	2.514442e+00	5.486962e-01	-5.486962e-01
5960.365	11.765	-13.308	1.748954e+00	3.816530e-01	-3.816530e-01
5996.943	15.303	-24.814	1.070550e+00	2.408434e-01	-2.408434e-01
6027.159	12.668	-14.912	1.526355e+00	3.433865e-01	-3.433865e-01
6053.987	15.927	-14.160	1.400508e+00	3.145946e-01	-3.145946e-01
6091.846	15.678	-21.932	1.127316e+00	2.536142e-01	-2.536142e-01
6124.817	15.302	-17.293	1.289525e+00	2.887845e-01	-2.887845e-01
6160.290	19.946	-20.171	1.093870e+00	2.449683e-01	-2.449683e-01
6191.515	13.794	-11.279	1.704742e+00	3.829344e-01	-3.829344e-01
6220.591	29.850	-15.282	9.077807e-01	2.057947e-01	-2.057947e-01
6275.915	29.684	-25.474	9.022221e-01	1.855726e-01	-1.855726e-01
9560.367	41.029	-49.234	4.835519e-01	1.084707e-01	-1.084707e-01
9645.129	26.472	-43.732	6.546885e-01	1.470166e-01	-1.470166e-01
9708.938	30.361	-37.337	6.624888e-01	1.487682e-01	-1.487682e-01
9798.102	43.995	-58.803	7.987636e-01	1.317692e-01	-1.317692e-01
11676.635	46.421	-46.350	5.184224e-01	1.135409e-01	-1.135409e-01
11759.018	29.227	-35.963	6.808959e-01	1.529813e-01	-1.529813e-01
11852.760	55.837	-64.514	3.685858e-01	8.289189e-02	-8.289189e-02
11999.173	77.797	-90.576	4.037653e-01	7.694394e-02	-7.694394e-02
15409.888	47.909	-32.326	3.099346e-01	6.937463e-02	-6.937463e-02
15482.735	35.237	-24.939	4.100737e-01	9.197822e-02	-9.197822e-02
15552.309	38.376	-34.337	3.361670e-01	7.547880e-02	-7.547880e-02
15630.127	35.778	-39.442	3.446030e-01	7.556751e-02	-7.556751e-02
15705.253	35.871	-39.349	3.268625e-01	7.338970e-02	-7.338970e-02
15776.868	34.461	-35.744	3.664550e-01	8.012353e-02	-8.012353e-02
15837.269	36.743	-25.940	3.902170e-01	8.761452e-02	-8.761452e-02
15956.873	65.066	-82.861	3.060386e-01	5.048032e-02	-5.048032e-02
17726.130	99.718	-113.403	1.593770e-01	3.357019e-02	-3.357019e-02
21162.183	118.353	-124.856	7.756761e-02	2.035769e-02	-2.035769e-02
21416.472	74.678	-135.936	9.571230e-02	2.424104e-02	-2.424104e-02
21599.971	134.390	-108.820	9.368676e-02	2.233854e-02	-2.233854e-02
21914.766	228.279	-180.406	7.162655e-02	1.511080e-02	-1.511080e-02
27180.208	408.322	-331.336	3.119114e-02	8.160719e-03	-8.160719e-03
27958.772	364.393	-370.241	4.418447e-02	9.508261e-03	-9.508261e-03
56278.995	312.867	-379.152	4.652920e-02	1.218182e-02	-1.218182e-02
57157.914	950.861	-566.052	3.161238e-02	7.051223e-03	-7.051223e-03
61995.818	525.161	-605.631	3.264100e-02	7.873010e-03	-7.873010e-03
67344.024	236.775	-202.005	4.447196e-02	1.158440e-02	-1.158440e-02
67760.218	296.972	-179.418	4.127322e-02	1.073437e-02	-1.073437e-02
68264.896	198.470	-207.707	5.120269e-02	1.292594e-02	-1.292594e-02
69174.174	129.020	-169.349	6.559604e-02	1.658528e-02	-1.658528e-02
148150.112	363.020	-411.742	2.434489e-02	6.466558e-03	-6.466558e-03
149032.345	448.612	-519.213	1.972236e-02	5.173470e-03	-5.173470e-03
149743.188	477.409	-262.232	2.764567e-02	6.991773e-03	-6.991773e-03
154338.297	398.726	-764.669	1.930119e-02	5.132991e-03	-5.132991e-03
155257.954	717.668	-520.931	2.925487e-02	6.075043e-03	-6.075043e-03
217769.393	692.562	-769.194	2.205818e-02	5.681651e-03	-5.681651e-03
223217.124	1005.963	-754.162	1.733421e-02	3.669920e-03	-3.669920e-03
229593.622	892.886	-872.253	2.731051e-02	5.687771e-03	-5.687771e-03
304356.171	1258.313	-1273.753	1.645897e-02	3.759767e-03	-3.759767e-03
390572.289	1050.963	-591.319	1.227978e-02	3.167363e-03	-3.167363e-03
396480.226	780.949	-858.826	1.178482e-02	3.874420e-03	-3.191828e-03
