! WT data
70.952	0.592	-0.644	3.958017e+01	6.029736e+00	-6.029737e+00
72.096	0.446	-0.552	4.744784e+01	7.553567e+00	-7.553569e+00
73.354	0.700	-0.812	3.236248e+01	4.930176e+00	-4.930177e+00
74.871	0.772	-0.817	3.080376e+01	4.692718e+00	-4.692719e+00
76.476	0.872	-0.832	2.871375e+01	4.374321e+00	-4.374322e+00
78.048	0.650	-0.700	3.682814e+01	5.490023e+00	-5.490025e+00
79.718	0.917	-1.020	2.566836e+01	3.826418e+00	-3.826419e+00
81.438	0.653	-0.802	3.359792e+01	5.118386e+00	-5.118388e+00
83.178	0.938	-1.087	2.414727e+01	3.678653e+00	-3.678654e+00
85.132	1.040	-1.017	2.415566e+01	3.600918e+00	-3.600920e+00
87.443	0.834	-1.271	2.360456e+01	3.518766e+00	-3.518767e+00
89.508	1.309	-1.232	1.924356e+01	2.931610e+00	-2.931611e+00
92.232	1.629	-1.415	1.605521e+01	2.445890e+00	-2.445891e+00
95.614	2.242	-1.753	1.203668e+01	1.874303e+00	-1.874304e+00
99.977	2.097	-2.121	1.102244e+01	1.794366e+00	-1.794367e+00
103.925	1.633	-1.851	9.780665e+00	1.785699e+00	-1.785700e+00
107.599	2.375	-2.041	1.157374e+01	1.725315e+00	-1.725316e+00
111.546	1.960	-1.573	9.733409e+00	1.804247e+00	-1.804247e+00
115.844	2.194	-2.338	1.109454e+01	1.690170e+00	-1.690170e+00
120.737	1.991	-2.699	7.262184e+00	1.325889e+00	-1.325889e+00
125.111	2.173	-2.383	6.956000e+00	1.356253e+00	-1.356254e+00
130.083	2.449	-2.799	6.304611e+00	1.151061e+00	-1.151061e+00
135.056	1.876	-2.524	7.520591e+00	1.373067e+00	-1.373068e+00
140.403	2.299	-3.471	5.598101e+00	1.055971e+00	-1.055971e+00
518.027	1.097	-1.079	2.332190e+01	3.438632e+00	-3.438634e+00
519.949	0.739	-0.825	3.174399e+01	4.732123e+00	-4.732125e+00
521.559	0.921	-0.871	2.726774e+01	4.154033e+00	-4.154035e+00
523.508	0.884	-1.029	2.595619e+01	3.869327e+00	-3.869329e+00
525.265	0.769	-0.873	2.974951e+01	4.532112e+00	-4.532114e+00
526.905	0.985	-0.871	2.590124e+01	4.033236e+00	-4.033238e+00
528.843	0.890	-0.953	2.607678e+01	4.060570e+00	-4.060572e+00
530.690	1.134	-0.958	2.334994e+01	3.557187e+00	-3.557188e+00
532.795	0.987	-0.970	2.496377e+01	3.803040e+00	-3.803041e+00
534.795	0.859	-1.013	2.652429e+01	3.954015e+00	-3.954017e+00
536.534	0.833	-0.881	2.805352e+01	4.368381e+00	-4.368382e+00
538.739	1.339	-1.372	1.830949e+01	2.729422e+00	-2.729423e+00
541.378	1.068	-1.300	2.096454e+01	3.125215e+00	-3.125216e+00
543.721	1.355	-1.274	1.857882e+01	2.830342e+00	-2.830343e+00
546.183	1.095	-1.108	2.253938e+01	3.359978e+00	-3.359980e+00
548.362	1.017	-1.084	2.287515e+01	3.562026e+00	-3.562027e+00
550.492	1.072	-1.113	2.272314e+01	3.387371e+00	-3.387372e+00
552.658	0.995	-1.093	2.376819e+01	3.543159e+00	-3.543160e+00
554.744	1.224	-1.091	2.144804e+01	3.197291e+00	-3.197292e+00
557.209	0.932	-1.242	2.283450e+01	3.403972e+00	-3.403973e+00
559.063	1.039	-0.921	2.532129e+01	3.774682e+00	-3.774684e+00
561.266	1.188	-1.164	2.110705e+01	3.146459e+00	-3.146460e+00
563.468	0.698	-1.013	2.900559e+01	4.323906e+00	-4.323907e+00
564.989	0.625	-0.823	3.427935e+01	5.110073e+00	-5.110075e+00
566.506	0.834	-0.892	2.739354e+01	4.360979e+00	-4.360980e+00
567.850	0.680	-0.510	4.170966e+01	6.217719e+00	-6.217722e+00
569.166	0.720	-0.636	3.661862e+01	5.458791e+00	-5.458793e+00
570.651	0.637	-0.765	3.484670e+01	5.308630e+00	-5.308632e+00
572.110	0.681	-0.823	3.302153e+01	4.922568e+00	-4.922570e+00
573.521	0.757	-0.730	3.284624e+01	5.003874e+00	-5.003876e+00
575.005	0.663	-0.727	3.515915e+01	5.356229e+00	-5.356231e+00
576.530	0.856	-0.862	2.888563e+01	4.306023e+00	-4.306025e+00
578.102	0.664	-0.715	3.600410e+01	5.367183e+00	-5.367185e+00
579.724	0.675	-0.958	2.942832e+01	4.582458e+00	-4.582460e+00
581.252	0.891	-0.853	2.847304e+01	4.244518e+00	-4.244519e+00
582.792	0.704	-0.650	3.666662e+01	5.465947e+00	-5.465949e+00
584.383	0.666	-0.887	3.094567e+01	4.818734e+00	-4.818736e+00
585.723	0.749	-0.674	3.432420e+01	5.229031e+00	-5.229033e+00
587.234	0.685	-0.761	3.377550e+01	5.145440e+00	-5.145442e+00
588.554	0.918	-0.635	3.145414e+01	4.791799e+00	-4.791801e+00
590.162	0.687	-0.690	3.547713e+01	5.404670e+00	-5.404672e+00
591.610	0.762	-0.761	3.207876e+01	4.886955e+00	-4.886957e+00
593.006	0.817	-0.634	3.419547e+01	5.097568e+00	-5.097570e+00
594.348	0.687	-0.524	4.097509e+01	6.108215e+00	-6.108218e+00
595.664	0.578	-0.629	4.115620e+01	6.135215e+00	-6.135217e+00
597.142	0.584	-0.900	3.345745e+01	4.987551e+00	-4.987553e+00
598.508	0.658	-0.783	3.390061e+01	5.164499e+00	-5.164501e+00
599.770	0.572	-0.604	4.221408e+01	6.292915e+00	-6.292917e+00
600.898	0.373	-0.556	5.345498e+01	7.968611e+00	-7.968614e+00
601.803	0.557	-0.531	4.559477e+01	6.796878e+00	-6.796881e+00
602.810	0.349	-0.449	6.115775e+01	9.316918e+00	-9.316921e+00
603.625	0.477	-0.466	5.264799e+01	7.848313e+00	-7.848316e+00
604.710	0.457	-0.608	4.658313e+01	6.944215e+00	-6.944217e+00
605.640	0.451	-0.473	5.376357e+01	8.014613e+00	-8.014616e+00
606.547	0.469	-0.456	5.195247e+01	8.089828e+00	-8.089830e+00
607.547	0.456	-0.531	5.027621e+01	7.494747e+00	-7.494750e+00
608.428	0.358	-0.424	6.341660e+01	9.453605e+00	-9.453609e+00
609.194	0.356	-0.407	6.504392e+01	9.696192e+00	-9.696195e+00
610.017	0.513	-0.467	5.064145e+01	7.549194e+00	-7.549197e+00
610.972	0.431	-0.442	5.682951e+01	8.471658e+00	-8.471661e+00
611.806	0.413	-0.403	5.982451e+01	9.113809e+00	-9.113812e+00
612.667	0.415	-0.447	5.753230e+01	8.576424e+00	-8.576428e+00
613.625	0.391	-0.542	5.443074e+01	8.025389e+00	-8.025392e+00
614.360	0.388	-0.345	6.772257e+01	1.009550e+01	-1.009551e+01
615.108	0.460	-0.360	6.052423e+01	9.022435e+00	-9.022438e+00
615.929	0.486	-0.361	5.861834e+01	8.738321e+00	-8.738324e+00
616.953	0.419	-0.538	5.186184e+01	7.731121e+00	-7.731124e+00
617.996	0.680	-0.624	3.806505e+01	5.674412e+00	-5.674414e+00
619.148	0.495	-0.471	5.138429e+01	7.659931e+00	-7.659934e+00
620.217	0.543	-0.574	4.372264e+01	6.660812e+00	-6.660814e+00
621.281	0.699	-0.522	4.067350e+01	6.063259e+00	-6.063261e+00
622.710	0.515	-0.730	3.985989e+01	5.941972e+00	-5.941975e+00
623.667	0.394	-0.442	5.842544e+01	8.900671e+00	-8.900674e+00
624.461	0.457	-0.399	5.709037e+01	8.697283e+00	-8.697286e+00
625.596	0.581	-0.678	3.941313e+01	5.875372e+00	-5.875375e+00
626.935	0.747	-0.758	3.298404e+01	4.916979e+00	-4.916981e+00
628.429	0.595	-0.747	3.700859e+01	5.516925e+00	-5.516927e+00
629.659	0.578	-0.635	4.026479e+01	6.134034e+00	-6.134036e+00
631.008	0.793	-0.771	3.124129e+01	4.759373e+00	-4.759374e+00
632.292	0.536	-0.491	4.836134e+01	7.209295e+00	-7.209297e+00
633.498	0.602	-0.670	3.840626e+01	5.850901e+00	-5.850903e+00
634.748	0.707	-0.648	3.662064e+01	5.459092e+00	-5.459094e+00
635.947	0.537	-0.492	4.827851e+01	7.196948e+00	-7.196951e+00
637.071	0.708	-0.588	3.772171e+01	5.746615e+00	-5.746617e+00
638.185	0.537	-0.406	5.265093e+01	7.848750e+00	-7.848753e+00
639.547	0.796	-0.825	3.131210e+01	4.616725e+00	-4.616727e+00
641.164	0.744	-0.822	3.171038e+01	4.727112e+00	-4.727114e+00
642.606	0.711	-0.698	3.523359e+01	5.252322e+00	-5.252324e+00
643.923	0.695	-0.606	3.817408e+01	5.690666e+00	-5.690668e+00
645.125	0.463	-0.507	5.038591e+01	7.675911e+00	-7.675914e+00
646.336	0.860	-0.748	3.037589e+01	4.627536e+00	-4.627538e+00
647.598	0.429	-0.402	5.784974e+01	9.008127e+00	-9.008130e+00
648.504	0.576	-0.477	4.563547e+01	7.106171e+00	-7.106173e+00
649.770	0.358	-0.690	4.737512e+01	7.062278e+00	-7.062281e+00
650.630	0.420	-0.502	5.215405e+01	8.121218e+00	-8.121220e+00
651.392	0.337	-0.343	7.304719e+01	1.088925e+01	-1.088925e+01
652.323	0.458	-0.594	4.496137e+01	7.157729e+00	-7.157732e+00
653.152	0.424	-0.372	6.143134e+01	9.358597e+00	-9.358600e+00
654.015	0.420	-0.439	5.685267e+01	8.661071e+00	-8.661074e+00
654.820	0.469	-0.385	5.720794e+01	8.715194e+00	-8.715197e+00
655.891	0.445	-0.602	4.745528e+01	7.074228e+00	-7.074231e+00
656.869	0.507	-0.533	4.769862e+01	7.110503e+00	-7.110505e+00
657.945	0.558	-0.569	4.267925e+01	6.645839e+00	-6.645841e+00
658.897	0.349	-0.395	6.675773e+01	9.951672e+00	-9.951676e+00
659.589	0.470	-0.343	6.105839e+01	9.102063e+00	-9.102067e+00
660.384	0.273	-0.325	8.172531e+01	1.245023e+01	-1.245023e+01
661.043	0.391	-0.386	6.283679e+01	9.572707e+00	-9.572710e+00
661.686	0.268	-0.252	9.556067e+01	1.424537e+01	-1.424537e+01
662.332	0.387	-0.378	6.489229e+01	9.673588e+00	-9.673591e+00
663.061	0.300	-0.342	7.729551e+01	1.152255e+01	-1.152256e+01
663.759	0.394	-0.398	6.270491e+01	9.347512e+00	-9.347516e+00
664.629	0.346	-0.476	5.943660e+01	9.054713e+00	-9.054717e+00
665.317	0.266	-0.342	8.029204e+01	1.223188e+01	-1.223189e+01
665.984	0.378	-0.401	6.370795e+01	9.497036e+00	-9.497040e+00
666.821	0.362	-0.458	6.052879e+01	9.023114e+00	-9.023118e+00
667.628	0.399	-0.446	5.874399e+01	8.757051e+00	-8.757055e+00
668.319	0.307	-0.291	8.172382e+01	1.245000e+01	-1.245001e+01
668.886	0.291	-0.260	9.001047e+01	1.341799e+01	-1.341800e+01
669.469	0.281	-0.292	8.389814e+01	1.306428e+01	-1.306428e+01
670.068	0.324	-0.318	1.150826e+02	1.405962e+01	-1.405963e+01
670.712	0.359	-0.320	1.075937e+02	1.333743e+01	-1.333744e+01
671.411	0.322	-0.339	1.092924e+02	1.374787e+01	-1.374788e+01
672.087	0.304	-0.354	1.086833e+02	1.387420e+01	-1.387420e+01
672.723	0.352	-0.331	1.070341e+02	1.326806e+01	-1.326807e+01
673.358	0.304	-0.284	1.258958e+02	1.538066e+01	-1.538067e+01
673.974	0.309	-0.312	1.164958e+02	1.465398e+01	-1.465399e+01
674.615	0.317	-0.332	1.113884e+02	1.401153e+01	-1.401154e+01
675.184	0.256	-0.251	9.634822e+01	1.467792e+01	-1.467792e+01
675.804	0.342	-0.364	1.046468e+02	1.278468e+01	-1.278468e+01
676.430	0.301	-0.285	8.534746e+01	1.285384e+01	-1.285385e+01
677.067	0.376	-0.336	1.038573e+02	1.268822e+01	-1.268823e+01
677.691	0.332	-0.248	8.558793e+01	1.275872e+01	-1.275872e+01
678.283	0.250	-0.260	9.721629e+01	1.449217e+01	-1.449218e+01
678.868	0.295	-0.335	1.160949e+02	1.439125e+01	-1.439126e+01
679.423	0.274	-0.260	9.152368e+01	1.394294e+01	-1.394294e+01
680.056	0.342	-0.359	7.081505e+01	1.055650e+01	-1.055651e+01
680.808	0.403	-0.410	6.008245e+01	9.153104e+00	-9.153107e+00
681.623	0.381	-0.412	6.255846e+01	9.325681e+00	-9.325685e+00
682.381	0.426	-0.377	6.186484e+01	9.222282e+00	-9.222286e+00
683.102	0.347	-0.295	7.728820e+01	1.152146e+01	-1.152147e+01
684.040	0.504	-0.590	4.536756e+01	6.763009e+00	-6.763011e+00
684.983	0.405	-0.440	5.873911e+01	8.756325e+00	-8.756328e+00
685.876	0.517	-0.488	4.859731e+01	7.403431e+00	-7.403434e+00
686.757	0.503	-0.364	5.638039e+01	8.589125e+00	-8.589128e+00
687.709	0.390	-0.449	5.911471e+01	8.812315e+00	-8.812319e+00
688.708	0.395	-0.609	4.868390e+01	7.416622e+00	-7.416625e+00
689.503	0.355	-0.399	6.580588e+01	9.809778e+00	-9.809781e+00
690.202	0.343	-0.344	7.228425e+01	1.077552e+01	-1.077552e+01
691.039	0.466	-0.495	4.920327e+01	7.833028e+00	-7.833031e+00
691.929	0.359	-0.424	6.240390e+01	9.506760e+00	-9.506763e+00
692.608	0.310	-0.320	7.756425e+01	1.181632e+01	-1.181633e+01
693.370	0.386	-0.452	5.923926e+01	8.830883e+00	-8.830887e+00
694.270	0.406	-0.514	5.431017e+01	8.179438e+00	-8.179441e+00
695.072	0.381	-0.397	6.384993e+01	9.518203e+00	-9.518206e+00
695.827	0.435	-0.375	6.132241e+01	9.141420e+00	-9.141424e+00
696.730	0.429	-0.467	5.536056e+01	8.252679e+00	-8.252682e+00
697.555	0.355	-0.396	6.611775e+01	9.856269e+00	-9.856273e+00
698.409	0.501	-0.499	4.885808e+01	7.443157e+00	-7.443160e+00
699.436	0.393	-0.527	5.397011e+01	8.045404e+00	-8.045406e+00
700.131	0.384	-0.301	7.132091e+01	1.086520e+01	-1.086520e+01
700.952	0.448	-0.438	5.602926e+01	8.352364e+00	-8.352367e+00
701.972	0.501	-0.572	4.627357e+01	6.898069e+00	-6.898072e+00
702.819	0.364	-0.346	6.993159e+01	1.042480e+01	-1.042481e+01
703.683	0.341	-0.500	5.899058e+01	8.793811e+00	-8.793815e+00
704.598	0.592	-0.573	4.259957e+01	6.350380e+00	-6.350382e+00
705.602	0.312	-0.412	6.855787e+01	1.022002e+01	-1.022003e+01
706.255	0.359	-0.341	7.099892e+01	1.058391e+01	-1.058392e+01
707.040	0.310	-0.427	6.632500e+01	1.010411e+01	-1.010411e+01
707.724	0.370	-0.374	6.675250e+01	9.950891e+00	-9.950895e+00
708.594	0.392	-0.501	5.381377e+01	8.379662e+00	-8.379665e+00
709.320	0.328	-0.334	7.500875e+01	1.118166e+01	-1.118167e+01
710.060	0.419	-0.412	5.879877e+01	8.957546e+00	-8.957549e+00
710.912	0.377	-0.433	6.132462e+01	9.141750e+00	-9.141753e+00
711.710	0.290	-0.422	6.864684e+01	1.045782e+01	-1.045783e+01
712.296	0.272	-0.295	8.941300e+01	1.318325e+01	-1.318326e+01
712.942	0.356	-0.374	6.805523e+01	1.014509e+01	-1.014510e+01
713.550	0.290	-0.252	9.961818e+01	1.423120e+01	-1.423120e+01
714.143	0.295	-0.303	8.304527e+01	1.237968e+01	-1.237968e+01
714.699	0.251	-0.262	9.595417e+01	1.476416e+01	-1.476417e+01
715.223	0.341	-0.273	7.959043e+01	1.212500e+01	-1.212500e+01
715.850	0.258	-0.286	1.357649e+02	1.658637e+01	-1.658638e+01
716.404	0.251	-0.295	8.944225e+01	1.362585e+01	-1.362585e+01
716.924	0.275	-0.269	9.118710e+01	1.359339e+01	-1.359340e+01
717.482	0.260	-0.283	9.961767e+01	1.423112e+01	-1.423113e+01
718.076	0.348	-0.335	1.081877e+02	1.321726e+01	-1.321727e+01
718.770	0.304	-0.345	1.126028e+02	1.395837e+01	-1.395837e+01
719.387	0.265	-0.313	1.278281e+02	1.561672e+01	-1.561673e+01
719.964	0.270	-0.311	1.256906e+02	1.558075e+01	-1.558075e+01
720.543	0.251	-0.309	1.324471e+02	1.629362e+01	-1.629363e+01
721.027	0.275	-0.232	1.457713e+02	1.780884e+01	-1.780885e+01
721.615	0.315	-0.313	1.164328e+02	1.443314e+01	-1.443314e+01
722.137	0.332	-0.207	9.471742e+01	1.410604e+01	-1.410605e+01
722.762	0.264	-0.293	1.313123e+02	1.627762e+01	-1.627763e+01
723.327	0.316	-0.302	1.197257e+02	1.462686e+01	-1.462687e+01
723.980	0.311	-0.337	1.141356e+02	1.394392e+01	-1.394393e+01
724.637	0.298	-0.346	1.135424e+02	1.407485e+01	-1.407486e+01
725.222	0.268	-0.287	1.317347e+02	1.632999e+01	-1.632999e+01
725.757	0.238	-0.267	1.643714e+02	1.909817e+01	-1.909818e+01
726.230	0.279	-0.235	1.550906e+02	1.839611e+01	-1.839612e+01
726.775	0.244	-0.266	1.432084e+02	1.775228e+01	-1.775229e+01
727.265	0.265	-0.246	1.459822e+02	1.807959e+01	-1.807960e+01
727.801	0.256	-0.271	1.403541e+02	1.714703e+01	-1.714704e+01
728.315	0.245	-0.258	1.599476e+02	1.872050e+01	-1.872051e+01
728.827	0.240	-0.267	1.442134e+02	1.787686e+01	-1.787687e+01
729.342	0.238	-0.274	1.556291e+02	1.845998e+01	-1.845999e+01
729.832	0.255	-0.252	2.029571e+02	2.115163e+01	-2.115165e+01
730.328	0.264	-0.241	1.852615e+02	2.054426e+01	-2.054427e+01
730.840	0.272	-0.248	1.935709e+02	2.316049e+01	-2.313713e+01
731.416	0.322	-0.304	3.028589e+02	3.895062e+01	-3.800450e+01
732.085	0.335	-0.346	2.811218e+02	3.575584e+01	-3.482302e+01
732.805	0.273	-0.385	2.852548e+02	3.725080e+01	-3.627730e+01
733.410	0.320	-0.333	2.904792e+02	3.751108e+01	-3.646401e+01
734.073	0.317	-0.343	2.902147e+02	3.704790e+01	-3.596129e+01
734.657	0.295	-0.267	3.340029e+02	4.371844e+01	-4.248602e+01
735.314	0.294	-0.361	2.940995e+02	3.775864e+01	-3.663784e+01
735.941	0.289	-0.334	3.122580e+02	3.962169e+01	-3.840457e+01
736.537	0.280	-0.307	3.262650e+02	4.170881e+01	-4.043391e+01
737.155	0.291	-0.337	3.050075e+02	3.900371e+01	-3.780066e+01
737.723	0.274	-0.278	3.473144e+02	4.442970e+01	-4.304544e+01
738.326	0.283	-0.329	3.037270e+02	4.033169e+01	-3.915580e+01
738.968	0.459	-0.359	2.294454e+02	3.008177e+01	-2.919070e+01
739.799	0.326	-0.371	2.692489e+02	3.522468e+01	-3.424749e+01
740.424	0.409	-0.299	2.625178e+02	3.472416e+01	-3.383063e+01
741.289	0.400	-0.456	2.238410e+02	2.845816e+01	-2.772655e+01
742.180	0.432	-0.491	2.067612e+02	2.622994e+01	-2.560645e+01
743.154	0.449	-0.542	1.904645e+02	2.441001e+01	-2.389428e+01
744.009	0.368	-0.406	2.438791e+02	3.122810e+01	-3.059347e+01
744.868	0.498	-0.491	1.908047e+02	2.446762e+01	-2.393792e+01
745.839	0.399	-0.473	2.186616e+02	2.774158e+01	-2.708040e+01
746.631	0.388	-0.393	2.416602e+02	3.108866e+01	-3.032562e+01
747.402	0.414	-0.383	2.391638e+02	3.043570e+01	-2.962699e+01
748.394	0.635	-0.578	1.555534e+02	2.008133e+01	-1.952616e+01
749.518	0.463	-0.489	1.923689e+02	2.581214e+01	-2.512629e+01
750.525	0.525	-0.544	1.782764e+02	2.277398e+01	-2.209218e+01
751.485	0.443	-0.434	2.173308e+02	2.777838e+01	-2.693329e+01
752.367	0.379	-0.439	2.305820e+02	2.985196e+01	-2.895216e+01
753.302	0.562	-0.556	1.685186e+02	2.182850e+01	-2.116051e+01
754.375	0.601	-0.511	1.693275e+02	2.189104e+01	-2.125806e+01
755.492	0.469	-0.517	1.929274e+02	2.454050e+01	-2.389840e+01
756.658	0.642	-0.698	1.405414e+02	1.803009e+01	-1.763257e+01
757.812	0.625	-0.512	1.672641e+02	2.112099e+01	-2.070828e+01
759.210	0.709	-0.773	1.295749e+02	1.612063e+01	-1.583304e+01
760.665	0.628	-0.745	1.384476e+02	1.746275e+01	-1.713953e+01
761.851	0.607	-0.558	1.631814e+02	2.060261e+01	-2.020264e+01
762.953	0.343	-0.495	1.455423e+02	1.810982e+01	-1.804293e+01
763.561	0.269	-0.265	1.355196e+02	1.704698e+01	-1.704699e+01
764.154	0.300	-0.324	1.158279e+02	1.456997e+01	-1.456998e+01
764.736	0.347	-0.281	1.164292e+02	1.443270e+01	-1.443271e+01
765.398	0.320	-0.315	1.113937e+02	1.443264e+01	-1.443265e+01
766.037	0.305	-0.320	1.170928e+02	1.451496e+01	-1.451496e+01
766.699	0.296	-0.357	1.119878e+02	1.388214e+01	-1.388214e+01
767.331	0.299	-0.336	1.163685e+02	1.421672e+01	-1.421672e+01
768.001	0.273	-0.371	1.147611e+02	1.402033e+01	-1.402034e+01
768.598	0.387	-0.324	9.920869e+01	1.240112e+01	-1.240112e+01
769.259	0.303	-0.274	1.282233e+02	1.566501e+01	-1.566502e+01
769.916	0.257	-0.354	8.134894e+01	1.212680e+01	-1.212681e+01
770.431	0.384	-0.259	1.138492e+02	1.411288e+01	-1.411289e+01
771.162	0.347	-0.347	1.053834e+02	1.306345e+01	-1.306345e+01
771.848	0.296	-0.340	1.163686e+02	1.421672e+01	-1.421673e+01
772.477	0.287	-0.334	1.164938e+02	1.465374e+01	-1.465375e+01
773.020	0.355	-0.255	9.632428e+01	1.334717e+01	-1.334718e+01
773.647	0.299	-0.272	8.554022e+01	1.303140e+01	-1.303141e+01
774.252	0.338	-0.306	9.469627e+01	1.287680e+01	-1.287680e+01
774.879	0.378	-0.289	1.107872e+02	1.353484e+01	-1.353485e+01
775.541	0.291	-0.284	9.845219e+01	1.391160e+01	-1.391160e+01
776.183	0.322	-0.351	1.099084e+02	1.342748e+01	-1.342749e+01
776.789	0.254	-0.285	9.209254e+01	1.372837e+01	-1.372837e+01
777.375	0.391	-0.332	1.012354e+02	1.254926e+01	-1.254926e+01
778.067	0.327	-0.301	1.164339e+02	1.443328e+01	-1.443329e+01
778.687	0.302	-0.294	1.240156e+02	1.515096e+01	-1.515097e+01
779.279	0.264	-0.289	1.335857e+02	1.632014e+01	-1.632015e+01
779.839	0.364	-0.296	1.107850e+02	1.373303e+01	-1.373304e+01
780.496	0.298	-0.293	1.237987e+02	1.534623e+01	-1.534623e+01
781.095	0.212	-0.301	9.380384e+01	1.460675e+01	-1.460676e+01
781.647	0.401	-0.340	9.962874e+01	1.217162e+01	-1.217163e+01
782.365	0.318	-0.317	9.353569e+01	1.317515e+01	-1.317516e+01
783.015	0.330	-0.332	7.262368e+01	1.130867e+01	-1.130867e+01
783.641	0.290	-0.296	8.346500e+01	1.271526e+01	-1.271526e+01
784.302	0.314	-0.371	1.079117e+02	1.318355e+01	-1.318356e+01
784.888	0.234	-0.273	9.479109e+01	1.476048e+01	-1.476049e+01
785.456	0.291	-0.333	7.823133e+01	1.191795e+01	-1.191795e+01
786.056	0.253	-0.309	8.830111e+01	1.316317e+01	-1.316318e+01
786.673	0.266	-0.364	7.882249e+01	1.175018e+01	-1.175019e+01
787.242	0.275	-0.303	8.312368e+01	1.294368e+01	-1.294369e+01
787.825	0.317	-0.308	7.949617e+01	1.185061e+01	-1.185061e+01
788.464	0.277	-0.322	8.279881e+01	1.234294e+01	-1.234294e+01
789.072	0.323	-0.330	7.603041e+01	1.133396e+01	-1.133397e+01
789.741	0.380	-0.347	6.822290e+01	1.017009e+01	-1.017009e+01
790.428	0.270	-0.306	8.612098e+01	1.283818e+01	-1.283818e+01
791.122	0.384	-0.424	6.146072e+01	9.162039e+00	-9.162042e+00
791.840	0.345	-0.334	7.304502e+01	1.088893e+01	-1.088893e+01
792.542	0.417	-0.357	6.414780e+01	9.562605e+00	-9.562609e+00
793.353	0.434	-0.394	5.809775e+01	9.046746e+00	-9.046749e+00
794.271	0.455	-0.484	5.284692e+01	7.877967e+00	-7.877970e+00
794.987	0.368	-0.261	7.882260e+01	1.175020e+01	-1.175020e+01
795.801	0.386	-0.445	5.880195e+01	8.958030e+00	-8.958033e+00
796.596	0.404	-0.409	6.106062e+01	9.102396e+00	-9.102399e+00
797.372	0.400	-0.372	6.327345e+01	9.639228e+00	-9.639232e+00
798.313	0.430	-0.541	5.110752e+01	7.618673e+00	-7.618676e+00
799.199	0.500	-0.456	5.196516e+01	7.746523e+00	-7.746525e+00
800.097	0.317	-0.399	6.831022e+01	1.040654e+01	-1.040655e+01
800.919	0.534	-0.505	4.702172e+01	7.163401e+00	-7.163404e+00
801.946	0.396	-0.493	5.492136e+01	8.366852e+00	-8.366855e+00
802.713	0.537	-0.370	5.384471e+01	8.202832e+00	-8.202835e+00
803.724	0.465	-0.474	5.285072e+01	7.878534e+00	-7.878537e+00
804.568	0.427	-0.379	6.159986e+01	9.182780e+00	-9.182784e+00
805.337	0.480	-0.342	6.039979e+01	9.003885e+00	-9.003888e+00
806.307	0.490	-0.490	5.064347e+01	7.549496e+00	-7.549499e+00
807.102	0.320	-0.305	7.823520e+01	1.191854e+01	-1.191854e+01
807.840	0.402	-0.418	5.764208e+01	9.176465e+00	-9.176468e+00
808.659	0.487	-0.417	5.493015e+01	8.188517e+00	-8.188521e+00
809.655	0.497	-0.509	4.860261e+01	7.404238e+00	-7.404240e+00
810.460	0.337	-0.309	7.687185e+01	1.145940e+01	-1.145940e+01
811.143	0.424	-0.346	6.444454e+01	9.606841e+00	-9.606845e+00
812.022	0.328	-0.455	6.241022e+01	9.507722e+00	-9.507726e+00
812.753	0.405	-0.403	6.146436e+01	9.162582e+00	-9.162585e+00
813.515	0.415	-0.358	6.327381e+01	9.639283e+00	-9.639287e+00
814.261	0.391	-0.331	9.665574e+01	1.226755e+01	-1.226755e+01
815.113	0.412	-0.460	5.694906e+01	8.489480e+00	-8.489483e+00
815.935	0.338	-0.411	6.628198e+01	9.880751e+00	-9.880754e+00
816.573	0.323	-0.300	7.972518e+01	1.188475e+01	-1.188475e+01
817.195	0.256	-0.299	9.141423e+01	1.347832e+01	-1.347832e+01
817.822	0.321	-0.371	7.172539e+01	1.069221e+01	-1.069221e+01
818.455	0.394	-0.312	7.028012e+01	1.047676e+01	-1.047676e+01
819.131	0.343	-0.282	7.949051e+01	1.184977e+01	-1.184977e+01
819.889	0.469	-0.416	5.738674e+01	8.461229e+00	-8.461232e+00
820.744	0.456	-0.386	5.898770e+01	8.793382e+00	-8.793385e+00
821.720	0.380	-0.520	5.426293e+01	8.266545e+00	-8.266548e+00
822.536	0.396	-0.436	5.772283e+01	8.988365e+00	-8.988368e+00
823.277	0.296	-0.344	7.750500e+01	1.155378e+01	-1.155379e+01
823.955	0.324	-0.383	7.028004e+01	1.047675e+01	-1.047675e+01
824.709	0.413	-0.430	5.886331e+01	8.774840e+00	-8.774843e+00
825.512	0.351	-0.389	6.707014e+01	9.998243e+00	-9.998247e+00
826.410	0.399	-0.548	5.244584e+01	7.818178e+00	-7.818181e+00
827.298	0.347	-0.489	5.747643e+01	8.949996e+00	-8.949999e+00
827.957	0.339	-0.312	7.623787e+01	1.136489e+01	-1.136490e+01
828.880	0.474	-0.583	4.547987e+01	7.081940e+00	-7.081943e+00
829.870	0.457	-0.516	5.019934e+01	7.647487e+00	-7.647490e+00
830.767	0.650	-0.441	4.551966e+01	6.785682e+00	-6.785685e+00
831.862	0.513	-0.444	5.186438e+01	7.731499e+00	-7.731501e+00
832.759	0.494	-0.385	5.468631e+01	8.515530e+00	-8.515533e+00
833.833	0.523	-0.580	4.500518e+01	6.708987e+00	-6.708990e+00
834.776	0.391	-0.420	6.119186e+01	9.121959e+00	-9.121963e+00
835.750	0.577	-0.583	4.143412e+01	6.451953e+00	-6.451955e+00
836.827	0.518	-0.500	4.800531e+01	7.313245e+00	-7.313247e+00
837.901	0.492	-0.555	4.737355e+01	7.062044e+00	-7.062047e+00
839.052	0.586	-0.659	3.859312e+01	6.009564e+00	-6.009566e+00
840.233	0.660	-0.595	3.894865e+01	5.933531e+00	-5.933533e+00
841.535	0.753	-0.642	3.502398e+01	5.335637e+00	-5.335639e+00
843.052	0.885	-0.764	3.010021e+01	4.487081e+00	-4.487083e+00
844.501	0.577	-0.564	4.353062e+01	6.489173e+00	-6.489175e+00
845.598	0.465	-0.521	4.956492e+01	7.550839e+00	-7.550841e+00
846.653	0.589	-0.591	4.141647e+01	6.309484e+00	-6.309487e+00
848.059	0.665	-0.817	3.424113e+01	5.048588e+00	-5.048590e+00
849.738	0.981	-1.014	2.489132e+01	3.710585e+00	-3.710586e+00
851.472	0.710	-0.753	3.394546e+01	5.060299e+00	-5.060300e+00
852.873	0.667	-0.692	3.652265e+01	5.444485e+00	-5.444487e+00
854.335	0.650	-0.794	3.458117e+01	5.208132e+00	-5.208133e+00
855.693	0.669	-0.708	3.547695e+01	5.404644e+00	-5.404646e+00
856.992	0.665	-0.630	3.832854e+01	5.713692e+00	-5.713694e+00
858.107	0.392	-0.450	5.899190e+01	8.794008e+00	-8.794012e+00
859.107	0.488	-0.608	4.529731e+01	6.752535e+00	-6.752538e+00
859.927	0.380	-0.332	6.864737e+01	1.045790e+01	-1.045791e+01
860.879	0.477	-0.573	4.729308e+01	7.050048e+00	-7.050051e+00
861.813	0.495	-0.457	5.132565e+01	7.819073e+00	-7.819076e+00
862.939	0.504	-0.631	4.164757e+01	6.630182e+00	-6.630184e+00
863.950	0.664	-0.506	4.240566e+01	6.321473e+00	-6.321475e+00
865.122	0.497	-0.508	4.938631e+01	7.362090e+00	-7.362092e+00
866.179	0.559	-0.560	4.436106e+01	6.612968e+00	-6.612970e+00
867.202	0.415	-0.464	5.648363e+01	8.420098e+00	-8.420101e+00
868.016	0.417	-0.399	6.079066e+01	9.062152e+00	-9.062156e+00
868.935	0.521	-0.502	4.852681e+01	7.233963e+00	-7.233965e+00
869.748	0.298	-0.291	8.295753e+01	1.263795e+01	-1.263795e+01
870.725	0.571	-0.679	3.969301e+01	5.917095e+00	-5.917097e+00
871.741	0.520	-0.445	5.148302e+01	7.674648e+00	-7.674651e+00
872.905	0.643	-0.645	3.854111e+01	5.745379e+00	-5.745381e+00
874.051	0.357	-0.502	5.777159e+01	8.612094e+00	-8.612097e+00
874.769	0.452	-0.361	6.008819e+01	9.153979e+00	-9.153982e+00
875.628	0.450	-0.407	5.604976e+01	8.727842e+00	-8.727845e+00
876.665	0.520	-0.587	4.486138e+01	6.687551e+00	-6.687553e+00
877.766	0.444	-0.581	4.767359e+01	7.262709e+00	-7.262712e+00
878.853	0.483	-0.643	4.408225e+01	6.571405e+00	-6.571407e+00
879.870	0.567	-0.534	4.507880e+01	6.719962e+00	-6.719964e+00
881.038	0.595	-0.601	4.086208e+01	6.225027e+00	-6.225029e+00
882.507	0.578	-0.874	3.419494e+01	5.097490e+00	-5.097492e+00
883.657	0.536	-0.573	4.407558e+01	6.714580e+00	-6.714582e+00
884.855	0.571	-0.662	3.898293e+01	6.070263e+00	-6.070266e+00
885.894	0.480	-0.468	5.151995e+01	7.848673e+00	-7.848676e+00
886.934	0.517	-0.560	4.538692e+01	6.914352e+00	-6.914354e+00
888.037	0.680	-0.586	3.918973e+01	5.842070e+00	-5.842073e+00
889.155	0.320	-0.438	6.445793e+01	9.819675e+00	-9.819679e+00
889.995	0.512	-0.520	4.810876e+01	7.171643e+00	-7.171646e+00
890.880	0.472	-0.373	5.874339e+01	8.756963e+00	-8.756966e+00
891.816	0.486	-0.464	5.225196e+01	7.789276e+00	-7.789279e+00
892.849	0.455	-0.547	4.877172e+01	7.430000e+00	-7.430003e+00
893.866	0.522	-0.562	4.363019e+01	6.945809e+00	-6.945811e+00
894.857	0.493	-0.469	5.190162e+01	7.816697e+00	-7.816699e+00
895.713	0.342	-0.363	7.046075e+01	1.050369e+01	-1.050369e+01
896.595	0.652	-0.540	4.164566e+01	6.208179e+00	-6.208181e+00
897.781	0.575	-0.535	4.471609e+01	6.665893e+00	-6.665896e+00
898.770	0.613	-0.414	4.835783e+01	7.208772e+00	-7.208775e+00
899.855	0.458	-0.472	5.250186e+01	7.998260e+00	-7.998263e+00
900.771	0.600	-0.457	4.697385e+01	7.002461e+00	-7.002463e+00
902.048	0.744	-0.677	3.436702e+01	5.235555e+00	-5.235557e+00
903.440	0.507	-0.648	4.299443e+01	6.409242e+00	-6.409245e+00
904.432	0.582	-0.485	4.650564e+01	6.932664e+00	-6.932666e+00
905.742	0.591	-0.728	3.849320e+01	5.675523e+00	-5.675525e+00
907.000	0.664	-0.667	3.671039e+01	5.592549e+00	-5.592551e+00
908.368	0.581	-0.705	3.798037e+01	5.786020e+00	-5.786022e+00
909.717	0.684	-0.768	3.365148e+01	5.126547e+00	-5.126548e+00
911.238	0.756	-0.837	3.068103e+01	4.674021e+00	-4.674023e+00
912.704	0.735	-0.710	3.381677e+01	5.151728e+00	-5.151730e+00
914.186	0.544	-0.748	3.782237e+01	5.761950e+00	-5.761953e+00
915.709	0.907	-0.979	2.548588e+01	3.968558e+00	-3.968560e+00
917.317	0.630	-0.701	3.730353e+01	5.560891e+00	-5.560893e+00
918.849	0.982	-0.902	2.634903e+01	3.927889e+00	-3.927890e+00
920.495	0.671	-0.665	3.715452e+01	5.538678e+00	-5.538680e+00
922.010	0.807	-0.844	2.911103e+01	4.533051e+00	-4.533052e+00
923.566	0.773	-0.748	3.263510e+01	4.864962e+00	-4.864964e+00
925.148	0.684	-0.809	3.325741e+01	4.957731e+00	-4.957732e+00
926.486	0.719	-0.654	3.499401e+01	5.449126e+00	-5.449128e+00
927.749	0.657	-0.544	4.133775e+01	6.162278e+00	-6.162281e+00
929.098	0.591	-0.691	3.870039e+01	5.769123e+00	-5.769125e+00
930.226	0.779	-0.537	3.650727e+01	5.684764e+00	-5.684766e+00
931.679	0.766	-0.673	3.339306e+01	5.199832e+00	-5.199834e+00
933.479	0.999	-1.034	2.402361e+01	3.659814e+00	-3.659815e+00
935.195	0.573	-0.717	3.787478e+01	5.769934e+00	-5.769936e+00
936.238	0.546	-0.470	4.886662e+01	7.284617e+00	-7.284620e+00
937.879	0.979	-1.095	2.393039e+01	3.567338e+00	-3.567339e+00
939.852	1.097	-0.994	2.299140e+01	3.580128e+00	-3.580129e+00
941.830	0.918	-0.881	2.759945e+01	4.114290e+00	-4.114292e+00
943.650	0.838	-0.902	2.853088e+01	4.253140e+00	-4.253142e+00
945.473	1.073	-0.986	2.373186e+01	3.615368e+00	-3.615369e+00
947.706	1.317	-1.160	1.972526e+01	3.004993e+00	-3.004994e+00
949.905	0.888	-0.882	2.804174e+01	4.180223e+00	-4.180224e+00
952.219	1.284	-1.426	1.832038e+01	2.731046e+00	-2.731047e+00
954.335	1.064	-0.833	2.617406e+01	3.901804e+00	-3.901806e+00
956.666	1.260	-1.267	1.965008e+01	2.929266e+00	-2.929267e+00
959.213	1.057	-1.288	2.117111e+01	3.156008e+00	-3.156009e+00
961.882	1.386	-1.612	1.655992e+01	2.468611e+00	-2.468612e+00
964.509	0.733	-1.241	2.473808e+01	3.768659e+00	-3.768660e+00
966.538	1.283	-1.295	1.864396e+01	2.903162e+00	-2.903163e+00
969.483	1.412	-1.662	1.589062e+01	2.420814e+00	-2.420815e+00
972.582	1.525	-1.687	1.545865e+01	2.304444e+00	-2.304445e+00
975.683	1.820	-1.577	1.438410e+01	2.191308e+00	-2.191309e+00
978.663	1.489	-1.160	1.873954e+01	2.793530e+00	-2.793531e+00
982.180	1.488	-2.028	1.367165e+01	2.128893e+00	-2.128894e+00
984.977	1.806	-1.309	1.542862e+01	2.402482e+00	-2.402483e+00
988.604	1.629	-1.821	1.448090e+01	2.180911e+00	-2.180912e+00
992.275	1.542	-2.042	1.340662e+01	2.087624e+00	-2.087625e+00
995.827	1.538	-2.010	1.377044e+01	2.097822e+00	-2.097822e+00
998.795	1.392	-1.430	1.731343e+01	2.637569e+00	-2.637570e+00
1002.161	1.737	-1.974	1.295081e+01	2.016648e+00	-2.016649e+00
1005.478	1.658	-1.580	1.484355e+01	2.311377e+00	-2.311377e+00
1009.061	2.208	-1.925	1.182044e+01	1.800754e+00	-1.800754e+00
1013.097	2.016	-1.828	1.250072e+01	1.946562e+00	-1.946563e+00
1017.142	1.667	-2.028	1.343382e+01	2.002599e+00	-2.002600e+00
1020.261	2.085	-1.452	1.381242e+01	2.104217e+00	-2.104218e+00
1024.350	2.392	-2.004	1.129223e+01	1.683350e+00	-1.683350e+00
1028.597	1.611	-1.855	9.549375e+00	1.743471e+00	-1.743472e+00
1032.270	2.599	-2.062	1.065040e+01	1.587671e+00	-1.587672e+00
1036.834	2.225	-1.965	1.184886e+01	1.766327e+00	-1.766328e+00
1041.180	2.125	-2.121	1.168990e+01	1.742630e+00	-1.742630e+00
1045.280	1.574	-1.974	9.106618e+00	1.717784e+00	-1.717784e+00
1048.826	1.863	-1.973	8.422258e+00	1.588693e+00	-1.588693e+00
1052.722	2.676	-2.033	9.838791e+00	1.518161e+00	-1.518161e+00
1057.833	2.349	-2.435	1.021177e+01	1.555686e+00	-1.555686e+00
1061.875	1.789	-1.693	9.278717e+00	1.750247e+00	-1.750247e+00
1066.515	2.362	-2.851	6.197457e+00	1.169028e+00	-1.169028e+00
1070.883	2.563	-2.006	7.071086e+00	1.333821e+00	-1.333821e+00
1076.172	2.520	-2.726	6.157262e+00	1.161446e+00	-1.161446e+00
1082.300	4.066	-3.607	4.107134e+00	8.007926e-01	-8.007928e-01
! PC data
185.268	28.245	-34.438	2.442553e+00	5.214482e-01	-5.214482e-01
236.141	12.474	-22.628	3.970705e+00	8.931076e-01	-8.931076e-01
265.900	17.817	-17.285	4.344100e+00	9.336219e-01	-9.336219e-01
298.654	15.152	-14.936	4.589357e+00	1.036838e+00	-1.036838e+00
338.065	13.350	-24.260	3.712639e+00	8.350624e-01	-8.350624e-01
369.662	14.348	-18.247	4.662460e+00	1.000700e+00	-1.000700e+00
401.136	15.469	-17.126	4.880665e+00	1.028161e+00	-1.028161e+00
427.324	11.847	-10.719	6.201290e+00	1.388684e+00	-1.388684e+00
454.439	9.805	-15.268	6.338521e+00	1.342178e+00	-1.342178e+00
474.174	7.622	-9.929	1.253934e+01	2.235071e+00	-2.235071e+00
487.633	6.699	-5.838	1.673267e+01	3.075972e+00	-3.075972e+00
501.841	5.027	-7.509	1.884863e+01	3.252122e+00	-3.252122e+00
511.434	2.954	-4.566	2.873838e+01	5.190989e+00	-5.190989e+00
1101.380	6.035	-6.502	3.699390e+00	8.122160e-01	-8.122160e-01
1113.555	3.889	-6.140	4.308676e+00	9.712065e-01	-9.712065e-01
1126.909	8.086	-9.465	3.059990e+00	6.159338e-01	-6.159338e-01
1143.757	11.297	-8.762	2.301894e+00	5.085030e-01	-5.085030e-01
1165.185	12.435	-10.131	1.934985e+00	4.375685e-01	-4.375685e-01
1194.651	42.737	-17.031	1.343758e+00	3.043628e-01	-3.043628e-01
1248.770	13.691	-11.382	1.813644e+00	4.018830e-01	-4.018830e-01
1327.231	44.795	-64.770	8.314049e-01	1.848007e-01	-1.848007e-01
1421.979	22.819	-49.953	1.019392e+00	2.238115e-01	-2.238115e-01
1504.449	35.212	-59.651	6.395562e-01	1.455666e-01	-1.455666e-01
1616.927	72.300	-77.265	6.955802e-01	1.529614e-01	-1.529614e-01
5543.665	33.775	-36.430	6.371909e-01	1.399823e-01	-1.399823e-01
5600.985	31.617	-23.544	7.801804e-01	1.761018e-01	-1.761018e-01
5675.607	27.199	-43.006	6.683692e-01	1.466672e-01	-1.466672e-01
5751.876	46.208	-49.070	4.647953e-01	1.046661e-01	-1.046661e-01
5832.533	33.249	-34.448	6.594357e-01	1.478002e-01	-1.478002e-01
5919.376	39.177	-53.594	4.898192e-01	1.103012e-01	-1.103012e-01
6005.588	43.227	-47.036	5.210542e-01	1.151141e-01	-1.151141e-01
6086.366	65.250	-37.550	4.571034e-01	1.030554e-01	-1.030554e-01
6186.562	30.244	-34.946	6.878724e-01	1.541737e-01	-1.541737e-01
6274.131	63.026	-57.325	3.777403e-01	8.496231e-02	-8.496231e-02
6381.817	40.589	-44.660	5.476193e-01	1.203046e-01	-1.203046e-01
6453.955	38.656	-31.549	6.829242e-01	1.500293e-01	-1.500293e-01
6530.185	32.631	-37.574	6.353620e-01	1.432444e-01	-1.432444e-01
6597.186	38.342	-34.370	6.665259e-01	1.427109e-01	-1.427109e-01
6681.750	26.489	-46.223	6.377010e-01	1.432647e-01	-1.432647e-01
6740.619	35.319	-32.379	7.149254e-01	1.577673e-01	-1.577673e-01
6832.135	56.632	-56.197	3.970575e-01	8.994216e-02	-8.994216e-02
6936.737	44.800	-47.971	4.771089e-01	1.079476e-01	-1.079476e-01
7016.727	42.538	-35.189	5.886587e-01	1.324026e-01	-1.324026e-01
7115.917	72.270	-56.653	5.822306e-01	1.342740e-01	-1.342740e-01
7291.520	178.976	-103.333	4.768602e-01	1.199395e-01	-1.199395e-01
11334.768	49.805	-42.966	4.589531e-01	1.032134e-01	-1.032134e-01
11433.809	46.042	-49.236	4.307419e-01	9.787899e-02	-9.787899e-02
11532.198	70.511	-52.347	3.403483e-01	7.689318e-02	-7.689318e-02
11654.690	45.805	-51.980	4.242968e-01	9.608057e-02	-9.608057e-02
11746.214	52.066	-45.719	4.285537e-01	9.693262e-02	-9.693262e-02
11858.018	40.555	-59.738	4.412592e-01	9.671070e-02	-9.671070e-02
11973.988	44.936	-75.415	3.467252e-01	7.869642e-02	-7.869642e-02
12095.202	59.117	-76.278	3.085767e-01	7.020026e-02	-7.020026e-02
12222.580	69.641	-68.261	3.018422e-01	6.858866e-02	-6.858866e-02
12370.465	69.681	-78.243	3.680314e-01	7.262274e-02	-7.262274e-02
17093.280	38.994	-46.254	4.980615e-01	1.099999e-01	-1.099999e-01
17178.134	46.911	-45.860	2.683301e-01	6.023815e-02	-6.023815e-02
17261.519	41.253	-36.474	5.764094e-01	1.298898e-01	-1.298898e-01
17385.822	62.374	-83.050	3.082300e-01	6.932289e-02	-6.932289e-02
17493.938	39.507	-45.742	3.177058e-01	7.153520e-02	-7.153520e-02
17567.782	35.868	-34.337	3.584339e-01	8.038618e-02	-8.038618e-02
17646.005	50.416	-42.355	2.727896e-01	6.142179e-02	-6.142179e-02
17738.367	43.303	-41.946	3.051111e-01	6.695817e-02	-6.695817e-02
17837.186	42.269	-55.517	2.535171e-01	5.713911e-02	-5.713911e-02
17913.292	28.846	-33.837	3.971759e-01	8.898682e-02	-8.898682e-02
17979.479	45.401	-37.341	3.044240e-01	6.820586e-02	-6.820586e-02
18053.959	28.589	-29.079	4.312184e-01	9.690138e-02	-9.690138e-02
18130.785	52.055	-48.237	2.474714e-01	5.572109e-02	-5.572109e-02
18262.594	68.172	-79.754	2.651937e-01	4.802758e-02	-4.802758e-02
22883.596	50.420	-57.395	2.315346e-01	5.208363e-02	-5.208363e-02
22986.650	55.180	-52.634	2.329746e-01	5.246006e-02	-5.246006e-02
23100.360	36.748	-58.530	2.632009e-01	5.926627e-02	-5.926627e-02
23205.201	44.737	-68.093	2.304211e-01	5.061775e-02	-5.061775e-02
23294.392	55.838	-44.454	2.627951e-01	5.783985e-02	-5.783985e-02
23406.119	54.433	-55.889	2.230355e-01	5.052572e-02	-5.052572e-02
23496.526	26.709	-35.974	4.033388e-01	9.036912e-02	-9.036912e-02
23587.282	38.753	-64.047	2.461787e-01	5.537782e-02	-5.537782e-02
23706.181	45.219	-80.147	2.088777e-01	4.584147e-02	-4.584147e-02
23825.211	79.136	-73.811	1.630129e-01	3.674324e-02	-3.674324e-02
23956.587	78.140	-52.240	1.933502e-01	4.345057e-02	-4.345057e-02
24096.007	54.057	-61.280	2.146226e-01	4.832764e-02	-4.832764e-02
24209.176	68.751	-59.113	2.199125e-01	4.716028e-02	-4.716028e-02
28687.702	30.219	-32.464	4.001279e-01	9.000934e-02	-9.000934e-02
28772.698	35.487	-54.777	2.781279e-01	6.264058e-02	-6.264058e-02
28902.177	63.968	-93.993	1.642508e-01	3.654979e-02	-3.654979e-02
29002.866	51.035	-36.721	2.849091e-01	6.409071e-02	-6.409071e-02
29119.939	79.386	-66.038	1.737279e-01	3.898656e-02	-3.898656e-02
29252.206	82.515	-52.880	1.837454e-01	4.188781e-02	-4.188781e-02
29416.435	51.173	-81.715	1.883105e-01	4.246284e-02	-4.246284e-02
29525.259	50.163	-57.651	2.313833e-01	5.217548e-02	-5.217548e-02
29670.790	80.144	-95.368	1.414952e-01	3.209974e-02	-3.209974e-02
29819.177	67.153	-68.242	2.037102e-01	4.395660e-02	-4.395660e-02
30005.762	71.123	-119.433	1.296650e-01	2.952330e-02	-2.952330e-02
30177.222	77.673	-100.337	2.089941e-01	3.899590e-02	-3.899590e-02
42007.803	140.395	-100.306	1.282841e-01	2.557499e-02	-2.557499e-02
46082.343	65.505	-69.890	1.869366e-01	4.131856e-02	-4.131856e-02
46279.595	93.911	-131.747	7.842827e-02	2.067976e-02	-2.067976e-02
46459.985	76.496	-86.479	1.460598e-01	3.306485e-02	-3.306485e-02
46644.512	69.987	-108.032	1.339952e-01	3.026547e-02	-3.026547e-02
46807.488	97.567	-92.988	1.244815e-01	2.827556e-02	-2.827556e-02
47028.248	99.958	-123.193	1.067794e-01	2.414538e-02	-2.414538e-02
47230.743	120.614	-102.537	9.057366e-02	2.225884e-02	-2.225884e-02
47417.783	63.954	-66.426	1.837396e-01	4.131539e-02	-4.131539e-02
47590.680	339.336	-108.942	1.080506e-01	2.648290e-02	-2.648290e-02
51810.584	110.992	-102.129	1.166197e-01	2.642311e-02	-2.642311e-02
52092.741	117.176	-171.165	6.446718e-02	1.694125e-02	-1.694125e-02
52309.906	118.147	-99.989	1.146710e-01	2.586043e-02	-2.586043e-02
52521.201	119.974	-93.147	8.757454e-02	2.287013e-02	-2.287013e-02
52795.655	83.715	-154.480	7.827299e-02	2.054778e-02	-2.054778e-02
52982.139	102.831	-102.769	9.832536e-02	2.482043e-02	-2.482043e-02
53195.837	99.747	-110.867	9.004058e-02	2.353860e-02	-2.353860e-02
53434.487	266.037	-138.903	9.778325e-02	1.902473e-02	-1.902473e-02
57526.125	73.352	-82.102	1.667464e-01	3.748640e-02	-3.748640e-02
57795.708	152.285	-196.231	5.555713e-02	1.457903e-02	-1.457903e-02
58088.610	125.159	-140.616	7.268215e-02	1.902113e-02	-1.902113e-02
58421.545	115.667	-207.776	6.022679e-02	1.584755e-02	-1.584755e-02
58633.845	101.445	-96.633	1.321000e-01	2.973755e-02	-2.973755e-02
58857.017	118.976	-121.727	8.045248e-02	2.111195e-02	-2.111195e-02
59077.785	174.002	-101.793	8.024916e-02	1.968029e-02	-1.968029e-02
69628.029	129.183	-154.143	6.739576e-02	1.770583e-02	-1.770583e-02
69863.497	94.301	-106.284	1.258282e-01	2.856931e-02	-2.856931e-02
70111.957	131.675	-154.159	6.641634e-02	1.748449e-02	-1.748449e-02
70474.862	205.035	-231.230	7.812140e-02	1.530090e-02	-1.530090e-02
75442.188	177.147	-161.341	8.231911e-02	2.143335e-02	-2.143335e-02
76030.945	408.275	-411.611	4.778637e-02	1.038730e-02	-1.038730e-02
104477.654	281.553	-337.751	4.510174e-02	1.051820e-02	-1.051820e-02
121878.375	640.987	-577.561	3.341179e-02	6.447730e-03	-6.447730e-03
127376.481	217.480	-316.577	3.617845e-02	9.464098e-03	-9.464098e-03
128043.576	475.577	-449.615	3.288514e-02	6.849265e-03	-6.849265e-03
133577.867	688.980	-569.568	2.087723e-02	5.026807e-03	-5.026807e-03
139317.411	713.186	-608.161	2.901970e-02	5.635254e-03	-5.635254e-03
145053.486	807.361	-692.004	1.962295e-02	4.250248e-03	-4.250248e-03
156543.206	717.191	-782.174	2.873379e-02	6.601063e-03	-6.601063e-03
191526.134	10557.142	-1001.432	2.350583e-02	6.248852e-03	-6.248852e-03
202595.102	684.156	-511.826	2.309701e-02	5.277322e-03	-5.277322e-03
216771.679	4143.243	-3220.231	1.098105e-02	2.250127e-03	-2.250127e-03
291307.341	4312.584	-2954.458	9.877987e-03	2.357907e-03	-2.357907e-03
312168.215	731.572	-762.779	1.198724e-02	3.773111e-03	-3.131767e-03
