col1 col2 col3 col4 col5 col6
215.592 11.267 -11.298 3.9080254790000005e-10 8.782144970000001e-11 -8.782144970000001e-11
247.594 21.89 -20.735 2.1569977269999998e-10 4.74052297e-11 -4.74052297e-11
295.509 24.121 -26.026 1.845950878e-10 4.071439679e-11 -4.071439679e-11
360.828 29.007 -41.198 1.249877449e-10 2.847738379e-11 -2.847738379e-11
433.221 49.385 -43.386 9.48649308e-11 2.147859262e-11 -2.147859262e-11
530.268 50.123 -47.662 8.942956840000002e-11 2.032445277e-11 -2.032445277e-11
619.655 45.984 -39.264 1.035923056e-10 2.3395881980000003e-11 -2.3395881980000003e-11
700.958 32.378 -35.319 1.3095656330000002e-10 2.939205732e-11 -2.939205732e-11
775.563 45.529 -42.227 1.0015567119999999e-10 2.273351755e-11 -2.273351755e-11
862.15 56.727 -41.058 8.98482794e-11 2.039392329e-11 -2.039392329e-11
964.882 31.722 -46.005 1.13579797e-10 2.561944956e-11 -2.561944956e-11
1044.571 39.789 -47.967 9.98643055e-11 2.266738113e-11 -2.266738113e-11
1129.69 29.889 -45.33 1.22348047e-10 2.714703026e-11 -2.714703026e-11
1202.391 39.929 -42.812 1.1105986690000001e-10 2.473137089e-11 -2.473137089e-11
1265.829 19.116 -23.508 2.0723371340000002e-10 4.6802840100000004e-11 -4.6802840100000004e-11
1315.321 22.278 -30.376 1.6712029030000002e-10 3.7933272430000006e-11 -3.7933272430000006e-11
1361.452 23.785 -23.854 1.866932759e-10 4.190166547e-11 -4.190166547e-11
1401.496 21.351 -16.259 2.3510518730000003e-10 5.29649497e-11 -5.29649497e-11
1441.454 34.047 -18.606 1.668132067e-10 3.7674048320000004e-11 -3.7674048320000004e-11
1527.504 38.261 -52.003 9.686993730000001e-11 2.198771402e-11 -2.198771402e-11
1590.713 25.197 -24.949 1.841600527e-10 4.071555723e-11 -4.071555723e-11
1648.795 44.842 -32.885 1.1280576620000001e-10 2.5476698120000002e-11 -2.5476698120000002e-11
1731.306 25.014 -37.669 1.395454647e-10 3.1714171370000005e-11 -3.1714171370000005e-11
1790.324 53.752 -34.004 1.051658276e-10 2.322313663e-11 -2.322313663e-11
1868.447 25.775 -24.371 1.852916116e-10 4.062573571e-11 -4.062573571e-11
1923.514 18.348 -29.291 1.8534677580000002e-10 4.180745333e-11 -4.180745333e-11
1958.004 21.467 -16.143 2.342874235e-10 5.25837365e-11 -5.25837365e-11
2017.142 27.52 -37.67 1.35131506e-10 3.0518866210000006e-11 -3.0518866210000006e-11
2077.094 27.743 -32.433 1.5406850120000002e-10 3.39005659e-11 -3.39005659e-11
2145.47 34.587 -40.633 1.1565837020000001e-10 2.6219375390000003e-11 -2.6219375390000003e-11
2213.855 23.869 -33.799 1.526345784e-10 3.442877394e-11 -3.442877394e-11
2271.616 26.285 -33.891 1.6034639500000001e-10 3.430189628e-11 -3.430189628e-11
2326.939 21.108 -29.039 1.750904347e-10 3.95434219e-11 -3.95434219e-11
2394.621 36.155 -46.574 1.3736448700000002e-10 2.7303745949999998e-11 -2.7303745949999998e-11
5664.635 14.026 -18.569 6.03521895e-11 1.2921096710000002e-11 -1.2921096710000002e-11
5706.336 32.501 -27.674 2.8199298200000002e-11 6.32493059e-12 -6.32493059e-12
5762.867 21.101 -24.03 4.1574902020000003e-11 8.90097749e-12 -8.90097749e-12
5806.935 22.165 -22.966 4.0117372060000006e-11 8.81864254e-12 -8.81864254e-12
5847.533 21.683 -18.434 4.5495050200000003e-11 9.97146607e-12 -9.97146607e-12
5892.523 24.333 -23.306 3.787029691e-11 8.50714234e-12 -8.50714234e-12
5931.767 17.684 -14.911 5.25461954e-11 1.1840350360000001e-11 -1.1840350360000001e-11
5975.769 18.814 -26.318 4.05819724e-11 8.894634040000001e-12 -8.894634040000001e-12
6021.025 18.689 -26.443 3.848301789e-11 8.64478438e-12 -8.64478438e-12
6054.879 12.416 -15.165 6.35106647e-11 1.4201412760000001e-11 -1.4201412760000001e-11
6082.034 10.333 -14.74 7.14121353e-11 1.5606164350000002e-11 -1.5606164350000002e-11
6108.536 11.412 -16.168 6.28273907e-11 1.4157038919999999e-11 -1.4157038919999999e-11
6140.748 19.317 -20.8 4.3168523879999996e-11 9.71227227e-12 -9.71227227e-12
6183.983 21.214 -23.918 4.140390599e-11 8.88922154e-12 -8.88922154e-12
6224.616 20.697 -19.42 4.370537460000001e-11 9.81792427e-12 -9.81792427e-12
6276.139 24.335 -30.826 3.184370765e-11 7.1754162e-12 -7.1754162e-12
6325.033 25.587 -24.559 3.468660812e-11 7.81600939e-12 -7.81600939e-12
6375.146 18.099 -24.526 4.34103717e-11 9.486761540000001e-12 -9.486761540000001e-12
6421.805 24.093 -28.56 3.323655607e-11 7.48926759e-12 -7.48926759e-12
6463.939 27.091 -18.041 3.8070130740000004e-11 8.56521197e-12 -8.56521197e-12
6514.33 26.846 -23.3 3.456330704e-11 7.752336740000001e-12 -7.752336740000001e-12
6568.488 20.327 -27.312 3.626946127e-11 8.16008851e-12 -8.16008851e-12
6604.508 16.902 -15.693 5.62343595e-11 1.228927177e-11 -1.228927177e-11
6638.956 15.049 -17.546 5.2966508499999997e-11 1.186184015e-11 -1.186184015e-11
6678.303 28.355 -24.299 3.2281652510000004e-11 7.2740969e-12 -7.2740969e-12
6732.467 26.845 -25.809 3.269628898e-11 7.35617638e-12 -7.35617638e-12
6790.752 26.228 -31.44 3.14100365e-11 6.90458769e-12 -6.90458769e-12
6857.25 27.428 -40.27 2.6666660060000002e-11 5.853294e-12 -5.853294e-12
6918.381 23.964 -33.704 3.174902787e-11 6.9484765700000005e-12 -6.9484765700000005e-12
6957.011 10.408 -14.665 6.92339288e-11 1.552873962e-11 -1.552873962e-11
6999.799 35.317 -32.38 2.6467198609999998e-11 5.80100059e-12 -5.80100059e-12
7066.439 28.853 -31.323 2.8294034270000003e-11 6.395293090000001e-12 -6.395293090000001e-12
7114.081 28.85 -18.789 3.658438217e-11 8.218275050000001e-12 -8.218275050000001e-12
7163.981 36.617 -21.051 3.124601177e-11 6.83838632e-12 -6.83838632e-12
7226.363 24.382 -25.764 3.940290474e-11 8.23801552e-12 -8.23801552e-12
7279.317 24.081 -28.572 3.223030304e-11 7.2625271400000004e-12 -7.2625271400000004e-12
7332.46 38.637 -29.061 2.4919686920000002e-11 5.6413231800000005e-12 -5.6413231800000005e-12
7397.75 23.492 -26.654 3.691613378e-11 7.97040853e-12 -7.97040853e-12
7452.919 36.021 -31.677 2.6360464110000003e-11 5.76915777e-12 -5.76915777e-12
7526.701 29.936 -37.761 2.6890815500000003e-11 5.89384878e-12 -5.89384878e-12
7578.186 36.12 -21.548 2.9393962520000004e-11 6.633642270000001e-12 -6.633642270000001e-12
7648.893 28.096 -34.587 2.77767335e-11 6.24935044e-12 -6.24935044e-12
7714.164 23.001 -37.175 2.947044764e-11 6.4973122200000005e-12 -6.4973122200000005e-12
7766.098 31.242 -28.934 2.9790092570000004e-11 6.51975028e-12 -6.51975028e-12
7826.153 33.87 -28.813 2.7176972210000003e-11 6.09562678e-12 -6.09562678e-12
7901.364 28.863 -41.342 2.7607040800000003e-11 5.7872961399999995e-12 -5.7872961399999995e-12
7985.261 62.798 -55.034 2.7619775330000002e-11 4.5390524e-12 -4.5390524e-12
11493.1 59.868 -75.527 1.156691519e-11 2.61127578e-12 -2.61127578e-12
11635.094 63.299 -82.125 1.2818692210000002e-11 2.8251483360000002e-12 -2.8251483360000002e-12
11746.804 31.823 -48.411 2.4613019e-11 5.252012880000001e-12 -5.252012880000001e-12
11830.5 53.433 -51.874 1.207363777e-11 2.70758364e-12 -2.70758364e-12
11933.277 38.412 -49.344 1.410174049e-11 3.094242681e-12 -3.094242681e-12
12022.803 59.209 -51.113 1.09398316e-11 2.458021925e-12 -2.458021925e-12
12140.254 47.064 -58.243 1.479334974e-11 3.329927179e-12 -3.329927179e-12
12248.462 54.192 -61.144 1.5704225860000003e-11 3.531532845e-12 -3.531532845e-12
12391.844 58.741 -89.19 1.200741908e-11 2.710473049e-12 -2.710473049e-12
12517.758 90.789 -67.172 1.1952783140000001e-11 2.622428128e-12 -2.622428128e-12
12693.465 65.52 -84.919 9.19242979e-12 2.0751789130000002e-12 -2.0751789130000002e-12
12820.758 48.549 -61.773 1.297879829e-11 2.921545827e-12 -2.921545827e-12
12954.456 97.885 -85.149 9.76597293e-12 2.1919979829999997e-12 -2.1919979829999997e-12
13154.767 103.173 -102.426 8.55467275e-12 1.9402985469999998e-12 -1.9402985469999998e-12
13361.411 127.199 -103.471 1.1910331820000001e-11 2.158838843e-12 -2.158838843e-12
17265.228 115.315 -112.85 4.93926997e-12 1.114478782e-12 -1.114478782e-12
17477.591 103.536 -97.048 5.559005550000001e-12 1.255579193e-12 -1.255579193e-12
17656.437 45.042 -75.309 9.280874370000001e-12 2.089887057e-12 -2.089887057e-12
17801.318 80.686 -99.84 6.15104212e-12 1.389299119e-12 -1.389299119e-12
17961.686 73.265 -79.681 7.242301710000001e-12 1.640743951e-12 -1.640743951e-12
18119.525 50.82 -84.575 8.113839779999999e-12 1.838191085e-12 -1.838191085e-12
18247.871 75.421 -77.525 7.2373784999999995e-12 1.634663765e-12 -1.634663765e-12
18453.614 95.335 -130.323 3.675226493e-12 9.61754486e-13 -9.61754486e-13
18670.64 81.402 -121.691 4.050492005e-12 1.0613890850000001e-12 -1.0613890850000001e-12
18881.433 68.687 -129.391 4.188028393e-12 1.0929954870000001e-12 -1.0929954870000001e-12
19005.869 72.124 -55.749 8.767401320000001e-12 1.9624122900000003e-12 -1.9624122900000003e-12
19168.359 3870.993 -90.366 6.6701571599999996e-12 1.468008127e-12 -1.468008127e-12
79272.976 19893.639 -8876.77 2.5519928840000003e-13 5.6416436e-14 -5.6416436e-14
162979.684 56549.072 -18383.756 1.1182043140000001e-13 3.791897044e-14 -3.1220412810000005e-14
