! WT data
62.742	0.829	-0.872	2.843202e+01	4.331402e+00	-4.331402e+00
64.617	1.196	-1.047	2.190354e+01	3.265192e+00	-3.265193e+00
66.987	0.857	-1.173	2.420713e+01	3.608592e+00	-3.608593e+00
68.954	1.090	-1.111	2.232844e+01	3.328533e+00	-3.328533e+00
71.042	0.945	-0.997	2.448895e+01	3.813320e+00	-3.813320e+00
73.545	1.246	-1.558	1.724659e+01	2.627386e+00	-2.627387e+00
76.192	1.565	-1.401	1.656895e+01	2.469957e+00	-2.469957e+00
79.165	2.264	-1.408	8.921291e+00	1.628799e+00	-1.628799e+00
83.921	2.004	-2.492	1.116406e+01	1.664242e+00	-1.664242e+00
87.691	1.295	-1.767	1.651683e+01	2.462187e+00	-2.462187e+00
90.235	1.294	-1.249	1.957616e+01	2.982279e+00	-2.982279e+00
93.081	1.604	-1.552	1.592182e+01	2.373489e+00	-2.373489e+00
96.452	2.641	-1.767	1.114270e+01	1.661057e+00	-1.661058e+00
101.271	3.233	-2.178	8.531791e+00	1.330986e+00	-1.330986e+00
! PC data
115.516	6.318	-6.219	3.784810e+00	8.268537e-01	-8.268537e-01
145.738	18.720	-23.905	1.082293e+00	2.425875e-01	-2.425875e-01
180.960	16.092	-16.503	1.348405e+00	3.025966e-01	-3.025966e-01
217.393	19.777	-20.340	1.102817e+00	2.468922e-01	-2.468922e-01
266.405	38.462	-29.236	7.017245e-01	1.540046e-01	-1.540046e-01
348.598	26.474	-43.731	6.371050e-01	1.434891e-01	-1.434891e-01
397.731	24.980	-22.659	9.956814e-01	2.185181e-01	-2.185181e-01
448.114	49.816	-25.403	6.052809e-01	1.358316e-01	-1.358316e-01
616.598	122.034	-118.668	2.168856e-01	4.068043e-02	-4.068043e-02
5659.447	259.543	-372.301	4.321974e-02	1.129387e-02	-1.129387e-02
6149.703	368.534	-230.714	6.061477e-02	1.405940e-02	-1.405940e-02
11689.620	608.505	-762.988	2.675541e-02	5.448221e-03	-5.448221e-03
16614.945	1463.157	-1056.684	1.488395e-02	3.000182e-03	-3.000182e-03
22650.418	1206.929	-1260.260	1.467066e-02	2.892097e-03	-2.892097e-03
28500.615	1134.163	-1160.029	1.105504e-02	2.670608e-03	-2.670608e-03
34286.146	1128.433	-1393.911	8.430501e-03	2.177545e-03	-2.177545e-03
43442.996	3530.232	-4622.384	1.028484e-02	2.760634e-03	-2.760634e-03
! PC upper limits
200825.297	1496.879	-158.891	1.8036e-02	0.0000e+00	0.0000e+00
