! PC data
141.911	13.121	-26.996	1.828408e+00	4.114138e-01	-4.114138e-01
166.572	8.518	-11.541	3.968225e+00	8.674119e-01	-8.674119e-01
185.685	9.463	-10.595	4.000893e+00	8.564667e-01	-8.564667e-01
203.353	9.346	-8.205	4.290840e+00	9.620359e-01	-9.620359e-01
224.244	13.529	-11.544	2.934641e+00	6.579667e-01	-6.579667e-01
256.061	14.307	-18.288	2.263626e+00	5.075207e-01	-5.075207e-01
297.519	33.024	-27.151	1.286329e+00	2.818977e-01	-2.818977e-01
373.880	44.419	-43.337	8.539647e-01	1.924980e-01	-1.924980e-01
467.335	53.763	-49.036	7.245379e-01	1.637648e-01	-1.637648e-01
565.200	51.177	-44.101	7.726837e-01	1.743326e-01	-1.743326e-01
658.793	100.500	-42.417	5.054222e-01	1.137261e-01	-1.137261e-01
824.945	54.700	-65.651	6.092681e-01	1.373393e-01	-1.373393e-01
998.712	91.547	-119.068	3.451047e-01	7.842713e-02	-7.842713e-02
1202.089	113.829	-111.830	3.196915e-01	7.298261e-02	-7.298261e-02
1432.700	78.789	-116.782	2.367626e-01	5.372063e-02	-5.372063e-02
1567.943	53.867	-56.455	2.212005e-01	4.974505e-02	-4.974505e-02
1665.218	46.856	-43.408	2.705952e-01	6.079526e-02	-6.079526e-02
1788.363	69.135	-76.290	1.670799e-01	3.768189e-02	-3.768189e-02
1914.168	38.609	-56.669	2.580438e-01	5.808602e-02	-5.808602e-02
2057.904	105.482	-105.128	1.678786e-01	3.156661e-02	-3.156661e-02
5899.968	159.448	-311.927	4.982543e-02	1.315656e-02	-1.315656e-02
6891.390	974.912	-831.973	4.263295e-02	7.808420e-03	-7.808420e-03
11762.221	305.945	-522.102	3.034040e-02	8.041730e-03	-8.041730e-03
12394.206	325.864	-326.039	3.225131e-02	8.496798e-03	-8.496798e-03
14974.610	3270.692	-2254.540	2.197150e-02	4.231428e-03	-4.231428e-03
35807.523	751.617	-1179.004	8.036672e-03	2.675526e-03	-2.221979e-03
