! WT data
107.836	0.316	-0.241	1.352012e+02	1.651887e+01	-1.652062e+01
108.440	0.303	-0.288	1.262425e+02	1.562123e+01	-1.562276e+01
109.049	0.348	-0.306	1.149966e+02	1.405031e+01	-1.405184e+01
109.722	0.263	-0.324	1.282374e+02	1.566803e+01	-1.566968e+01
110.348	0.341	-0.363	1.068634e+02	1.305649e+01	-1.305782e+01
111.018	0.344	-0.329	9.751215e+01	1.288051e+01	-1.288182e+01
111.649	0.345	-0.288	1.177320e+02	1.456872e+01	-1.457068e+01
112.294	0.299	-0.299	1.247419e+02	1.543681e+01	-1.543943e+01
112.827	0.278	-0.234	9.728302e+01	1.478116e+01	-1.478313e+01
113.363	0.260	-0.258	9.767370e+01	1.456247e+01	-1.456458e+01
113.950	0.301	-0.327	1.198801e+02	1.464891e+01	-1.465210e+01
114.522	0.286	-0.271	9.888032e+01	1.412853e+01	-1.413115e+01
115.185	0.354	-0.377	1.009908e+02	1.265967e+01	-1.266292e+01
115.879	0.272	-0.340	1.218384e+02	1.508002e+01	-1.508447e+01
116.438	0.302	-0.287	8.586862e+01	1.280362e+01	-1.280637e+01
117.077	0.385	-0.337	1.022339e+02	1.281712e+01	-1.282155e+01
117.845	0.261	-0.383	1.157803e+02	1.433259e+01	-1.433845e+01
118.388	0.385	-0.282	1.125800e+02	1.393623e+01	-1.394181e+01
119.023	0.274	-0.249	9.955652e+01	1.468436e+01	-1.468889e+01
119.572	0.253	-0.276	9.640667e+01	1.437704e+01	-1.438154e+01
120.135	0.330	-0.311	7.726849e+01	1.196946e+01	-1.197310e+01
120.775	0.309	-0.310	8.110433e+01	1.232670e+01	-1.233091e+01
121.468	0.369	-0.384	9.981769e+01	1.235906e+01	-1.236572e+01
122.184	0.347	-0.347	7.341871e+01	1.095088e+01	-1.095556e+01
122.775	0.297	-0.244	9.418679e+01	1.405012e+01	-1.405705e+01
123.428	0.275	-0.356	8.065563e+01	1.203171e+01	-1.203769e+01
124.118	0.395	-0.414	6.292920e+01	9.387520e+00	-9.392260e+00
124.819	0.302	-0.306	8.372053e+01	1.248947e+01	-1.249601e+01
125.401	0.284	-0.280	9.032598e+01	1.347509e+01	-1.348226e+01
126.083	0.356	-0.398	6.753015e+01	1.007435e+01	-1.007971e+01
126.831	0.279	-0.391	7.378255e+01	1.143307e+01	-1.143873e+01
127.444	0.273	-0.334	8.277078e+01	1.258537e+01	-1.259286e+01
128.178	0.334	-0.461	6.314274e+01	9.602146e+00	-9.608587e+00
129.062	0.746	-0.550	3.974322e+01	6.044106e+00	-6.048357e+00
130.193	0.388	-0.385	6.847919e+01	1.022057e+01	-1.022873e+01
131.012	0.452	-0.430	6.005719e+01	8.963988e+00	-8.971388e+00
131.836	0.416	-0.372	6.724036e+01	1.003681e+01	-1.004551e+01
132.725	0.402	-0.473	5.968095e+01	9.077775e+00	-9.085085e+00
133.585	0.357	-0.457	6.411282e+01	9.753492e+00	-9.762326e+00
134.432	0.439	-0.489	5.706630e+01	8.519109e+00	-8.527073e+00
135.382	0.537	-0.511	5.057438e+01	7.550679e+00	-7.558183e+00
136.570	0.614	-0.651	4.070107e+01	6.312438e+00	-6.318925e+00
137.742	0.532	-0.559	4.859415e+01	7.255609e+00	-7.263186e+00
138.858	0.685	-0.583	4.179445e+01	6.240831e+00	-6.247670e+00
140.077	0.553	-0.534	4.833459e+01	7.356648e+00	-7.365613e+00
141.269	0.699	-0.639	3.984111e+01	5.950953e+00	-5.958694e+00
142.525	0.528	-0.557	4.911377e+01	7.335438e+00	-7.344591e+00
143.868	0.667	-0.815	3.596641e+01	5.371092e+00	-5.377315e+00
145.124	0.569	-0.589	4.536450e+01	6.903497e+00	-6.911167e+00
146.411	0.921	-0.718	3.252992e+01	4.858044e+00	-4.863769e+00
148.276	0.773	-0.944	3.060371e+01	4.657967e+00	-4.663640e+00
149.990	1.192	-0.941	2.405125e+01	3.731117e+00	-3.735590e+00
152.183	1.128	-1.002	2.433843e+01	3.635325e+00	-3.640029e+00
154.332	1.080	-1.021	2.431610e+01	3.700644e+00	-3.704928e+00
156.768	1.336	-1.356	1.925532e+01	2.875619e+00	-2.879020e+00
159.457	1.081	-1.353	2.099233e+01	3.194302e+00	-3.197663e+00
161.645	0.971	-1.107	2.478943e+01	3.701926e+00	-3.706189e+00
164.206	1.424	-1.589	1.708447e+01	2.551261e+00	-2.554170e+00
167.359	1.964	-1.729	1.394074e+01	2.081312e+00	-2.083371e+00
171.092	1.614	-1.768	1.477765e+01	2.290999e+00	-2.292784e+00
174.603	2.221	-1.897	1.247588e+01	1.862174e+00	-1.863744e+00
179.150	2.361	-2.326	1.065209e+01	1.651158e+00	-1.652296e+00
183.728	2.976	-2.217	6.580959e+00	1.202337e+00	-1.202895e+00
188.962	2.513	-2.259	9.390047e+00	1.517769e+00	-1.518535e+00
193.638	2.648	-2.163	7.221319e+00	1.319050e+00	-1.319498e+00
! PC data
207.706	7.187	-7.857	2.993685e+00	6.720301e-01	-6.720301e-01
224.621	7.824	-9.727	2.518162e+00	5.647305e-01	-5.647305e-01
242.436	12.575	-9.991	2.058487e+00	4.504540e-01	-4.504540e-01
276.772	23.370	-21.762	9.825659e-01	2.203531e-01	-2.203531e-01
340.068	72.903	-39.926	3.903377e-01	8.805505e-02	-8.805505e-02
547.371	121.344	-134.401	7.180030e-02	1.886520e-02	-1.886520e-02
1094.839	827.526	-426.123	2.166442e-02	4.787372e-03	-4.787372e-03
12041.370	1448.629	-1091.266	8.615017e-03	2.175161e-03	-2.175161e-03
24197.354	844.625	-1111.069	6.627966e-03	2.521377e-03	-2.038333e-03
