! PC data
596.726	66.463	-46.366	2.139983e-01	4.794986e-02	-4.794986e-02
780.643	140.800	-117.453	2.422667e-01	5.509532e-02	-5.509532e-02
982.845	48.919	-61.402	2.211803e-01	4.966122e-02	-4.966122e-02
1073.262	38.737	-41.497	3.036281e-01	6.796302e-02	-6.796302e-02
1211.790	93.272	-99.791	9.403174e-02	2.444608e-02	-2.444608e-02
1386.119	69.382	-81.057	1.599952e-01	3.607205e-02	-3.607205e-02
1558.109	90.455	-102.608	9.338285e-02	2.465075e-02	-2.465075e-02
1772.625	154.245	-124.061	7.322120e-02	1.819794e-02	-1.819794e-02
7204.340	462.406	-510.426	2.029765e-02	5.290718e-03	-5.290718e-03
