col1 col2 col3 col4 col5 col6
154.725 9.686 -10.372 1.87866575e-10 4.0194358e-11 -4.0194358e-11
182.944 19.077 -18.532 9.133601700000001e-11 2.0642507200000002e-11 -2.0642507200000002e-11
229.61 22.558 -27.588 7.167233e-11 1.57269203e-11 -1.57269203e-11
302.3 50.16 -50.133 3.458908e-11 7.756813200000001e-12 -7.756813200000001e-12
442.39 130.713 -89.93 1.04095837e-11 2.3582453200000003e-12 -2.3582453200000003e-12
743.364 411.434 -170.261 3.11322477e-12 7.3931254e-13 -7.3931254e-13
1428.793 578.485 -273.995 1.6249645200000001e-12 4.6723267e-13 -4.6723267e-13
13135.657 34600.775 -7737.081 1.06642473e-13 2.07813867e-14 -2.07813867e-14
199286.699 26742.258 -105455.371 3.2350624400000003e-14 1.3295654e-14 -1.0748477800000001e-14
