! WT data
148.649	0.222	-0.287	9.688266e+01	1.457108e+01	-1.457107e+01
149.137	0.246	-0.267	9.408681e+01	1.431329e+01	-1.431329e+01
149.662	0.264	-0.279	9.020391e+01	1.344682e+01	-1.344682e+01
150.280	0.361	-0.355	6.843820e+01	1.020218e+01	-1.020217e+01
150.904	0.255	-0.263	9.454361e+01	1.409374e+01	-1.409374e+01
151.480	0.350	-0.321	7.187378e+01	1.093405e+01	-1.093405e+01
152.138	0.215	-0.308	9.357887e+01	1.394993e+01	-1.394993e+01
152.809	0.346	-0.457	6.100258e+01	9.093737e+00	-9.093735e+00
153.432	0.285	-0.277	8.312259e+01	1.317666e+01	-1.317666e+01
154.071	0.253	-0.354	7.946352e+01	1.208867e+01	-1.208867e+01
154.645	0.273	-0.321	8.112954e+01	1.234212e+01	-1.234212e+01
155.244	0.366	-0.326	7.072808e+01	1.054353e+01	-1.054353e+01
155.893	0.326	-0.283	7.923018e+01	1.205317e+01	-1.205317e+01
156.597	0.317	-0.379	6.930185e+01	1.054279e+01	-1.054279e+01
157.219	0.300	-0.305	8.091820e+01	1.206259e+01	-1.206258e+01
157.771	0.362	-0.252	7.974537e+01	1.188775e+01	-1.188775e+01
158.427	0.273	-0.295	8.494375e+01	1.292237e+01	-1.292237e+01
158.938	0.291	-0.237	9.387821e+01	1.423865e+01	-1.423865e+01
159.568	0.321	-0.339	1.102482e+02	1.346898e+01	-1.346898e+01
160.148	0.301	-0.259	9.883928e+01	1.384028e+01	-1.384028e+01
160.732	0.402	-0.283	9.831077e+01	1.248550e+01	-1.248549e+01
161.448	0.284	-0.314	8.176056e+01	1.218816e+01	-1.218816e+01
162.040	0.286	-0.308	7.976852e+01	1.238621e+01	-1.238621e+01
162.601	0.304	-0.275	8.640624e+01	1.273992e+01	-1.273992e+01
163.202	0.301	-0.297	8.176045e+01	1.218814e+01	-1.218814e+01
163.848	0.262	-0.346	8.032618e+01	1.197433e+01	-1.197433e+01
164.399	0.322	-0.289	8.009187e+01	1.193940e+01	-1.193940e+01
165.056	0.259	-0.336	8.225003e+01	1.226112e+01	-1.226112e+01
165.655	0.252	-0.340	8.249714e+01	1.229796e+01	-1.229796e+01
166.225	0.272	-0.317	8.299549e+01	1.237225e+01	-1.237225e+01
166.812	0.371	-0.316	7.116982e+01	1.060938e+01	-1.060938e+01
167.611	0.364	-0.428	6.173258e+01	9.202560e+00	-9.202558e+00
168.223	0.263	-0.248	9.997255e+01	1.458251e+01	-1.458251e+01
168.882	0.306	-0.396	6.850138e+01	1.042102e+01	-1.042101e+01
169.508	0.358	-0.320	7.309076e+01	1.089574e+01	-1.089574e+01
170.178	0.270	-0.312	8.516524e+01	1.295607e+01	-1.295606e+01
170.730	0.337	-0.282	8.002583e+01	1.217421e+01	-1.217421e+01
171.354	0.265	-0.287	9.323883e+01	1.374733e+01	-1.374733e+01
172.026	0.279	-0.407	7.325298e+01	1.091992e+01	-1.091992e+01
172.652	0.344	-0.346	7.287538e+01	1.086363e+01	-1.086363e+01
173.334	0.254	-0.339	8.491198e+01	1.265794e+01	-1.265794e+01
173.930	0.411	-0.342	6.684552e+01	9.964753e+00	-9.964751e+00
174.727	0.309	-0.387	7.013386e+01	1.089017e+01	-1.089017e+01
175.412	0.261	-0.376	7.898236e+01	1.177401e+01	-1.177400e+01
175.983	0.343	-0.310	7.704583e+01	1.148533e+01	-1.148532e+01
176.588	0.304	-0.262	8.891892e+01	1.325526e+01	-1.325526e+01
177.257	0.348	-0.366	6.838397e+01	1.061845e+01	-1.061845e+01
177.922	0.345	-0.317	7.486290e+01	1.138879e+01	-1.138878e+01
178.588	0.278	-0.321	8.263806e+01	1.257161e+01	-1.257161e+01
179.184	0.343	-0.317	9.593222e+01	1.300067e+01	-1.300067e+01
179.844	0.302	-0.317	8.125197e+01	1.211234e+01	-1.211234e+01
180.400	0.318	-0.254	8.590910e+01	1.280659e+01	-1.280658e+01
181.011	0.213	-0.294	9.492933e+01	1.444146e+01	-1.444146e+01
181.587	0.315	-0.363	7.209882e+01	1.074787e+01	-1.074787e+01
182.309	0.401	-0.407	5.868000e+01	9.111651e+00	-9.111650e+00
183.161	0.340	-0.451	6.079724e+01	9.248997e+00	-9.248995e+00
183.773	0.247	-0.272	9.407487e+01	1.402387e+01	-1.402387e+01
184.350	0.370	-0.330	6.884298e+01	1.047298e+01	-1.047298e+01
185.078	0.327	-0.358	6.919575e+01	1.074451e+01	-1.074450e+01
185.697	0.338	-0.292	7.759692e+01	1.156748e+01	-1.156748e+01
186.310	0.373	-0.275	7.546513e+01	1.124969e+01	-1.124969e+01
187.069	0.380	-0.387	6.373399e+01	9.500913e+00	-9.500911e+00
187.853	0.285	-0.404	6.990910e+01	1.063517e+01	-1.063517e+01
188.581	0.285	-0.443	6.716215e+01	1.001195e+01	-1.001195e+01
189.232	0.439	-0.367	6.063873e+01	9.039498e+00	-9.039496e+00
190.186	0.414	-0.514	5.182835e+01	7.884573e+00	-7.884571e+00
190.916	0.260	-0.316	8.478452e+01	1.263894e+01	-1.263894e+01
191.569	0.369	-0.392	6.560658e+01	9.673173e+00	-9.673172e+00
192.328	0.460	-0.390	5.659975e+01	8.610439e+00	-8.610438e+00
193.202	0.385	-0.413	6.117854e+01	9.119968e+00	-9.119966e+00
193.946	0.337	-0.359	6.919502e+01	1.052654e+01	-1.052654e+01
194.746	0.438	-0.464	5.172707e+01	8.199820e+00	-8.199818e+00
195.587	0.401	-0.402	6.090845e+01	9.079705e+00	-9.079703e+00
196.334	0.301	-0.347	7.546561e+01	1.124976e+01	-1.124976e+01
197.004	0.408	-0.369	6.285842e+01	9.370390e+00	-9.370388e+00
197.812	0.291	-0.399	7.079822e+01	1.055399e+01	-1.055398e+01
198.592	0.454	-0.489	5.104701e+01	7.765708e+00	-7.765707e+00
199.353	0.404	-0.307	6.660047e+01	1.034152e+01	-1.034152e+01
200.320	0.396	-0.563	5.019344e+01	7.635856e+00	-7.635855e+00
201.115	0.405	-0.399	5.985555e+01	9.105738e+00	-9.105737e+00
202.000	0.454	-0.480	5.232295e+01	7.799853e+00	-7.799852e+00
202.977	0.569	-0.523	4.473736e+01	6.669059e+00	-6.669057e+00
203.959	0.358	-0.412	6.344027e+01	9.457127e+00	-9.457125e+00
204.752	0.398	-0.434	5.869495e+01	8.749736e+00	-8.749735e+00
205.531	0.393	-0.381	6.219582e+01	9.461761e+00	-9.461759e+00
206.512	0.361	-0.589	5.144033e+01	7.668280e+00	-7.668278e+00
207.207	0.314	-0.333	7.546456e+01	1.124961e+01	-1.124960e+01
207.962	0.406	-0.441	5.683773e+01	8.646642e+00	-8.646641e+00
208.738	0.290	-0.370	7.404218e+01	1.103757e+01	-1.103757e+01
209.410	0.362	-0.382	6.571586e+01	9.796352e+00	-9.796350e+00
210.217	0.420	-0.445	5.652081e+01	8.425634e+00	-8.425632e+00
211.097	0.430	-0.460	5.493821e+01	8.189714e+00	-8.189712e+00
212.023	0.431	-0.496	5.272686e+01	7.860065e+00	-7.860063e+00
212.798	0.287	-0.345	7.739452e+01	1.153731e+01	-1.153730e+01
213.374	0.280	-0.290	8.585892e+01	1.279911e+01	-1.279910e+01
214.165	0.402	-0.511	5.355655e+01	7.983748e+00	-7.983747e+00
214.920	0.312	-0.353	7.509381e+01	1.107199e+01	-1.107199e+01
215.694	0.358	-0.462	5.869835e+01	8.929696e+00	-8.929694e+00
216.459	0.415	-0.407	5.946864e+01	8.865071e+00	-8.865069e+00
217.425	0.515	-0.550	4.586731e+01	6.837501e+00	-6.837500e+00
218.359	0.447	-0.419	5.641584e+01	8.409985e+00	-8.409984e+00
219.210	0.448	-0.404	5.735812e+01	8.550452e+00	-8.550450e+00
220.200	0.436	-0.541	5.004568e+01	7.460377e+00	-7.460375e+00
221.040	0.478	-0.405	5.455634e+01	8.299577e+00	-8.299576e+00
222.014	0.427	-0.496	5.293786e+01	7.891518e+00	-7.891517e+00
223.037	0.560	-0.596	4.320699e+01	6.370530e+00	-6.370529e+00
224.061	0.437	-0.464	5.429478e+01	8.093797e+00	-8.093795e+00
225.106	0.701	-0.608	3.676443e+01	5.592920e+00	-5.592919e+00
226.393	0.523	-0.585	4.343278e+01	6.607366e+00	-6.607365e+00
227.458	0.387	-0.542	5.183838e+01	7.886098e+00	-7.886096e+00
228.277	0.369	-0.433	6.091496e+01	9.080675e+00	-9.080674e+00
229.392	0.556	-0.745	3.841862e+01	5.664522e+00	-5.664521e+00
230.474	0.442	-0.527	5.040869e+01	7.514492e+00	-7.514491e+00
231.300	0.442	-0.383	5.920940e+01	8.826425e+00	-8.826423e+00
232.437	0.661	-0.694	3.442233e+01	5.456658e+00	-5.456657e+00
233.482	0.522	-0.383	5.397652e+01	8.046352e+00	-8.046351e+00
234.631	0.589	-0.628	3.895616e+01	6.048993e+00	-6.048992e+00
235.600	0.348	-0.379	6.717776e+01	1.001428e+01	-1.001428e+01
236.525	0.432	-0.576	4.845705e+01	7.223559e+00	-7.223557e+00
237.651	0.638	-0.694	3.612949e+01	5.496327e+00	-5.496326e+00
238.882	0.566	-0.593	4.220454e+01	6.291487e+00	-6.291486e+00
239.871	0.356	-0.424	6.178212e+01	9.398825e+00	-9.398823e+00
240.717	0.489	-0.490	4.995403e+01	7.446714e+00	-7.446713e+00
241.726	0.716	-0.520	3.953373e+01	5.893347e+00	-5.893346e+00
242.904	0.523	-0.462	4.959413e+01	7.393065e+00	-7.393063e+00
243.977	0.465	-0.549	4.820210e+01	7.185553e+00	-7.185552e+00
245.011	0.651	-0.569	4.005171e+01	5.970562e+00	-5.970561e+00
246.234	0.595	-0.572	4.188334e+01	6.243605e+00	-6.243604e+00
247.469	0.663	-0.639	3.696843e+01	5.623954e+00	-5.623953e+00
248.786	0.591	-0.654	3.806654e+01	5.910855e+00	-5.910854e+00
249.989	0.477	-0.612	4.421743e+01	6.726734e+00	-6.726733e+00
250.867	0.359	-0.401	6.240409e+01	9.689916e+00	-9.689914e+00
251.851	0.522	-0.626	4.195533e+01	6.382605e+00	-6.382603e+00
253.012	0.509	-0.639	4.195486e+01	6.382533e+00	-6.382532e+00
253.996	0.446	-0.476	5.304143e+01	7.906957e+00	-7.906956e+00
255.103	0.629	-0.661	3.734877e+01	5.681815e+00	-5.681814e+00
256.298	0.496	-0.566	4.607301e+01	6.868165e+00	-6.868164e+00
257.382	0.609	-0.588	4.054480e+01	6.221297e+00	-6.221296e+00
258.558	0.615	-0.566	4.079858e+01	6.206629e+00	-6.206628e+00
259.694	0.605	-0.521	4.345224e+01	6.477484e+00	-6.477482e+00
260.860	0.448	-0.561	4.851025e+01	7.231488e+00	-7.231487e+00
261.670	0.380	-0.362	6.595989e+01	9.832730e+00	-9.832728e+00
262.858	0.624	-0.808	3.416807e+01	5.093480e+00	-5.093479e+00
264.093	0.613	-0.611	3.937598e+01	5.990211e+00	-5.990210e+00
265.355	0.590	-0.649	3.773081e+01	5.981120e+00	-5.981119e+00
266.545	0.516	-0.601	4.477164e+01	6.601226e+00	-6.601224e+00
267.622	0.516	-0.561	4.546340e+01	6.777291e+00	-6.777289e+00
268.554	0.415	-0.416	5.889798e+01	8.780001e+00	-8.779999e+00
! PC data
3620.022	58.485	-54.344	2.349569e-01	5.154797e-02	-5.154797e-02
3744.228	54.630	-65.721	3.499508e-01	7.890120e-02	-7.890120e-02
3866.906	54.810	-68.048	3.791200e-01	8.508526e-02	-8.508526e-02
3999.944	62.182	-78.228	3.332590e-01	7.493042e-02	-7.493042e-02
4124.660	55.310	-62.534	2.224571e-01	5.016624e-02	-5.016624e-02
4243.146	59.682	-63.177	2.170693e-01	4.753820e-02	-4.753820e-02
4364.342	81.403	-61.514	3.699601e-01	8.101279e-02	-8.101279e-02
4546.909	76.855	-101.164	2.764335e-01	6.226575e-02	-6.226575e-02
4759.149	70.214	-135.385	2.161061e-01	4.889451e-02	-4.889451e-02
4876.674	40.446	-47.310	3.046599e-01	6.850943e-02	-6.850943e-02
5003.522	76.573	-86.403	2.484382e-01	5.591063e-02	-5.591063e-02
5146.049	56.905	-65.954	2.073977e-01	4.655011e-02	-4.655011e-02
5276.036	57.298	-73.082	1.964867e-01	4.414271e-02	-4.414271e-02
5383.167	52.968	-49.832	2.465047e-01	5.527560e-02	-5.527560e-02
5531.506	65.097	-95.372	1.570172e-01	3.540889e-02	-3.540889e-02
5689.314	77.786	-92.712	1.486333e-01	3.354996e-02	-3.354996e-02
5893.402	111.886	-126.302	1.528352e-01	2.865874e-02	-2.865874e-02
10306.942	191.318	-179.765	5.315628e-02	1.389320e-02	-1.389320e-02
10673.121	126.017	-174.861	6.550847e-02	1.714074e-02	-1.714074e-02
11049.190	193.743	-250.052	4.391410e-02	1.151613e-02	-1.151613e-02
11472.888	261.469	-229.955	5.053024e-02	1.174562e-02	-1.174562e-02
16894.732	579.108	-601.683	1.988425e-02	5.203617e-03	-5.203617e-03
