! WT data
93.910	0.631	-0.641	1.781732e+02	2.357886e+01	-2.206225e+01
95.122	0.629	-0.581	1.856018e+02	2.583009e+01	-2.335245e+01
96.237	0.475	-0.486	2.381093e+02	3.356074e+01	-2.948032e+01
97.210	0.420	-0.498	2.468873e+02	3.464244e+01	-3.074087e+01
98.076	0.513	-0.446	2.297587e+02	3.330214e+01	-2.968053e+01
98.969	0.370	-0.380	3.046885e+02	4.347895e+01	-3.769143e+01
99.708	0.375	-0.368	2.962677e+02	4.379937e+01	-3.840944e+01
100.402	0.334	-0.319	3.503496e+02	5.028560e+01	-4.374499e+01
101.129	0.477	-0.393	2.581016e+02	3.759085e+01	-3.287494e+01
101.960	0.319	-0.354	3.338928e+02	4.769999e+01	-4.186686e+01
102.658	0.398	-0.380	2.942283e+02	4.039335e+01	-3.598750e+01
103.395	0.390	-0.339	3.076501e+02	4.163016e+01	-3.858794e+01
104.055	0.323	-0.270	3.647240e+02	5.039911e+01	-4.685045e+01
104.729	0.318	-0.351	3.261030e+02	4.733174e+01	-4.149772e+01
105.389	0.316	-0.342	3.345316e+02	4.796321e+01	-4.199308e+01
106.108	0.509	-0.402	3.393472e+02	5.218157e+01	-4.561260e+01
107.180	0.529	-0.564	4.581946e+02	8.374379e+01	-7.200156e+01
108.339	0.567	-0.631	4.145082e+02	7.584803e+01	-6.293424e+01
109.451	0.507	-0.545	4.438583e+02	8.413352e+01	-6.959813e+01
110.390	0.468	-0.433	5.513003e+02	9.905222e+01	-7.537720e+01
111.435	0.560	-0.577	4.396767e+02	7.990783e+01	-5.770164e+01
112.410	0.385	-0.416	6.146235e+02	1.086969e+02	-8.153701e+01
113.253	0.433	-0.458	5.568039e+02	1.022087e+02	-7.296540e+01
114.043	0.300	-0.356	7.946551e+02	1.397238e+02	-9.853890e+01
114.668	0.339	-0.325	7.415087e+02	1.348210e+02	-9.897340e+01
115.307	0.295	-0.301	8.398064e+02	1.518461e+02	-1.094392e+02
115.870	0.348	-0.267	9.453733e+02	1.667327e+02	-1.138909e+02
116.543	0.338	-0.325	7.463312e+02	1.370141e+02	-9.908172e+01
117.254	0.423	-0.372	9.556713e+02	1.602782e+02	-1.022068e+02
118.030	0.307	-0.353	7.440954e+02	1.390035e+02	-1.006204e+02
118.715	0.405	-0.378	1.014756e+03	1.673599e+02	-1.025069e+02
119.430	0.258	-0.310	9.032495e+02	1.623330e+02	-1.165465e+02
120.063	0.391	-0.376	1.027723e+03	1.678077e+02	-1.249910e+02
120.868	0.371	-0.413	1.325411e+03	1.786851e+02	-3.970093e+02
121.633	0.392	-0.394	1.308531e+03	1.740960e+02	-4.000573e+02
122.376	0.336	-0.351	1.482477e+03	1.960542e+02	-4.599514e+02
123.173	0.466	-0.461	1.057124e+03	1.484868e+02	-3.206500e+02
124.034	0.412	-0.396	1.226487e+03	1.735362e+02	-3.680898e+02
124.939	0.465	-0.493	1.040707e+03	1.467344e+02	-3.120431e+02
125.827	0.423	-0.423	1.195599e+03	1.652096e+02	-3.600349e+02
126.638	0.404	-0.387	1.320392e+03	1.792633e+02	-3.914217e+02
127.479	0.483	-0.437	1.171964e+03	1.568359e+02	-3.445006e+02
128.379	0.452	-0.417	1.185186e+03	1.523355e+02	-3.531983e+02
129.341	0.500	-0.511	1.023660e+03	1.290797e+02	-2.987045e+02
130.278	0.508	-0.437	1.082429e+03	1.417544e+02	-3.325333e+02
131.155	0.451	-0.370	8.118644e+02	1.274667e+02	-2.537090e+02
131.971	0.361	-0.365	8.948196e+02	1.388005e+02	-2.903512e+02
132.770	0.442	-0.438	7.869994e+02	1.185941e+02	-2.450212e+02
133.630	0.374	-0.417	8.479070e+02	1.337184e+02	-2.628926e+02
134.472	0.494	-0.468	9.262098e+02	1.275761e+02	-2.874003e+02
135.347	0.439	-0.381	8.184828e+02	1.292358e+02	-2.525442e+02
136.233	0.471	-0.447	7.193966e+02	1.120238e+02	-2.159634e+02
137.142	0.540	-0.437	6.705774e+02	1.026938e+02	-2.110204e+02
138.300	0.584	-0.619	5.717396e+02	8.840586e+01	-1.755067e+02
139.367	0.663	-0.483	6.001489e+02	8.899577e+01	-1.936619e+02
140.502	0.428	-0.472	7.940486e+02	1.164376e+02	-2.477295e+02
141.431	0.524	-0.501	6.456613e+02	1.011591e+02	-1.843946e+02
142.685	0.627	-0.731	4.865172e+02	7.258444e+01	-1.480389e+02
143.566	0.267	-0.254	5.633717e+02	7.449795e+01	-7.394481e+01
144.155	0.309	-0.321	4.749229e+02	6.106764e+01	-6.132776e+01
144.735	0.355	-0.271	4.689429e+02	6.195571e+01	-6.160757e+01
145.497	0.428	-0.408	3.577145e+02	4.587509e+01	-4.662335e+01
146.292	0.403	-0.366	3.891654e+02	5.159698e+01	-5.033737e+01
147.175	0.504	-0.480	3.142099e+02	4.152569e+01	-3.929127e+01
147.983	0.300	-0.305	4.989813e+02	6.658137e+01	-6.362846e+01
148.678	0.409	-0.395	3.753395e+02	5.287496e+01	-4.776069e+01
149.629	0.459	-0.541	2.964327e+02	4.268108e+01	-3.859086e+01
150.684	0.515	-0.597	2.690001e+02	3.749807e+01	-3.464331e+01
151.648	0.508	-0.449	3.068174e+02	4.456033e+01	-4.108650e+01
152.772	0.541	-0.615	2.610016e+02	3.693372e+01	-3.320727e+01
153.765	0.615	-0.452	2.773096e+02	3.995981e+01	-3.614011e+01
155.033	0.726	-0.653	2.216564e+02	3.079302e+01	-2.772181e+01
156.390	0.702	-0.630	2.212415e+02	3.152875e+01	-2.877257e+01
157.856	0.736	-0.764	1.983724e+02	2.587473e+01	-2.575588e+01
159.215	0.521	-0.623	2.648043e+02	3.422691e+01	-3.353190e+01
160.341	0.487	-0.605	1.924148e+02	2.458160e+01	-2.387267e+01
161.210	0.349	-0.382	2.123220e+02	2.835988e+01	-2.695233e+01
161.856	0.299	-0.297	2.656251e+02	3.531901e+01	-3.286956e+01
162.553	0.324	-0.398	2.191731e+02	2.865479e+01	-2.712057e+01
163.334	0.382	-0.456	1.936012e+02	2.418879e+01	-2.347853e+01
164.201	0.498	-0.486	1.593546e+02	2.044099e+01	-1.997053e+01
165.104	0.438	-0.405	1.859216e+02	2.446663e+01	-2.330129e+01
166.005	0.532	-0.462	1.607268e+02	2.037480e+01	-1.963662e+01
167.084	0.476	-0.547	1.517610e+02	2.005391e+01	-1.926462e+01
168.088	0.598	-0.528	1.392156e+02	1.944847e+01	-1.745394e+01
169.150	0.422	-0.464	1.769547e+02	2.484212e+01	-2.220099e+01
170.080	0.323	-0.508	1.626101e+02	2.192192e+01	-2.043622e+01
170.701	0.282	-0.298	1.337566e+02	1.638119e+01	-1.643028e+01
171.308	0.321	-0.325	1.194795e+02	1.491972e+01	-1.496296e+01
171.954	0.358	-0.325	1.124008e+02	1.395316e+01	-1.399360e+01
172.580	0.305	-0.268	1.340433e+02	1.663744e+01	-1.668393e+01
173.215	0.385	-0.330	1.084679e+02	1.328331e+01	-1.332257e+01
173.917	0.339	-0.317	1.181702e+02	1.447217e+01	-1.451545e+01
174.633	0.310	-0.377	1.129633e+02	1.383272e+01	-1.387279e+01
175.224	0.253	-0.281	1.438730e+02	1.785499e+01	-1.790307e+01
175.789	0.352	-0.311	1.169026e+02	1.431185e+01	-1.435095e+01
176.534	0.306	-0.393	1.109523e+02	1.358296e+01	-1.361974e+01
177.126	0.374	-0.286	1.163393e+02	1.443639e+01	-1.447407e+01
177.825	0.317	-0.325	1.207863e+02	1.478813e+01	-1.482912e+01
178.436	0.311	-0.294	1.282464e+02	1.570322e+01	-1.574801e+01
179.012	0.258	-0.265	9.961281e+01	1.487034e+01	-1.489769e+01
179.560	0.285	-0.290	9.397747e+01	1.411252e+01	-1.413819e+01
180.199	0.268	-0.355	8.367476e+01	1.249178e+01	-1.251527e+01
180.723	0.269	-0.256	9.938225e+01	1.483734e+01	-1.486566e+01
181.299	0.240	-0.307	9.768390e+01	1.442500e+01	-1.445325e+01
181.863	0.302	-0.325	8.334708e+01	1.244503e+01	-1.247002e+01
182.604	0.467	-0.439	5.763746e+01	8.607014e+00	-8.624899e+00
183.328	0.337	-0.258	8.978730e+01	1.326100e+01	-1.328850e+01
183.975	0.331	-0.311	8.126589e+01	1.213364e+01	-1.215754e+01
184.603	0.275	-0.296	9.139259e+01	1.364648e+01	-1.367396e+01
185.284	0.396	-0.406	6.406723e+01	9.761612e+00	-9.780294e+00
186.026	0.301	-0.345	7.959866e+01	1.212764e+01	-1.215054e+01
186.663	0.358	-0.337	7.389860e+01	1.125995e+01	-1.128178e+01
187.360	0.374	-0.338	7.334348e+01	1.095103e+01	-1.097280e+01
188.266	0.338	-0.532	5.908929e+01	9.002410e+00	-9.019108e+00
188.916	0.341	-0.312	9.592449e+01	1.307509e+01	-1.310344e+01
189.519	0.387	-0.263	8.037691e+01	1.199780e+01	-1.201915e+01
190.311	0.451	-0.405	6.099235e+01	9.107669e+00	-9.126364e+00
191.146	0.394	-0.384	6.611383e+01	1.007539e+01	-1.009609e+01
191.917	0.396	-0.377	6.742338e+01	1.006783e+01	-1.008837e+01
192.786	0.410	-0.473	5.913214e+01	8.827604e+00	-8.844042e+00
193.580	0.332	-0.385	7.058298e+01	1.097485e+01	-1.099399e+01
194.357	0.349	-0.444	6.476691e+01	9.867277e+00	-9.885476e+00
195.131	0.386	-0.426	6.431835e+01	9.601967e+00	-9.619947e+00
196.040	0.331	-0.523	5.925841e+01	9.213675e+00	-9.229491e+00
196.821	0.335	-0.449	6.650597e+01	9.929343e+00	-9.948513e+00
197.533	0.363	-0.377	6.837510e+01	1.063110e+01	-1.064930e+01
198.306	0.398	-0.410	6.506372e+01	9.798549e+00	-9.815864e+00
199.166	0.534	-0.462	5.237445e+01	7.819560e+00	-7.834698e+00
200.068	0.395	-0.369	6.836683e+01	1.020778e+01	-1.022793e+01
200.989	0.479	-0.526	5.191076e+01	7.750885e+00	-7.766295e+00
202.006	0.510	-0.537	4.908599e+01	7.481592e+00	-7.497812e+00
203.014	0.555	-0.498	4.887772e+01	7.449771e+00	-7.465858e+00
204.094	0.566	-0.524	4.648011e+01	7.229439e+00	-7.243725e+00
205.312	0.615	-0.652	4.126287e+01	6.162372e+00	-6.175597e+00
206.531	0.511	-0.604	4.685755e+01	6.996524e+00	-7.010535e+00
207.660	0.540	-0.618	4.444794e+01	6.772788e+00	-6.786093e+00
208.825	0.576	-0.625	4.286757e+01	6.532517e+00	-6.545745e+00
209.991	0.514	-0.589	4.738605e+01	7.076446e+00	-7.091355e+00
211.077	0.626	-0.573	4.358899e+01	6.509201e+00	-6.522766e+00
212.257	0.550	-0.553	4.762499e+01	7.110075e+00	-7.123556e+00
213.327	0.586	-0.520	4.729686e+01	7.356491e+00	-7.371046e+00
214.412	0.603	-0.499	4.900586e+01	7.317415e+00	-7.332162e+00
215.627	0.562	-0.612	4.526732e+01	6.897312e+00	-6.910626e+00
216.911	0.561	-0.722	4.207279e+01	6.282158e+00	-6.294790e+00
218.209	0.632	-0.738	3.880047e+01	5.912918e+00	-5.925023e+00
219.609	0.723	-0.768	3.619817e+01	5.406486e+00	-5.418452e+00
221.058	0.680	-0.726	3.839757e+01	5.734092e+00	-5.746134e+00
222.364	0.427	-0.626	5.124063e+01	7.651883e+00	-7.667860e+00
223.615	0.747	-0.824	3.363929e+01	5.022890e+00	-5.032984e+00
224.905	0.534	-0.543	4.710838e+01	7.325781e+00	-7.339261e+00
226.113	0.616	-0.674	4.053437e+01	6.051920e+00	-6.063721e+00
227.358	0.559	-0.629	4.332944e+01	6.603765e+00	-6.617767e+00
228.517	0.513	-0.600	4.694551e+01	7.009760e+00	-7.023876e+00
229.701	0.730	-0.671	3.734109e+01	5.575742e+00	-5.587029e+00
231.308	0.774	-0.877	2.975650e+01	4.823933e+00	-4.832662e+00
232.746	0.592	-0.664	4.162540e+01	6.217228e+00	-6.231092e+00
233.855	0.436	-0.517	5.483479e+01	8.188422e+00	-8.205386e+00
235.102	0.643	-0.811	3.435328e+01	5.453690e+00	-5.463436e+00
236.288	0.514	-0.543	4.949051e+01	7.389846e+00	-7.404777e+00
237.340	0.405	-0.538	5.546672e+01	8.283190e+00	-8.300643e+00
238.344	0.593	-0.599	4.255287e+01	6.618231e+00	-6.631038e+00
239.749	0.700	-0.812	3.354209e+01	5.216918e+00	-5.227109e+00
241.417	0.770	-0.968	3.008943e+01	4.492884e+00	-4.501945e+00
242.908	0.641	-0.720	3.842794e+01	5.737491e+00	-5.748713e+00
243.942	0.382	-0.394	6.742512e+01	1.006700e+01	-1.008676e+01
244.950	0.584	-0.626	4.325927e+01	6.459575e+00	-6.472749e+00
246.102	0.622	-0.569	4.331803e+01	6.600013e+00	-6.612539e+00
247.418	0.724	-0.694	3.691839e+01	5.514716e+00	-5.527407e+00
248.654	0.504	-0.512	5.152987e+01	7.695552e+00	-7.711970e+00
249.976	0.847	-0.818	3.001243e+01	4.765163e+00	-4.774116e+00
251.340	0.660	-0.517	4.444699e+01	6.636648e+00	-6.649979e+00
252.776	0.721	-0.775	3.498652e+01	5.224418e+00	-5.235182e+00
254.185	0.714	-0.688	3.733955e+01	5.575117e+00	-5.586116e+00
255.762	0.759	-0.863	3.128822e+01	4.865611e+00	-4.874568e+00
257.458	0.944	-0.937	2.741571e+01	4.177620e+00	-4.185922e+00
259.044	0.707	-0.642	3.822962e+01	5.825152e+00	-5.836513e+00
260.435	0.671	-0.685	3.802897e+01	5.795482e+00	-5.807447e+00
261.708	0.809	-0.602	3.710246e+01	5.540874e+00	-5.552645e+00
263.343	0.521	-0.826	3.886687e+01	5.804211e+00	-5.816425e+00
264.322	0.492	-0.458	5.509822e+01	8.228152e+00	-8.245484e+00
265.558	0.820	-0.744	3.319057e+01	5.057886e+00	-5.068148e+00
267.135	0.761	-0.757	3.554409e+01	5.308774e+00	-5.320507e+00
268.489	0.556	-0.594	4.693413e+01	7.008756e+00	-7.023374e+00
269.670	0.446	-0.625	5.036427e+01	7.518593e+00	-7.532533e+00
270.670	0.691	-0.554	4.331300e+01	6.467311e+00	-6.480297e+00
271.899	0.482	-0.538	5.291291e+01	7.901896e+00	-7.918606e+00
273.004	0.600	-0.624	4.406910e+01	6.580431e+00	-6.593803e+00
274.165	0.599	-0.561	4.650255e+01	6.943254e+00	-6.956968e+00
275.263	0.624	-0.498	4.732427e+01	7.211939e+00	-7.226739e+00
276.393	0.631	-0.506	4.744754e+01	7.085193e+00	-7.099799e+00
277.618	0.580	-0.594	4.593730e+01	6.860141e+00	-6.874625e+00
278.749	0.586	-0.551	4.601509e+01	7.156816e+00	-7.170742e+00
279.884	0.556	-0.549	4.882254e+01	7.290866e+00	-7.306151e+00
281.199	0.835	-0.759	3.383838e+01	5.052632e+00	-5.062796e+00
282.644	0.580	-0.610	4.463557e+01	6.801146e+00	-6.814339e+00
284.014	0.773	-0.789	3.401041e+01	5.181962e+00	-5.191854e+00
285.297	0.536	-0.510	5.078423e+01	7.739273e+00	-7.755201e+00
286.526	0.517	-0.693	4.458658e+01	6.659362e+00	-6.674101e+00
287.614	0.686	-0.571	4.196001e+01	6.266769e+00	-6.280423e+00
288.929	0.783	-0.628	3.695480e+01	5.519472e+00	-5.531669e+00
290.218	0.437	-0.507	5.518889e+01	8.242498e+00	-8.260445e+00
291.315	0.782	-0.659	3.617934e+01	5.402057e+00	-5.412841e+00
292.580	0.651	-0.483	4.531138e+01	6.903368e+00	-6.916212e+00
293.834	0.540	-0.604	4.420028e+01	6.873520e+00	-6.886146e+00
295.060	0.585	-0.685	4.104364e+01	6.127019e+00	-6.138264e+00
296.267	0.626	-0.623	4.174524e+01	6.232719e+00	-6.244865e+00
297.559	0.571	-0.666	4.216493e+01	6.296127e+00	-6.308939e+00
298.841	0.551	-0.711	4.069830e+01	6.201970e+00	-6.214548e+00
300.028	0.701	-0.637	3.837047e+01	5.845416e+00	-5.855943e+00
301.214	0.501	-0.485	5.288204e+01	7.894817e+00	-7.909714e+00
302.286	0.758	-0.571	3.921908e+01	5.854735e+00	-5.865545e+00
303.567	0.653	-0.523	4.432218e+01	6.616743e+00	-6.629113e+00
304.839	0.441	-0.619	4.915581e+01	7.340463e+00	-7.355732e+00
306.002	0.740	-0.722	3.510337e+01	5.351293e+00	-5.363553e+00
307.447	0.541	-0.704	4.122085e+01	6.281925e+00	-6.294909e+00
308.633	0.700	-0.645	3.706491e+01	5.884608e+00	-5.895450e+00
309.847	0.594	-0.514	4.508863e+01	7.160876e+00	-7.175799e+00
311.075	0.576	-0.633	4.261444e+01	6.494779e+00	-6.508542e+00
312.527	0.752	-0.876	3.069964e+01	4.874480e+00	-4.883787e+00
313.889	0.569	-0.610	4.303696e+01	6.694540e+00	-6.708235e+00
315.157	0.588	-0.698	4.008085e+01	6.108499e+00	-6.121337e+00
316.357	0.721	-0.612	3.928175e+01	5.866484e+00	-5.879063e+00
317.632	0.498	-0.555	4.294969e+01	7.752489e+00	-7.763925e+00
318.637	0.604	-0.506	4.715027e+01	7.041538e+00	-7.056588e+00
319.773	0.519	-0.533	4.889385e+01	7.451588e+00	-7.467208e+00
320.898	0.439	-0.606	4.843926e+01	7.533863e+00	-7.548533e+00
321.958	0.679	-0.622	4.010727e+01	5.989749e+00	-6.002574e+00
323.148	0.571	-0.511	4.749411e+01	7.236878e+00	-7.251046e+00
324.311	0.872	-0.592	3.562367e+01	5.318534e+00	-5.328745e+00
325.831	0.603	-0.647	4.170451e+01	6.226985e+00	-6.239374e+00
326.946	0.643	-0.512	4.517493e+01	6.745658e+00	-6.759440e+00
328.254	0.769	-0.665	3.637526e+01	5.432670e+00	-5.444502e+00
329.557	0.572	-0.535	4.642846e+01	7.075190e+00	-7.089540e+00
330.789	0.470	-0.660	4.623335e+01	6.903653e+00	-6.917719e+00
331.758	0.538	-0.499	4.959829e+01	7.557690e+00	-7.572625e+00
332.983	0.621	-0.687	3.994323e+01	5.962835e+00	-5.973845e+00
334.344	0.455	-0.740	4.302922e+01	6.555183e+00	-6.567023e+00
335.401	0.752	-0.602	3.799635e+01	5.789245e+00	-5.800272e+00
336.839	0.508	-0.685	4.472520e+01	6.604989e+00	-6.618223e+00
337.958	0.590	-0.611	4.349418e+01	6.493501e+00	-6.505907e+00
339.218	0.628	-0.670	3.961046e+01	6.035676e+00	-6.047537e+00
340.612	0.783	-0.765	3.372516e+01	5.036514e+00	-5.047217e+00
342.073	0.655	-0.678	3.912519e+01	5.842792e+00	-5.855091e+00
343.391	0.519	-0.664	4.340287e+01	6.613014e+00	-6.625620e+00
344.517	0.642	-0.607	4.111520e+01	6.264648e+00	-6.276730e+00
345.690	0.629	-0.531	4.426905e+01	6.744990e+00	-6.757853e+00
347.204	0.807	-0.885	3.035007e+01	4.622762e+00	-4.630486e+00
348.650	0.542	-0.639	4.413530e+01	6.589312e+00	-6.601971e+00
350.030	0.910	-0.837	2.984247e+01	4.455154e+00	-4.463518e+00
351.663	0.676	-0.724	3.730685e+01	5.570639e+00	-5.581922e+00
353.016	0.672	-0.677	3.701513e+01	5.876626e+00	-5.887390e+00
354.363	0.547	-0.675	4.213152e+01	6.420301e+00	-6.433262e+00
355.669	0.846	-0.759	3.258071e+01	4.865659e+00	-4.876042e+00
357.335	0.740	-0.820	3.351030e+01	5.004150e+00	-5.014584e+00
358.837	0.641	-0.761	3.673142e+01	5.595982e+00	-5.606252e+00
360.387	0.720	-0.909	3.159863e+01	4.812976e+00	-4.821047e+00
361.808	0.872	-0.701	3.273398e+01	4.985325e+00	-4.993245e+00
363.364	0.841	-0.684	3.425844e+01	5.113252e+00	-5.121992e+00
365.148	1.040	-0.944	2.593400e+01	3.950512e+00	-3.957396e+00
366.738	0.825	-0.550	3.798097e+01	5.670399e+00	-5.681229e+00
368.277	0.589	-0.714	4.010826e+01	5.988282e+00	-5.999930e+00
369.563	0.675	-0.697	3.750520e+01	5.714284e+00	-5.725075e+00
370.793	0.585	-0.555	4.511101e+01	6.873293e+00	-6.886410e+00
372.101	0.661	-0.723	3.716730e+01	5.663122e+00	-5.674048e+00
373.641	0.711	-0.879	3.287759e+01	4.909361e+00	-4.919375e+00
375.263	1.210	-0.911	2.428642e+01	3.700790e+00	-3.708154e+00
377.373	0.789	-0.900	3.097203e+01	4.625176e+00	-4.634871e+00
379.177	0.908	-1.015	2.719007e+01	4.060304e+00	-4.068744e+00
380.901	0.935	-0.816	2.987049e+01	4.460467e+00	-4.469662e+00
382.762	0.758	-0.926	2.916498e+01	4.727709e+00	-4.736021e+00
384.449	1.036	-0.928	2.663499e+01	3.977547e+00	-3.985913e+00
386.378	0.786	-0.893	3.067947e+01	4.675381e+00	-4.684984e+00
388.172	0.976	-1.008	2.637239e+01	3.938442e+00	-3.946805e+00
390.388	0.955	-1.240	2.346946e+01	3.576355e+00	-3.583510e+00
392.889	1.408	-1.545	1.744354e+01	2.658047e+00	-2.663323e+00
395.361	0.838	-1.064	2.704815e+01	4.121676e+00	-4.129914e+00
397.024	0.867	-0.825	3.086974e+01	4.609831e+00	-4.619443e+00
398.904	0.976	-1.013	2.625867e+01	3.921159e+00	-3.929266e+00
401.089	1.360	-1.209	2.002393e+01	3.051187e+00	-3.057199e+00
403.810	1.292	-1.361	1.947763e+01	2.968503e+00	-2.974760e+00
406.231	1.400	-1.130	2.132524e+01	3.185852e+00	-3.193455e+00
408.569	1.173	-0.938	2.556875e+01	3.819765e+00	-3.828853e+00
410.718	1.286	-0.977	2.383982e+01	3.561043e+00	-3.569198e+00
413.070	1.087	-1.066	2.506159e+01	3.743149e+00	-3.751432e+00
415.334	0.857	-1.176	2.614368e+01	3.904441e+00	-3.912844e+00
417.496	1.293	-1.305	1.981797e+01	3.019985e+00	-3.026068e+00
420.245	1.428	-1.456	1.784935e+01	2.719776e+00	-2.725096e+00
422.934	1.469	-1.262	1.884940e+01	2.872170e+00	-2.877797e+00
425.450	1.092	-1.047	2.444000e+01	3.649812e+00	-3.657527e+00
427.909	1.408	-1.367	1.882896e+01	2.811840e+00	-2.817760e+00
430.989	1.776	-1.672	1.424173e+01	2.308447e+00	-2.312383e+00
434.080	0.951	-1.315	2.270801e+01	3.460632e+00	-3.467782e+00
437.083	1.637	-2.051	1.396231e+01	2.128265e+00	-2.132990e+00
440.577	1.520	-1.857	1.525429e+01	2.324686e+00	-2.329472e+00
443.697	1.636	-1.601	1.616085e+01	2.413218e+00	-2.418171e+00
447.030	1.654	-1.698	1.578804e+01	2.357519e+00	-2.362335e+00
450.033	1.189	-1.348	2.094068e+01	3.191075e+00	-3.197506e+00
452.432	1.430	-1.210	2.012223e+01	3.066550e+00	-3.072872e+00
455.223	1.459	-1.361	1.883998e+01	2.871304e+00	-2.877343e+00
458.219	1.642	-1.538	1.696677e+01	2.533974e+00	-2.539473e+00
461.499	1.703	-1.638	1.590184e+01	2.423135e+00	-2.427953e+00
465.340	1.355	-2.138	1.544617e+01	2.306009e+00	-2.310386e+00
468.861	2.139	-2.167	1.235755e+01	1.844903e+00	-1.848406e+00
472.836	1.622	-1.836	1.511587e+01	2.256988e+00	-2.261483e+00
476.412	1.794	-1.953	1.332155e+01	2.114850e+00	-2.118639e+00
479.989	1.942	-1.783	1.403941e+01	2.096796e+00	-2.101361e+00
483.806	1.739	-1.875	1.404072e+01	2.184088e+00	-2.188562e+00
487.130	1.788	-1.585	1.550866e+01	2.316051e+00	-2.320965e+00
490.861	1.915	-1.944	1.355636e+01	2.024116e+00	-2.028134e+00
494.448	1.621	-1.672	1.588532e+01	2.372051e+00	-2.376902e+00
497.885	1.841	-1.815	1.430834e+01	2.136962e+00	-2.141616e+00
501.881	1.613	-2.155	8.625694e+00	1.729967e+00	-1.732138e+00
505.636	1.461	-2.142	1.407988e+01	2.189942e+00	-2.194255e+00
509.208	1.751	-2.111	1.333723e+01	2.032139e+00	-2.036035e+00
513.269	2.168	-2.310	1.204236e+01	1.798186e+00	-1.801849e+00
517.440	2.709	-2.003	9.686747e+00	1.574056e+00	-1.577076e+00
522.077	1.808	-1.928	1.445400e+01	2.158222e+00	-2.162563e+00
525.661	2.191	-1.776	1.298220e+01	2.061038e+00	-2.064774e+00
530.400	1.769	-2.548	1.249916e+01	1.866170e+00	-1.869806e+00
534.257	2.195	-2.089	1.221144e+01	1.899014e+00	-1.902525e+00
539.049	2.124	-2.596	1.091119e+01	1.732186e+00	-1.735284e+00
542.895	1.385	-1.723	1.717092e+01	2.563494e+00	-2.568353e+00
546.565	2.337	-2.285	1.129860e+01	1.686751e+00	-1.689912e+00
550.233	1.550	-1.330	1.813074e+01	2.706640e+00	-2.711661e+00
553.325	1.836	-1.542	1.556042e+01	2.322999e+00	-2.327358e+00
556.913	2.324	-1.752	1.329300e+01	1.984826e+00	-1.988791e+00
561.784	2.635	-2.546	1.045809e+01	1.562378e+00	-1.566114e+00
566.236	1.739	-1.817	1.434584e+01	2.231845e+00	-2.236633e+00
570.228	1.854	-2.254	1.273559e+01	1.902116e+00	-1.906291e+00
574.173	2.404	-2.090	1.116872e+01	1.773373e+00	-1.776763e+00
578.434	2.123	-1.857	8.833540e+00	1.664690e+00	-1.666952e+00
583.164	1.842	-2.607	1.194315e+01	1.819865e+00	-1.823454e+00
587.337	2.688	-2.330	1.048688e+01	1.565664e+00	-1.568667e+00
592.235	2.264	-2.210	1.168897e+01	1.745552e+00	-1.749205e+00
596.751	2.231	-2.251	1.166568e+01	1.742289e+00	-1.746092e+00
601.260	2.589	-2.278	1.024914e+01	1.627112e+00	-1.630042e+00
606.124	2.655	-2.274	1.044404e+01	1.591919e+00	-1.595411e+00
610.889	2.043	-2.109	1.242427e+01	1.893794e+00	-1.897977e+00
615.436	2.790	-2.505	9.594659e+00	1.492580e+00	-1.495706e+00
620.461	2.751	-2.234	1.051471e+01	1.635813e+00	-1.639317e+00
625.288	2.005	-2.076	1.333723e+01	2.009269e+00	-2.013327e+00
629.041	1.834	-1.749	1.462597e+01	2.228185e+00	-2.232229e+00
632.619	1.785	-1.743	9.889273e+00	1.807324e+00	-1.809617e+00
636.530	2.012	-2.126	1.226480e+01	1.907528e+00	-1.911212e+00
640.463	1.554	-1.921	1.482511e+01	2.258910e+00	-2.263291e+00
644.353	2.481	-2.337	1.068962e+01	1.628748e+00	-1.631883e+00
648.621	1.754	-1.786	1.476855e+01	2.205222e+00	-2.209681e+00
652.759	1.660	-2.384	1.270494e+01	1.935754e+00	-1.939433e+00
656.392	1.846	-1.974	1.345055e+01	2.049303e+00	-2.053158e+00
660.485	2.103	-2.247	1.216019e+01	1.816437e+00	-1.820617e+00
664.981	1.808	-2.392	1.227205e+01	1.949136e+00	-1.953284e+00
668.763	2.305	-1.974	1.128587e+01	1.950362e+00	-1.953727e+00
673.507	2.646	-2.439	9.167732e+00	1.513299e+00	-1.515983e+00
678.198	1.451	-2.045	9.971010e+00	1.822437e+00	-1.824877e+00
681.829	1.974	-2.180	1.269309e+01	1.895094e+00	-1.898764e+00
686.014	2.112	-2.211	1.247806e+01	1.863452e+00	-1.867397e+00
690.220	1.875	-2.094	1.359108e+01	2.029961e+00	-2.034471e+00
694.387	1.890	-2.291	1.256076e+01	1.876021e+00	-1.880151e+00
698.149	2.038	-1.872	1.337305e+01	1.997468e+00	-2.001958e+00
702.391	2.045	-2.204	1.212240e+01	1.847923e+00	-1.852111e+00
706.815	1.846	-2.380	1.263953e+01	1.866692e+00	-1.870501e+00
710.997	1.681	-2.336	1.300558e+01	1.941853e+00	-1.945690e+00
714.571	1.940	-1.892	1.342324e+01	2.087611e+00	-2.091578e+00
718.826	2.077	-2.316	1.209663e+01	1.843536e+00	-1.847379e+00
723.053	2.351	-2.150	1.162606e+01	1.808367e+00	-1.811991e+00
727.212	1.836	-1.807	1.483461e+01	2.215294e+00	-2.219925e+00
731.163	2.224	-2.115	1.245644e+01	1.860764e+00	-1.865097e+00
735.410	1.779	-2.023	9.470839e+00	1.731615e+00	-1.734369e+00
739.238	2.687	-2.049	1.139483e+01	1.702171e+00	-1.706129e+00
744.275	1.765	-2.350	1.311416e+01	1.959102e+00	-1.963728e+00
748.230	1.872	-2.190	1.272941e+01	1.940560e+00	-1.945033e+00
752.495	2.194	-2.393	1.142259e+01	1.706374e+00	-1.710383e+00
756.591	2.202	-1.902	1.271173e+01	1.937992e+00	-1.942553e+00
760.342	2.332	-1.549	1.371441e+01	2.090893e+00	-2.095840e+00
764.852	2.352	-2.179	1.156376e+01	1.799348e+00	-1.803444e+00
769.292	2.592	-2.087	1.135166e+01	1.730372e+00	-1.734248e+00
773.990	1.975	-2.106	9.582715e+00	1.737011e+00	-1.739546e+00
778.179	2.842	-2.214	1.053971e+01	1.574040e+00	-1.577414e+00
783.217	2.666	-2.196	1.060490e+01	1.616367e+00	-1.619861e+00
787.540	1.696	-1.656	1.567317e+01	2.341122e+00	-2.346455e+00
791.749	2.390	-2.513	1.100828e+01	1.644723e+00	-1.648764e+00
795.847	2.055	-1.708	9.563031e+00	1.748416e+00	-1.751155e+00
800.044	1.756	-2.142	9.232198e+00	1.687662e+00	-1.690110e+00
803.609	2.172	-1.809	1.335384e+01	2.035171e+00	-2.039438e+00
807.781	2.071	-2.000	1.286192e+01	2.000575e+00	-2.004569e+00
812.271	2.212	-2.419	1.147932e+01	1.748722e+00	-1.751830e+00
816.599	2.375	-2.116	1.165684e+01	1.813310e+00	-1.817058e+00
820.808	2.610	-1.834	1.182031e+01	1.801957e+00	-1.806101e+00
825.589	2.236	-2.171	1.186491e+01	1.771961e+00	-1.775769e+00
829.938	2.285	-2.113	1.193942e+01	1.783050e+00	-1.786853e+00
834.614	2.430	-2.392	1.102100e+01	1.679557e+00	-1.683019e+00
838.952	2.845	-1.908	1.118194e+01	1.703832e+00	-1.707162e+00
843.765	2.186	-1.968	9.383017e+00	1.654984e+00	-1.657351e+00
847.433	2.010	-1.483	9.983971e+00	1.824961e+00	-1.827516e+00
851.978	1.557	-2.535	1.278570e+01	1.909558e+00	-1.913719e+00
855.704	2.522	-2.169	1.116811e+01	1.668174e+00	-1.671958e+00
860.198	2.517	-1.972	1.167274e+01	1.743590e+00	-1.747575e+00
864.807	2.637	-2.092	1.088647e+01	1.659126e+00	-1.662598e+00
869.094	1.883	-1.650	9.630548e+00	1.814659e+00	-1.816958e+00
872.750	1.931	-1.773	1.409934e+01	2.105191e+00	-2.109373e+00
877.113	2.429	-2.432	1.042418e+01	1.621490e+00	-1.624789e+00
881.376	1.566	-1.834	1.513440e+01	2.305995e+00	-2.310438e+00
884.875	1.772	-1.933	9.193887e+00	1.732300e+00	-1.734435e+00
888.299	1.874	-1.652	9.662231e+00	1.820584e+00	-1.822857e+00
891.764	1.939	-1.591	9.652592e+00	1.818875e+00	-1.821225e+00
895.784	1.953	-2.082	1.296418e+01	1.975751e+00	-1.979868e+00
899.590	2.106	-1.852	1.363438e+01	2.036532e+00	-2.041132e+00
903.360	1.958	-1.664	1.490006e+01	2.225821e+00	-2.231022e+00
907.351	1.792	-2.033	1.334243e+01	2.075720e+00	-2.080159e+00
911.112	2.445	-1.969	9.195938e+00	1.556379e+00	-1.558811e+00
915.712	3.067	-2.154	9.550602e+00	1.458855e+00	-1.461740e+00
920.956	1.890	-2.177	1.225427e+01	1.945298e+00	-1.948697e+00
924.373	1.234	-1.527	1.890560e+01	2.822977e+00	-2.828698e+00
927.213	1.609	-1.606	1.623963e+01	2.425127e+00	-2.430210e+00
930.653	2.466	-1.830	1.215487e+01	1.814992e+00	-1.818693e+00
934.648	2.114	-1.529	9.122804e+00	1.772925e+00	-1.775058e+00
939.200	2.270	-2.438	1.110681e+01	1.658666e+00	-1.662174e+00
943.875	2.737	-2.404	9.868587e+00	1.534916e+00	-1.537929e+00
948.586	1.706	-1.975	1.393037e+01	2.166782e+00	-2.171118e+00
952.432	1.964	-2.139	1.298736e+01	1.979803e+00	-1.984307e+00
957.133	2.566	-2.738	1.004659e+01	1.531493e+00	-1.534967e+00
961.754	1.748	-2.056	1.315101e+01	2.088029e+00	-2.091954e+00
965.539	1.723	-2.036	1.371705e+01	2.090635e+00	-2.095099e+00
969.326	2.183	-2.064	8.217174e+00	1.501917e+00	-1.503954e+00
973.491	2.720	-1.982	1.095362e+01	1.668812e+00	-1.671907e+00
978.310	2.251	-2.099	1.165935e+01	1.813221e+00	-1.816619e+00
982.171	2.375	-1.611	8.746447e+00	1.598449e+00	-1.600465e+00
986.114	1.795	-1.567	1.554831e+01	2.321647e+00	-2.326336e+00
990.119	1.830	-2.211	8.625856e+00	1.576400e+00	-1.578380e+00
993.874	2.308	-1.925	7.668030e+00	1.537450e+00	-1.539053e+00
998.046	2.481	-1.864	1.147731e+01	1.822240e+00	-1.825630e+00
1002.564	1.601	-2.038	9.570296e+00	1.749715e+00	-1.752436e+00
1006.132	1.667	-1.968	9.899073e+00	1.780078e+00	-1.782646e+00
1010.519	2.097	-2.719	1.084485e+01	1.619333e+00	-1.622603e+00
1014.728	1.912	-2.113	1.275140e+01	2.024526e+00	-2.028292e+00
1018.760	2.076	-2.121	8.374035e+00	1.578195e+00	-1.580411e+00
1022.841	1.634	-2.005	9.820937e+00	1.795390e+00	-1.798072e+00
1026.694	2.373	-2.219	1.103086e+01	1.715479e+00	-1.718693e+00
1031.199	2.327	-2.132	1.171454e+01	1.749230e+00	-1.752788e+00
1035.878	2.520	-2.353	1.056519e+01	1.610066e+00	-1.613365e+00
1040.513	1.893	-2.114	1.285389e+01	1.958752e+00	-1.962696e+00
1044.285	2.011	-1.880	1.262734e+01	2.047002e+00	-2.050662e+00
1048.230	2.065	-1.934	1.307286e+01	1.952273e+00	-1.956402e+00
1051.967	1.407	-1.671	1.673086e+01	2.549433e+00	-2.554482e+00
1055.977	1.951	-2.603	1.146389e+01	1.711871e+00	-1.715403e+00
1060.230	2.345	-2.302	1.122232e+01	1.675521e+00	-1.678777e+00
1064.409	1.655	-1.833	1.449661e+01	2.254099e+00	-2.258058e+00
1068.050	1.508	-1.986	9.734945e+00	1.834170e+00	-1.836376e+00
1071.459	2.052	-1.901	1.300804e+01	1.981772e+00	-1.985420e+00
1075.790	2.191	-2.278	1.168292e+01	1.744744e+00	-1.748464e+00
1080.075	2.722	-2.094	1.092089e+01	1.645234e+00	-1.648549e+00
1085.443	1.931	-2.646	1.123606e+01	1.712629e+00	-1.716379e+00
1089.974	2.448	-2.600	1.004983e+01	1.563332e+00	-1.566567e+00
1094.490	2.328	-2.069	1.189962e+01	1.776958e+00	-1.780639e+00
1099.318	2.469	-2.500	1.035591e+01	1.577881e+00	-1.580902e+00
1103.421	2.046	-1.634	9.246998e+00	1.742377e+00	-1.744577e+00
1107.644	1.837	-2.178	1.280858e+01	1.951832e+00	-1.955750e+00
1112.000	1.800	-2.518	1.192987e+01	1.818068e+00	-1.821817e+00
1115.808	2.097	-2.008	1.216579e+01	1.931696e+00	-1.935394e+00
1119.582	1.936	-1.677	9.749084e+00	1.805561e+00	-1.808047e+00
1123.516	2.051	-1.998	9.554395e+00	1.685302e+00	-1.687778e+00
1127.375	2.444	-1.809	8.191908e+00	1.497329e+00	-1.499381e+00
1131.980	2.438	-2.161	1.147916e+01	1.749635e+00	-1.753428e+00
1136.474	2.622	-2.056	1.156519e+01	1.727775e+00	-1.731907e+00
1141.623	2.315	-2.528	1.096773e+01	1.638028e+00	-1.641588e+00
1145.533	1.923	-1.595	9.904590e+00	1.810470e+00	-1.813020e+00
1149.899	2.228	-2.443	1.118428e+01	1.670411e+00	-1.674071e+00
1154.350	1.802	-2.222	1.276576e+01	1.945153e+00	-1.948947e+00
1158.484	1.651	-2.332	8.729742e+00	1.595382e+00	-1.597384e+00
1162.553	2.263	-2.418	1.098046e+01	1.672868e+00	-1.675945e+00
1166.923	2.610	-2.106	1.073820e+01	1.669614e+00	-1.672484e+00
1171.643	2.005	-2.110	8.077943e+00	1.569628e+00	-1.571342e+00
1175.448	2.020	-1.800	1.327002e+01	2.063545e+00	-2.067294e+00
1179.727	2.369	-2.260	1.112001e+01	1.694169e+00	-1.697315e+00
1184.390	1.886	-2.293	7.773847e+00	1.558851e+00	-1.560610e+00
1188.312	1.719	-2.036	8.862006e+00	1.722410e+00	-1.724605e+00
1192.190	2.434	-2.158	1.104417e+01	1.717716e+00	-1.721054e+00
1196.600	1.927	-1.977	1.359636e+01	2.072027e+00	-2.076295e+00
1200.688	2.292	-2.161	1.192581e+01	1.817327e+00	-1.820986e+00
1205.229	2.027	-2.249	1.223438e+01	1.864235e+00	-1.867907e+00
1209.329	1.624	-2.073	8.996184e+00	1.748320e+00	-1.750426e+00
1212.275	2.291	-1.322	9.307472e+00	1.830550e+00	-1.832741e+00
1216.508	1.686	-1.942	9.606015e+00	1.756133e+00	-1.758781e+00
1220.135	2.109	-1.942	1.271040e+01	1.936966e+00	-1.940924e+00
1224.802	2.550	-2.558	1.025681e+01	1.531774e+00	-1.535045e+00
1229.798	2.149	-2.445	7.827863e+00	1.430968e+00	-1.433060e+00
1234.269	2.314	-2.323	1.163363e+01	1.737485e+00	-1.741265e+00
1238.417	2.307	-1.834	1.262675e+01	1.963921e+00	-1.967784e+00
1242.580	2.011	-1.855	1.373600e+01	2.092996e+00	-2.097080e+00
1246.676	2.118	-2.086	8.550642e+00	1.562726e+00	-1.564742e+00
1251.101	2.239	-2.306	1.186719e+01	1.772122e+00	-1.775799e+00
1255.192	1.940	-1.852	1.358425e+01	2.156958e+00	-2.161115e+00
1259.098	1.776	-1.967	1.419625e+01	2.120099e+00	-2.124629e+00
1262.680	2.217	-1.805	1.227596e+01	1.990147e+00	-1.993782e+00
1267.118	2.024	-2.221	1.238006e+01	1.849530e+00	-1.853967e+00
1271.270	1.911	-2.128	1.334070e+01	1.991987e+00	-1.995995e+00
1275.157	2.055	-1.976	1.337967e+01	1.998043e+00	-2.002235e+00
1279.250	1.885	-2.038	8.960961e+00	1.688506e+00	-1.690656e+00
1283.688	2.278	-2.552	1.117922e+01	1.669309e+00	-1.672717e+00
1287.914	2.055	-1.948	1.348969e+01	2.015163e+00	-2.019892e+00
1292.041	2.237	-2.072	1.189662e+01	1.850893e+00	-1.854923e+00
1296.138	2.135	-1.861	1.309918e+01	1.956588e+00	-1.961006e+00
1300.777	2.133	-2.503	1.110649e+01	1.692424e+00	-1.695796e+00
1305.598	2.324	-2.688	1.025317e+01	1.562156e+00	-1.565094e+00
1309.811	1.822	-1.889	9.372187e+00	1.712843e+00	-1.715030e+00
1313.953	2.046	-2.320	1.179289e+01	1.796737e+00	-1.800112e+00
1318.449	2.613	-2.450	9.857890e+00	1.564954e+00	-1.567739e+00
1323.183	2.187	-2.120	1.195465e+01	1.821449e+00	-1.824918e+00
1327.658	2.053	-2.288	1.204335e+01	1.798151e+00	-1.801679e+00
1331.786	2.184	-2.075	1.171690e+01	1.859757e+00	-1.862834e+00
1336.474	1.773	-2.504	8.132604e+00	1.486238e+00	-1.488092e+00
1340.492	2.034	-2.245	1.200981e+01	1.829509e+00	-1.832743e+00
1344.716	1.737	-2.190	8.669737e+00	1.633495e+00	-1.635476e+00
1348.073	1.847	-1.621	1.462242e+01	2.273967e+00	-2.278184e+00
1351.871	1.677	-1.951	9.493284e+00	1.811328e+00	-1.813575e+00
1355.854	2.341	-2.306	1.108286e+01	1.688842e+00	-1.692220e+00
1360.040	1.644	-1.845	1.498957e+01	2.238526e+00	-2.243272e+00
1364.094	2.575	-2.410	1.039811e+01	1.584614e+00	-1.587868e+00
1369.025	2.249	-2.356	1.136605e+01	1.767990e+00	-1.771581e+00
1373.315	1.936	-2.042	1.356464e+01	2.025767e+00	-2.030091e+00
1377.262	1.811	-2.010	1.355248e+01	2.064762e+00	-2.068595e+00
1381.592	2.419	-2.519	1.059591e+01	1.582491e+00	-1.585925e+00
1385.567	1.862	-1.555	1.530425e+01	2.285309e+00	-2.290001e+00
1389.548	1.489	-2.119	9.197275e+00	1.787179e+00	-1.789169e+00
1393.288	2.622	-2.251	9.662873e+00	1.559673e+00	-1.562229e+00
1397.596	1.828	-1.685	1.509064e+01	2.253805e+00	-2.258718e+00
1401.838	2.513	-2.413	1.078683e+01	1.643991e+00	-1.647469e+00
1406.561	2.362	-2.210	1.101239e+01	1.784987e+00	-1.788019e+00
1411.135	2.197	-2.212	1.168440e+01	1.780464e+00	-1.783994e+00
1415.144	1.895	-1.813	9.404115e+00	1.718948e+00	-1.721339e+00
1418.818	2.171	-1.778	1.321468e+01	2.013590e+00	-2.017541e+00
1423.098	1.752	-2.109	1.397131e+01	2.086197e+00	-2.090429e+00
1427.353	2.383	-2.503	1.087404e+01	1.656978e+00	-1.660260e+00
1432.058	1.655	-2.323	1.355378e+01	2.023628e+00	-2.027569e+00
1435.821	2.847	-2.108	9.102584e+00	1.529854e+00	-1.532251e+00
1441.078	2.648	-2.410	1.043865e+01	1.558828e+00	-1.562084e+00
1446.036	1.996	-2.309	1.216861e+01	1.817486e+00	-1.821512e+00
1450.004	2.000	-1.972	1.297679e+01	1.977276e+00	-1.981109e+00
1454.160	1.806	-2.156	1.298255e+01	1.977849e+00	-1.981461e+00
1458.012	1.933	-2.045	1.312837e+01	1.960009e+00	-1.963751e+00
1462.183	1.727	-2.238	1.296139e+01	1.974636e+00	-1.978248e+00
1466.058	2.452	-2.147	1.134251e+01	1.693430e+00	-1.696694e+00
1470.068	1.281	-1.559	1.837116e+01	2.743357e+00	-2.749049e+00
1473.441	2.020	-2.092	8.453226e+00	1.545045e+00	-1.547128e+00
1477.883	2.230	-2.422	7.469548e+00	1.365084e+00	-1.366802e+00
1481.751	1.714	-1.638	1.532101e+01	2.334911e+00	-2.339761e+00
1486.054	1.941	-2.589	1.153068e+01	1.721859e+00	-1.725422e+00
1489.783	2.128	-1.788	8.489535e+00	1.649954e+00	-1.652011e+00
1494.392	2.110	-2.482	1.136060e+01	1.696287e+00	-1.699672e+00
1498.684	1.969	-2.182	1.237180e+01	1.885088e+00	-1.888740e+00
1502.533	2.521	-1.880	8.424296e+00	1.491283e+00	-1.493653e+00
1507.081	1.861	-2.026	1.345703e+01	2.009342e+00	-2.013372e+00
1511.442	2.207	-2.500	1.094468e+01	1.667849e+00	-1.671231e+00
1515.121	1.856	-1.471	1.523682e+01	2.369827e+00	-2.374449e+00
1518.886	2.005	-1.909	8.896007e+00	1.626060e+00	-1.628314e+00
1522.678	2.474	-1.787	1.225748e+01	1.830397e+00	-1.834188e+00
1527.125	1.608	-1.973	1.437584e+01	2.190841e+00	-2.195373e+00
1531.133	2.055	-2.400	1.155806e+01	1.761295e+00	-1.764848e+00
1534.987	1.736	-1.799	9.416207e+00	1.830061e+00	-1.832348e+00
1538.598	1.489	-1.875	1.533335e+01	2.336855e+00	-2.341754e+00
1541.893	2.130	-1.805	1.330895e+01	1.987880e+00	-1.992339e+00
1546.261	2.235	-2.238	1.169784e+01	1.747037e+00	-1.750810e+00
1550.902	2.291	-2.406	1.110708e+01	1.658359e+00	-1.661613e+00
1555.278	2.060	-2.085	1.220501e+01	1.897532e+00	-1.900687e+00
1559.520	2.388	-2.183	1.106666e+01	1.720589e+00	-1.723477e+00
1563.662	2.221	-1.753	1.312184e+01	1.959174e+00	-1.963017e+00
1568.258	2.131	-2.375	1.072590e+01	1.775874e+00	-1.779041e+00
1572.416	2.012	-2.027	1.278244e+01	1.948248e+00	-1.952452e+00
1576.683	2.544	-2.255	1.075402e+01	1.638251e+00	-1.641178e+00
1580.643	2.063	-1.417	1.496505e+01	2.234142e+00	-2.238354e+00
1584.918	2.274	-2.211	1.143602e+01	1.742042e+00	-1.745078e+00
1589.333	1.987	-2.141	1.262504e+01	1.884643e+00	-1.888080e+00
1593.350	2.391	-2.030	1.162099e+01	1.770527e+00	-1.773838e+00
! PC data
5925.833	14.673	-15.415	3.442547e+00	7.753605e-01	-7.753605e-01
5956.032	14.562	-15.526	3.915393e+00	8.194950e-01	-8.194950e-01
6010.154	7.524	-39.560	5.179111e+00	1.159755e+00	-1.159755e+00
6030.811	9.433	-13.133	5.285644e+00	1.104901e+00	-1.104901e+00
6073.643	18.512	-33.399	5.392234e+00	1.059853e+00	-1.059853e+00
6104.686	15.050	-12.531	3.757238e+00	8.462379e-01	-8.462379e-01
6134.500	15.323	-14.764	3.896122e+00	8.175169e-01	-8.175169e-01
6160.027	12.362	-10.204	4.702608e+00	1.036142e+00	-1.036142e+00
6184.744	10.211	-12.355	4.808679e+00	1.053676e+00	-1.053676e+00
6203.477	9.029	-8.522	5.765857e+00	1.291145e+00	-1.291145e+00
6222.659	9.906	-10.152	5.155957e+00	1.159588e+00	-1.159588e+00
6252.080	13.080	-19.515	3.332456e+00	7.282004e-01	-7.282004e-01
6274.172	11.047	-9.012	5.414895e+00	1.184878e+00	-1.184878e+00
6301.055	11.744	-15.837	4.042516e+00	8.698395e-01	-8.698395e-01
6327.382	12.997	-14.583	4.120388e+00	8.830949e-01	-8.830949e-01
6352.913	7.525	-12.534	5.114318e+00	1.153565e+00	-1.153565e+00
6373.223	12.289	-12.785	4.114517e+00	9.294038e-01	-9.294038e-01
6397.792	12.792	-12.281	4.096969e+00	9.174315e-01	-9.174315e-01
6423.991	14.174	-13.407	3.710481e+00	8.381383e-01	-8.381383e-01
6448.369	12.362	-10.204	4.727290e+00	1.038703e+00	-1.038703e+00
6474.279	9.017	-13.548	4.769596e+00	1.047999e+00	-1.047999e+00
6500.388	10.489	-17.091	4.088917e+00	8.740490e-01	-8.740490e-01
6520.027	8.401	-9.150	5.782819e+00	1.302457e+00	-1.302457e+00
6538.992	9.495	-10.564	5.381911e+00	1.179282e+00	-1.179282e+00
6560.363	10.690	-11.876	4.765980e+00	1.042883e+00	-1.042883e+00
6589.165	16.991	-18.112	3.212877e+00	6.922382e-01	-6.922382e-01
6621.493	12.243	-15.338	3.933406e+00	8.642672e-01	-8.642672e-01
6648.712	20.127	-14.976	3.063124e+00	6.730445e-01	-6.730445e-01
6683.685	10.226	-14.847	5.337478e+00	1.049090e+00	-1.049090e+00
6705.564	15.928	-11.653	3.705544e+00	8.309785e-01	-8.309785e-01
6729.639	9.405	-8.146	5.836487e+00	1.308849e+00	-1.308849e+00
6756.888	12.243	-17.845	3.598474e+00	7.895837e-01	-7.895837e-01
6782.576	9.122	-13.444	5.016956e+00	1.075250e+00	-1.075250e+00
6809.114	20.193	-17.417	2.750572e+00	6.195079e-01	-6.195079e-01
6841.779	12.601	-12.472	4.279652e+00	9.351794e-01	-9.351794e-01
6871.629	12.839	-17.249	3.519146e+00	7.743132e-01	-7.743132e-01
6897.377	12.164	-12.909	4.061387e+00	9.107775e-01	-9.107775e-01
6924.457	12.665	-14.915	3.749958e+00	8.409385e-01	-8.409385e-01
6956.422	15.802	-19.300	2.900089e+00	6.579549e-01	-6.579549e-01
6985.885	11.412	-13.661	4.128621e+00	9.245194e-01	-9.245194e-01
7007.701	12.163	-10.403	4.535779e+00	1.018633e+00	-1.018633e+00
7034.277	13.167	-14.413	3.716316e+00	8.358088e-01	-8.358088e-01
7058.246	9.256	-10.802	5.451666e+00	1.192924e+00	-1.192924e+00
7082.791	14.800	-15.288	3.409213e+00	7.667405e-01	-7.667405e-01
7113.287	9.376	-15.697	4.321899e+00	9.457103e-01	-9.457103e-01
7130.960	11.762	-8.296	5.421099e+00	1.189507e+00	-1.189507e+00
7161.747	16.078	-19.025	3.194992e+00	6.892968e-01	-6.892968e-01
7188.148	17.257	-10.324	3.951077e+00	8.669526e-01	-8.669526e-01
7223.828	14.172	-18.423	3.130305e+00	7.091490e-01	-7.091490e-01
7257.677	15.426	-19.676	2.897076e+00	6.515596e-01	-6.515596e-01
7287.543	10.633	-14.440	4.739173e+00	9.919129e-01	-9.919129e-01
7307.188	11.047	-9.012	5.438973e+00	1.190146e+00	-1.190146e+00
7339.397	21.452	-21.162	4.379218e+00	7.333907e-01	-7.333907e-01
11647.861	13.196	-14.385	2.567863e+00	5.628248e-01	-5.628248e-01
11677.589	18.570	-16.532	1.980283e+00	4.340388e-01	-4.340388e-01
11707.941	13.291	-11.782	2.636291e+00	5.894926e-01	-5.894926e-01
11735.521	15.800	-14.288	2.169221e+00	4.865479e-01	-4.865479e-01
11763.555	15.346	-12.235	2.472058e+00	5.434237e-01	-5.434237e-01
11793.286	8.180	-14.385	3.008717e+00	6.594513e-01	-6.594513e-01
11817.077	16.986	-15.610	2.234423e+00	4.783855e-01	-4.783855e-01
11851.233	15.424	-17.171	2.022953e+00	4.558483e-01	-4.558483e-01
11886.596	20.179	-19.939	1.766684e+00	3.798420e-01	-3.798420e-01
11925.814	16.063	-19.039	1.944869e+00	4.250273e-01	-4.250273e-01
11953.408	16.050	-11.531	2.338803e+00	5.270215e-01	-5.270215e-01
11984.797	17.256	-15.339	2.054585e+00	4.509873e-01	-4.509873e-01
12024.435	15.228	-22.382	1.821358e+00	4.009736e-01	-4.009736e-01
12059.839	24.955	-20.177	1.437239e+00	3.223673e-01	-3.223673e-01
12099.961	9.906	-15.167	2.605142e+00	5.870378e-01	-5.870378e-01
12121.524	13.417	-11.657	2.613761e+00	5.862566e-01	-5.862566e-01
12150.482	24.576	-15.541	1.612169e+00	3.621615e-01	-3.621615e-01
12189.302	10.829	-14.244	2.894012e+00	6.178685e-01	-6.178685e-01
12217.337	12.882	-17.206	2.378992e+00	5.107703e-01	-5.107703e-01
12243.506	9.279	-13.287	2.914677e+00	6.517417e-01	-6.517417e-01
12275.180	17.722	-22.396	1.884036e+00	3.933744e-01	-3.933744e-01
12309.310	16.187	-16.408	2.203676e+00	4.718026e-01	-4.718026e-01
12341.790	13.795	-16.293	2.162320e+00	4.895268e-01	-4.895268e-01
12373.256	19.939	-17.671	1.711283e+00	3.868152e-01	-3.868152e-01
12405.669	15.106	-12.474	2.484689e+00	5.462002e-01	-5.462002e-01
12437.184	11.172	-16.409	2.582461e+00	5.528998e-01	-5.528998e-01
12466.028	17.430	-17.672	1.850947e+00	4.177357e-01	-4.177357e-01
12504.141	16.928	-20.682	1.737078e+00	3.896199e-01	-3.896199e-01
12540.097	13.566	-19.029	2.206849e+00	4.738111e-01	-4.738111e-01
12571.334	22.447	-17.671	1.626118e+00	3.664263e-01	-3.664263e-01
12617.594	18.812	-23.813	1.590425e+00	3.496174e-01	-3.496174e-01
12652.827	11.159	-16.421	2.371360e+00	5.327080e-01	-5.327080e-01
12681.323	17.766	-17.337	2.217943e+00	4.550668e-01	-4.550668e-01
12722.394	31.856	-23.305	1.166075e+00	2.631686e-01	-2.631686e-01
12772.800	19.059	-18.551	1.730857e+00	3.894251e-01	-3.894251e-01
12806.147	18.307	-14.288	1.959546e+00	4.408777e-01	-4.408777e-01
12842.060	20.004	-17.606	1.817040e+00	3.988454e-01	-3.988454e-01
12885.160	19.530	-23.095	1.605303e+00	3.523687e-01	-3.523687e-01
12929.453	22.875	-24.764	1.436677e+00	3.148911e-01	-3.148911e-01
12970.893	11.524	-18.564	2.286850e+00	5.012323e-01	-5.012323e-01
13001.787	15.731	-19.371	2.093276e+00	4.462879e-01	-4.462879e-01
13030.053	12.539	-12.534	2.860173e+00	6.097910e-01	-6.097910e-01
13059.138	13.542	-16.546	2.153987e+00	4.816462e-01	-4.816462e-01
13095.821	29.499	-23.141	1.856781e+00	3.403953e-01	-3.403953e-01
17397.558	37.624	-35.088	1.190155e+00	2.550350e-01	-2.550350e-01
17473.524	46.907	-38.342	9.003858e-01	2.030309e-01	-2.030309e-01
17549.752	40.884	-29.321	1.085633e+00	2.448030e-01	-2.448030e-01
17647.272	43.656	-56.636	7.672099e-01	1.725155e-01	-1.725155e-01
17725.769	35.364	-34.841	1.103652e+00	2.481683e-01	-2.481683e-01
17787.453	23.827	-26.319	1.510064e+00	3.400312e-01	-3.400312e-01
17858.780	35.241	-47.501	9.150268e-01	2.069141e-01	-2.069141e-01
17930.610	48.661	-36.588	8.882448e-01	2.000120e-01	-2.000120e-01
18028.151	43.890	-48.881	8.107544e-01	1.828196e-01	-1.828196e-01
18101.496	28.214	-29.455	1.303944e+00	2.936178e-01	-2.936178e-01
18160.920	21.443	-31.211	1.447893e+00	3.260317e-01	-3.260317e-01
18223.242	41.863	-40.878	9.626496e-01	2.126081e-01	-2.126081e-01
18313.964	58.956	-48.859	6.973156e-01	1.579059e-01	-1.579059e-01
18417.536	38.126	-44.616	9.158814e-01	2.068158e-01	-2.068158e-01
18502.530	45.902	-46.869	8.146185e-01	1.847297e-01	-1.847297e-01
18596.678	44.526	-48.245	8.139862e-01	1.827774e-01	-1.827774e-01
18686.069	42.891	-44.865	8.632960e-01	1.935787e-01	-1.935787e-01
18777.718	28.969	-48.758	1.009525e+00	2.220657e-01	-2.220657e-01
18844.140	47.783	-37.453	1.204623e+00	2.323097e-01	-2.323097e-01
23237.927	45.400	-47.371	5.008228e-01	1.128575e-01	-1.128575e-01
23312.905	28.089	-29.579	8.018500e-01	1.806922e-01	-1.806922e-01
23388.995	44.771	-48.000	5.014286e-01	1.129940e-01	-1.129940e-01
23483.149	38.373	-49.384	5.294752e-01	1.189676e-01	-1.189676e-01
23564.509	49.784	-42.987	5.021646e-01	1.126130e-01	-1.126130e-01
23640.739	28.715	-26.446	8.367104e-01	1.880001e-01	-1.880001e-01
23714.312	55.434	-44.858	4.598511e-01	1.034239e-01	-1.034239e-01
23813.014	36.967	-43.267	6.153382e-01	1.352711e-01	-1.352711e-01
23898.615	31.600	-48.634	5.854053e-01	1.320459e-01	-1.320459e-01
23953.194	29.676	-22.978	9.281164e-01	2.029041e-01	-2.029041e-01
24016.837	31.223	-33.968	7.315942e-01	1.640638e-01	-1.640638e-01
24088.667	49.656	-40.608	5.180046e-01	1.165031e-01	-1.165031e-01
24197.100	41.516	-58.777	4.690988e-01	1.056061e-01	-1.056061e-01
24290.627	48.282	-52.011	4.707193e-01	1.055612e-01	-1.055612e-01
24372.500	29.092	-33.591	7.486981e-01	1.680619e-01	-1.680619e-01
24466.253	60.705	-64.661	3.907793e-01	8.771908e-02	-8.771908e-02
24596.041	63.793	-69.082	5.676539e-01	1.006511e-01	-1.006511e-01
28999.648	46.521	-70.662	4.630761e-01	1.045646e-01	-1.045646e-01
29102.565	48.912	-56.396	4.007740e-01	9.020102e-02	-9.020102e-02
29218.725	75.669	-67.249	3.073937e-01	6.791811e-02	-6.791811e-02
29345.401	59.315	-51.007	3.799005e-01	8.587692e-02	-8.587692e-02
29439.558	45.393	-34.842	5.271163e-01	1.181223e-01	-1.181223e-01
29562.514	82.905	-77.564	2.603956e-01	5.873432e-02	-5.873432e-02
29687.851	47.831	-42.432	4.875618e-01	1.069454e-01	-1.069454e-01
29800.860	40.130	-65.177	3.978104e-01	8.933956e-02	-8.933956e-02
29892.628	51.163	-51.638	4.068039e-01	9.135929e-02	-9.135929e-02
29991.549	32.476	-47.759	5.250833e-01	1.176667e-01	-1.176667e-01
30074.026	60.321	-50.001	3.790812e-01	8.569173e-02	-8.569173e-02
30190.500	41.633	-56.153	4.285330e-01	9.644866e-02	-9.644866e-02
30285.146	57.309	-53.014	3.799352e-01	8.569744e-02	-8.569744e-02
30385.560	42.144	-43.105	4.216072e-01	8.824492e-02	-8.824492e-02
35229.086	96.962	-88.580	3.080449e-01	6.932740e-02	-6.932740e-02
35431.258	145.522	-105.210	2.330296e-01	5.268375e-02	-5.268375e-02
35693.958	75.885	-117.178	3.038960e-01	6.848242e-02	-6.848242e-02
36004.294	186.771	-234.450	1.734580e-01	3.514423e-02	-3.514423e-02
41640.109	41.002	-51.769	3.622834e-01	8.124878e-02	-8.124878e-02
41739.392	62.070	-58.281	2.553949e-01	5.744705e-02	-5.744705e-02
41884.849	74.573	-83.387	2.651077e-01	4.567872e-02	-4.567872e-02
47260.477	58.059	-64.799	2.077037e-01	4.705428e-02	-4.705428e-02
47361.153	42.631	-42.618	3.019831e-01	6.784551e-02	-6.784551e-02
47468.583	63.075	-64.798	1.976927e-01	4.446761e-02	-4.446761e-02
47642.605	77.098	-110.947	1.975906e-01	3.702285e-02	-3.702285e-02
53354.991	130.149	-165.713	1.752420e-01	2.841685e-02	-2.841685e-02
63547.769	191.275	-247.503	8.355035e-02	1.545614e-02	-1.545614e-02
103976.926	235.417	-390.307	5.864492e-02	1.559243e-02	-1.559243e-02
104556.513	403.004	-344.169	8.199553e-02	1.592847e-02	-1.592847e-02
109554.844	120.800	-139.961	7.378575e-02	1.927524e-02	-1.927524e-02
109932.988	364.464	-257.345	3.679695e-02	8.826880e-03	-8.826880e-03
115487.590	147.833	-210.714	6.198878e-02	1.579431e-02	-1.579431e-02
115968.882	330.973	-333.459	6.120212e-02	1.151866e-02	-1.151866e-02
177254.437	2403.083	-4026.943	2.195284e-02	5.018775e-03	-5.018775e-03
288694.085	524.794	-806.582	1.031607e-02	3.673507e-03	-2.998903e-03
