! PC data
3290.792	54.403	-48.397	4.652095e-01	1.055820e-01	-1.055820e-01
3415.251	72.861	-70.055	3.295190e-01	7.478627e-02	-7.478627e-02
3555.222	103.388	-67.110	2.791694e-01	6.361314e-02	-6.361314e-02
3721.905	52.040	-63.296	2.230183e-01	5.037542e-02	-5.037542e-02
3871.636	92.865	-97.690	1.345893e-01	3.052520e-02	-3.052520e-02
4015.602	71.758	-51.101	2.108679e-01	4.724662e-02	-4.724662e-02
4183.242	92.166	-95.882	2.190555e-01	4.881640e-02	-4.881640e-02
4350.350	67.975	-74.941	3.392087e-01	7.667918e-02	-7.667918e-02
4479.989	51.165	-61.664	4.536982e-01	1.010886e-01	-1.010886e-01
4568.723	32.636	-37.568	6.722095e-01	1.530201e-01	-1.530201e-01
4625.042	18.942	-23.682	1.183124e+00	2.623575e-01	-2.623575e-01
4677.810	26.350	-33.826	8.347726e-01	1.865310e-01	-1.865310e-01
4734.714	32.128	-30.554	7.461430e-01	1.756524e-01	-1.756524e-01
4788.012	23.962	-21.170	1.033030e+00	2.424369e-01	-2.424369e-01
4833.392	23.714	-21.418	1.011070e+00	2.425369e-01	-2.425369e-01
4891.176	28.613	-34.070	6.863099e-01	1.755444e-01	-1.755444e-01
4956.732	38.276	-36.943	6.164565e-01	1.469470e-01	-1.469470e-01
5018.180	26.975	-23.172	9.617366e-01	2.200289e-01	-2.200289e-01
5068.337	14.427	-23.183	1.266946e+00	2.872541e-01	-2.872541e-01
5112.052	45.094	-29.288	9.999598e-01	2.276284e-01	-2.276284e-01
5175.938	16.311	-18.791	1.441040e+00	3.189430e-01	-3.189430e-01
5219.183	23.212	-26.935	9.512330e-01	2.167534e-01	-2.167534e-01
5286.909	27.384	-44.514	1.182905e+00	2.540137e-01	-2.540137e-01
5345.726	26.235	-31.433	8.634341e-01	1.909211e-01	-1.909211e-01
5432.921	31.233	-60.960	7.371405e-01	1.674655e-01	-1.674655e-01
5507.321	38.807	-43.167	9.034812e-01	1.992089e-01	-1.992089e-01
5565.293	33.489	-19.164	8.951292e-01	2.029522e-01	-2.029522e-01
5651.296	32.002	-52.514	8.557729e-01	1.888685e-01	-1.888685e-01
5736.836	43.473	-53.538	8.477429e-01	1.721223e-01	-1.721223e-01
10819.403	51.330	-74.036	1.931673e-01	4.361037e-02	-4.361037e-02
10953.389	75.304	-82.656	1.534690e-01	3.448151e-02	-3.448151e-02
11107.351	66.766	-78.658	1.663940e-01	3.745748e-02	-3.745748e-02
11249.831	102.306	-75.713	1.350199e-01	3.060086e-02	-3.060086e-02
11437.082	95.577	-84.945	2.058241e-01	3.756945e-02	-3.756945e-02
14859.786	115.437	-110.221	8.285704e-02	2.187244e-02	-2.187244e-02
15095.193	103.181	-119.969	8.360384e-02	2.209107e-02	-2.209107e-02
15319.650	154.528	-121.276	6.826252e-02	1.809022e-02	-1.809022e-02
15626.025	133.988	-151.846	6.582827e-02	1.739414e-02	-1.739414e-02
15889.616	173.782	-129.603	6.115623e-02	1.623870e-02	-1.623870e-02
16199.124	97.453	-135.727	8.498789e-02	2.179145e-02	-2.179145e-02
16413.480	183.976	-116.902	6.200534e-02	1.654512e-02	-1.654512e-02
16723.548	154.727	-126.093	6.634876e-02	1.763472e-02	-1.763472e-02
17112.936	163.988	-234.661	5.490027e-02	1.353031e-02	-1.353031e-02
21663.985	145.013	-145.835	6.581551e-02	1.719395e-02	-1.719395e-02
21991.905	150.566	-182.907	5.687750e-02	1.492601e-02	-1.492601e-02
22377.006	139.055	-234.535	5.054067e-02	1.332321e-02	-1.332321e-02
22757.905	264.624	-241.845	5.504487e-02	1.190230e-02	-1.190230e-02
27968.994	218.797	-272.636	3.884358e-02	1.028744e-02	-1.028744e-02
28526.008	243.475	-338.216	5.894212e-02	1.150736e-02	-1.150736e-02
34108.812	405.480	-339.188	2.700561e-02	7.224200e-03	-7.224200e-03
