! WT data
2218.674	1.438	-1.342	1.751648e+01	2.611205e+00	-2.611205e+00
2221.511	1.677	-1.399	1.557529e+01	2.374739e+00	-2.374738e+00
2225.323	1.945	-2.134	1.193998e+01	1.779909e+00	-1.779908e+00
2228.738	1.326	-1.470	1.739206e+01	2.592659e+00	-2.592658e+00
2231.463	1.308	-1.398	1.738092e+01	2.710987e+00	-2.710987e+00
2234.644	1.939	-1.874	1.233615e+01	1.924130e+00	-1.924130e+00
2238.190	1.585	-1.606	1.541324e+01	2.297674e+00	-2.297673e+00
2241.302	1.156	-1.527	1.865388e+01	2.780760e+00	-2.780759e+00
2243.797	0.935	-1.339	2.165014e+01	3.300962e+00	-3.300961e+00
2246.495	1.738	-1.763	1.429378e+01	2.130793e+00	-2.130793e+00
2250.303	1.095	-2.070	1.539534e+01	2.295006e+00	-2.295005e+00
2252.870	1.443	-1.472	1.668814e+01	2.487724e+00	-2.487724e+00
2255.932	1.302	-1.620	1.664771e+01	2.481697e+00	-2.481697e+00
2258.527	1.326	-1.293	1.826586e+01	2.784966e+00	-2.784965e+00
2261.379	1.418	-1.527	1.651800e+01	2.462362e+00	-2.462361e+00
2264.044	1.266	-1.247	1.872593e+01	2.920775e+00	-2.920774e+00
2266.314	0.965	-1.005	2.469485e+01	3.681296e+00	-3.681295e+00
2268.752	1.373	-1.474	1.708575e+01	2.546997e+00	-2.546996e+00
2271.461	1.447	-1.335	1.690691e+01	2.637054e+00	-2.637054e+00
2274.062	1.329	-1.154	1.926279e+01	2.936967e+00	-2.936966e+00
2276.783	0.912	-1.392	2.111124e+01	3.147083e+00	-3.147082e+00
2278.835	1.275	-1.139	2.014650e+01	3.003267e+00	-3.003266e+00
2280.932	0.774	-0.822	3.047633e+01	4.543149e+00	-4.543148e+00
2282.737	1.010	-1.031	2.383115e+01	3.552542e+00	-3.552541e+00
2284.657	1.113	-0.911	2.362606e+01	3.602227e+00	-3.602226e+00
2286.788	1.128	-1.018	2.229385e+01	3.399107e+00	-3.399106e+00
2289.247	1.314	-1.330	1.779159e+01	2.775043e+00	-2.775042e+00
2291.592	0.816	-1.032	2.616212e+01	3.988895e+00	-3.988894e+00
2293.363	0.982	-0.954	2.543132e+01	3.877471e+00	-3.877470e+00
2295.227	1.211	-0.883	2.389986e+01	3.562785e+00	-3.562784e+00
2297.413	0.781	-0.975	2.803381e+01	4.274270e+00	-4.274269e+00
2299.537	1.200	-1.342	1.968545e+01	2.934538e+00	-2.934537e+00
2301.749	1.021	-1.012	2.453338e+01	3.657225e+00	-3.657224e+00
2303.776	0.841	-1.006	2.460512e+01	4.019007e+00	-4.019007e+00
2305.650	1.086	-1.033	2.294888e+01	3.421022e+00	-3.421021e+00
2307.908	1.024	-1.172	2.214936e+01	3.301836e+00	-3.301835e+00
2310.127	0.934	-1.196	2.208524e+01	3.444744e+00	-3.444743e+00
2312.132	1.189	-1.071	2.116960e+01	3.227694e+00	-3.227693e+00
2314.163	0.737	-0.842	3.081140e+01	4.593098e+00	-4.593097e+00
2315.895	1.024	-0.995	2.410611e+01	3.593532e+00	-3.593531e+00
2317.548	0.604	-0.629	3.883372e+01	5.920914e+00	-5.920912e+00
2319.501	1.224	-1.349	1.830122e+01	2.854531e+00	-2.854530e+00
2321.522	0.838	-0.797	2.977204e+01	4.438160e+00	-4.438159e+00
2323.349	1.039	-0.989	2.360215e+01	3.598581e+00	-3.598580e+00
2325.177	0.624	-0.789	3.385879e+01	5.162394e+00	-5.162393e+00
2326.754	1.110	-0.953	2.356203e+01	3.512425e+00	-3.512424e+00
2328.797	0.765	-0.932	2.865018e+01	4.270923e+00	-4.270922e+00
2330.421	0.758	-0.859	3.006801e+01	4.482280e+00	-4.482279e+00
2332.075	0.979	-0.896	2.593178e+01	3.865687e+00	-3.865686e+00
2333.828	0.762	-0.773	3.167070e+01	4.721196e+00	-4.721195e+00
2335.283	0.739	-0.693	3.339532e+01	5.091731e+00	-5.091729e+00
2336.746	0.742	-0.724	3.262527e+01	4.974321e+00	-4.974320e+00
2338.242	0.738	-0.754	3.257616e+01	4.856174e+00	-4.856173e+00
2339.981	0.965	-1.001	2.473374e+01	3.687093e+00	-3.687092e+00
2341.962	0.927	-1.016	2.461815e+01	3.753489e+00	-3.753488e+00
2343.552	0.775	-0.663	3.216241e+01	5.133018e+00	-5.133017e+00
2345.227	1.050	-0.900	2.493723e+01	3.717428e+00	-3.717427e+00
2347.095	0.562	-0.818	3.522187e+01	5.250573e+00	-5.250571e+00
2348.334	0.755	-0.677	3.395253e+01	5.061351e+00	-5.061350e+00
2349.857	1.042	-0.768	2.643449e+01	4.030424e+00	-4.030423e+00
2351.621	0.756	-0.722	3.289108e+01	4.903119e+00	-4.903117e+00
2353.351	0.843	-0.974	2.676968e+01	3.990593e+00	-3.990592e+00
2355.010	0.755	-0.816	3.095364e+01	4.614303e+00	-4.614301e+00
2356.645	1.059	-0.880	2.507506e+01	3.737975e+00	-3.737974e+00
2358.650	0.854	-0.946	2.612253e+01	4.074459e+00	-4.074458e+00
2360.411	0.955	-0.906	2.570167e+01	3.918691e+00	-3.918690e+00
2362.016	0.579	-0.650	3.890623e+01	5.931970e+00	-5.931968e+00
2363.478	0.691	-0.883	3.088325e+01	4.603809e+00	-4.603808e+00
2365.067	1.006	-0.898	2.512507e+01	3.830778e+00	-3.830777e+00
2367.032	0.968	-0.959	2.525461e+01	3.764739e+00	-3.764738e+00
2369.071	0.724	-1.071	2.622767e+01	4.090859e+00	-4.090858e+00
2370.738	0.625	-0.943	3.105660e+01	4.629651e+00	-4.629650e+00
2372.399	0.798	-1.036	2.653785e+01	3.956035e+00	-3.956034e+00
2373.962	0.878	-0.766	2.961152e+01	4.414231e+00	-4.414230e+00
2375.775	0.900	-0.934	2.653798e+01	3.956054e+00	-3.956053e+00
2377.397	0.725	-0.722	3.359743e+01	5.122545e+00	-5.122544e+00
2378.848	0.913	-0.727	3.050747e+01	4.547791e+00	-4.547790e+00
2380.462	0.818	-0.700	3.297506e+01	4.915638e+00	-4.915637e+00
2381.993	0.779	-0.713	3.352566e+01	4.997717e+00	-4.997716e+00
2383.783	1.053	-1.011	2.385043e+01	3.636437e+00	-3.636436e+00
2385.647	0.580	-0.811	3.479025e+01	5.426407e+00	-5.426406e+00
2386.906	0.678	-0.679	3.686437e+01	5.495422e+00	-5.495421e+00
2388.335	0.924	-0.750	2.931162e+01	4.369524e+00	-4.369523e+00
2390.001	0.698	-0.743	3.377895e+01	5.035475e+00	-5.035474e+00
2391.519	0.858	-0.820	2.901439e+01	4.325216e+00	-4.325215e+00
2393.316	0.609	-0.939	3.144937e+01	4.688202e+00	-4.688200e+00
2394.986	1.057	-1.061	2.261527e+01	3.448114e+00	-3.448113e+00
2396.877	0.911	-0.835	2.697693e+01	4.207725e+00	-4.207724e+00
2398.464	0.669	-0.676	3.617596e+01	5.392801e+00	-5.392800e+00
2399.776	0.829	-0.644	3.300928e+01	4.920740e+00	-4.920739e+00
2401.307	0.665	-0.701	3.500537e+01	5.337212e+00	-5.337210e+00
2402.747	0.733	-0.775	3.223076e+01	4.804685e+00	-4.804684e+00
2404.238	0.746	-0.757	3.181576e+01	4.850897e+00	-4.850895e+00
2405.626	0.572	-0.642	3.941923e+01	6.010186e+00	-6.010184e+00
2406.891	0.714	-0.694	3.455345e+01	5.150931e+00	-5.150930e+00
2408.545	0.819	-0.940	2.763592e+01	4.119725e+00	-4.119724e+00
2410.270	0.615	-0.906	3.196724e+01	4.765401e+00	-4.765400e+00
2411.704	0.603	-0.818	3.420806e+01	5.099443e+00	-5.099441e+00
2413.212	0.733	-0.905	2.967690e+01	4.423977e+00	-4.423976e+00
2414.822	0.716	-0.876	3.053854e+01	4.552422e+00	-4.552421e+00
2416.347	0.871	-0.809	2.847919e+01	4.342176e+00	-4.342175e+00
2417.891	0.684	-0.673	3.582174e+01	5.339997e+00	-5.339995e+00
2419.321	0.560	-0.746	3.662718e+01	5.584487e+00	-5.584485e+00
2420.635	0.624	-0.755	3.530119e+01	5.262398e+00	-5.262396e+00
2422.002	0.684	-0.743	3.411365e+01	5.085370e+00	-5.085368e+00
2423.556	0.825	-0.869	2.826818e+01	4.310004e+00	-4.310002e+00
2425.142	0.717	-0.762	3.292316e+01	4.907902e+00	-4.907900e+00
2426.590	0.847	-0.731	3.033908e+01	4.625750e+00	-4.625749e+00
2428.283	0.901	-0.846	2.786103e+01	4.153282e+00	-4.153281e+00
2429.998	0.668	-0.814	3.284412e+01	4.896118e+00	-4.896117e+00
2431.260	0.767	-0.594	3.514260e+01	5.358135e+00	-5.358133e+00
2432.811	0.834	-0.785	2.954325e+01	4.504410e+00	-4.504409e+00
2434.383	0.717	-0.737	3.290581e+01	5.017094e+00	-5.017093e+00
2435.723	0.494	-0.623	4.281054e+01	6.527253e+00	-6.527251e+00
2436.892	0.768	-0.675	3.370160e+01	5.023945e+00	-5.023944e+00
2438.177	0.537	-0.518	4.609106e+01	6.870858e+00	-6.870856e+00
2439.250	0.632	-0.535	4.029929e+01	6.285678e+00	-6.285677e+00
2440.508	0.639	-0.626	3.844195e+01	5.730595e+00	-5.730593e+00
2441.687	0.470	-0.541	4.737140e+01	7.222639e+00	-7.222637e+00
2442.811	0.666	-0.654	3.687097e+01	5.496406e+00	-5.496405e+00
2444.066	0.509	-0.589	4.361375e+01	6.649718e+00	-6.649716e+00
2445.284	0.554	-0.709	3.853176e+01	5.743983e+00	-5.743982e+00
2446.401	0.606	-0.563	4.164022e+01	6.207365e+00	-6.207363e+00
2447.754	0.701	-0.747	3.250755e+01	5.070362e+00	-5.070361e+00
2449.003	0.908	-0.548	3.289585e+01	5.015577e+00	-5.015576e+00
2450.712	0.551	-0.802	3.599798e+01	5.366269e+00	-5.366268e+00
2452.032	0.736	-0.769	3.232317e+01	4.818459e+00	-4.818458e+00
2453.191	0.440	-0.423	5.635359e+01	8.400709e+00	-8.400706e+00
2454.337	0.606	-0.707	3.703489e+01	5.520842e+00	-5.520841e+00
2455.545	0.623	-0.601	3.972629e+01	5.922053e+00	-5.922051e+00
2456.671	0.486	-0.503	4.915736e+01	7.327956e+00	-7.327954e+00
2457.735	0.657	-0.578	3.938309e+01	5.870892e+00	-5.870890e+00
2459.056	0.663	-0.664	3.663803e+01	5.461682e+00	-5.461681e+00
2460.204	0.507	-0.485	4.898117e+01	7.301692e+00	-7.301690e+00
2461.368	0.530	-0.656	4.097676e+01	6.108463e+00	-6.108461e+00
2462.500	0.494	-0.602	4.436888e+01	6.614131e+00	-6.614129e+00
2463.491	0.610	-0.497	4.394126e+01	6.550385e+00	-6.550384e+00
2464.605	0.366	-0.504	5.589092e+01	8.331737e+00	-8.331735e+00
2465.447	0.509	-0.477	4.933423e+01	7.354323e+00	-7.354321e+00
2466.369	0.607	-0.413	4.691679e+01	7.153327e+00	-7.153325e+00
2467.570	0.630	-0.594	3.907328e+01	5.957439e+00	-5.957438e+00
2468.794	0.568	-0.594	4.185401e+01	6.239235e+00	-6.239234e+00
2470.022	0.670	-0.661	3.653852e+01	5.446847e+00	-5.446846e+00
2471.420	0.557	-0.727	3.723411e+01	5.677023e+00	-5.677022e+00
2472.874	0.660	-0.897	3.124472e+01	4.657694e+00	-4.657692e+00
2474.113	0.490	-0.579	4.477603e+01	6.826929e+00	-6.826927e+00
2475.286	0.514	-0.683	4.065265e+01	6.060147e+00	-6.060145e+00
2476.271	0.490	-0.471	4.817339e+01	7.688321e+00	-7.688319e+00
2477.542	0.665	-0.782	3.254861e+01	5.076767e+00	-5.076766e+00
2478.770	0.540	-0.563	4.340419e+01	6.617766e+00	-6.617764e+00
2479.878	0.658	-0.568	3.970833e+01	5.919376e+00	-5.919374e+00
2481.012	0.508	-0.476	4.947435e+01	7.375210e+00	-7.375208e+00
2482.060	0.608	-0.540	4.172229e+01	6.361329e+00	-6.361328e+00
2483.289	0.495	-0.621	4.291987e+01	6.543922e+00	-6.543920e+00
2484.466	0.515	-0.682	4.065411e+01	6.060365e+00	-6.060363e+00
2485.974	0.749	-0.993	2.748966e+01	4.191303e+00	-4.191302e+00
2487.561	0.780	-0.839	3.006613e+01	4.482000e+00	-4.481998e+00
2489.106	0.707	-0.765	3.308464e+01	4.931974e+00	-4.931972e+00
2490.439	0.635	-0.626	3.732578e+01	5.821886e+00	-5.821885e+00
2491.714	0.600	-0.640	3.925464e+01	5.851744e+00	-5.851742e+00
2492.841	0.599	-0.527	4.322351e+01	6.443389e+00	-6.443387e+00
2494.453	0.723	-1.013	2.757414e+01	4.204185e+00	-4.204184e+00
2495.778	0.560	-0.602	4.052649e+01	6.321117e+00	-6.321115e+00
2496.963	0.451	-0.625	4.522473e+01	6.741713e+00	-6.741711e+00
2498.052	0.435	-0.637	4.463077e+01	6.804780e+00	-6.804779e+00
2499.101	0.586	-0.613	3.992884e+01	6.087886e+00	-6.087884e+00
2500.487	0.566	-0.800	3.562559e+01	5.310756e+00	-5.310754e+00
2501.730	0.660	-0.677	3.583546e+01	5.463774e+00	-5.463772e+00
2503.122	0.715	-0.733	3.361253e+01	5.010667e+00	-5.010666e+00
2504.538	0.826	-0.700	3.136627e+01	4.782364e+00	-4.782363e+00
2505.867	0.448	-0.504	5.108768e+01	7.615712e+00	-7.615710e+00
2507.053	0.478	-0.737	3.936117e+01	6.001334e+00	-6.001332e+00
2508.177	0.642	-0.646	3.713201e+01	5.661457e+00	-5.661455e+00
2509.309	0.521	-0.490	4.733023e+01	7.216363e+00	-7.216361e+00
2510.402	0.629	-0.572	4.049179e+01	6.036168e+00	-6.036166e+00
2511.588	0.661	-0.558	3.990066e+01	5.948047e+00	-5.948046e+00
2512.893	0.513	-0.643	4.204873e+01	6.268262e+00	-6.268261e+00
2514.161	0.517	-0.755	3.822627e+01	5.698444e+00	-5.698442e+00
2515.382	0.879	-0.705	3.070957e+01	4.577918e+00	-4.577917e+00
2516.845	0.515	-0.584	4.422601e+01	6.592833e+00	-6.592831e+00
2517.997	0.635	-0.637	3.760016e+01	5.732834e+00	-5.732833e+00
2519.482	0.636	-0.850	3.219635e+01	4.908924e+00	-4.908923e+00
2520.918	0.679	-0.800	3.235119e+01	4.932533e+00	-4.932532e+00
2522.312	0.664	-0.715	3.526714e+01	5.257322e+00	-5.257321e+00
2523.749	0.803	-0.774	3.084837e+01	4.598609e+00	-4.598608e+00
2525.141	0.617	-0.589	3.965142e+01	6.045587e+00	-6.045585e+00
2526.460	0.609	-0.702	3.708576e+01	5.528426e+00	-5.528424e+00
2527.832	0.837	-0.763	3.040275e+01	4.532180e+00	-4.532178e+00
2529.300	0.531	-0.631	4.117026e+01	6.277162e+00	-6.277161e+00
2530.492	0.601	-0.662	3.849559e+01	5.738591e+00	-5.738589e+00
2531.617	0.492	-0.524	4.786650e+01	7.135526e+00	-7.135524e+00
2532.633	0.505	-0.524	4.728684e+01	7.049115e+00	-7.049113e+00
2533.702	0.702	-0.564	3.838838e+01	5.722609e+00	-5.722607e+00
2535.042	0.731	-0.638	3.495998e+01	5.330290e+00	-5.330289e+00
2536.490	0.547	-0.717	3.781130e+01	5.765027e+00	-5.765026e+00
2537.546	0.799	-0.509	3.718642e+01	5.543432e+00	-5.543430e+00
2539.057	0.762	-0.712	3.246808e+01	4.950355e+00	-4.950354e+00
2540.437	0.632	-0.619	3.974279e+01	5.859762e+00	-5.859761e+00
2541.865	0.686	-0.796	3.281148e+01	4.891253e+00	-4.891252e+00
2543.128	0.663	-0.577	3.857129e+01	5.880901e+00	-5.880900e+00
2544.524	0.603	-0.733	3.639425e+01	5.425342e+00	-5.425340e+00
2545.874	0.945	-0.747	2.826894e+01	4.310118e+00	-4.310117e+00
2547.564	0.781	-0.745	3.186128e+01	4.749606e+00	-4.749604e+00
2548.963	0.647	-0.618	3.847881e+01	5.736090e+00	-5.736089e+00
2550.321	0.697	-0.710	3.345346e+01	5.217900e+00	-5.217899e+00
2551.614	0.529	-0.596	4.257860e+01	6.491889e+00	-6.491887e+00
2552.676	0.646	-0.534	4.058826e+01	6.188425e+00	-6.188423e+00
2554.018	0.643	-0.696	3.633258e+01	5.416149e+00	-5.416147e+00
2555.419	0.785	-0.758	3.155484e+01	4.703924e+00	-4.703922e+00
2556.976	0.707	-0.772	3.292221e+01	4.907759e+00	-4.907758e+00
2558.398	0.741	-0.716	3.285759e+01	5.009744e+00	-5.009742e+00
2559.833	0.671	-0.694	3.567246e+01	5.317743e+00	-5.317742e+00
2561.278	0.623	-0.774	3.485451e+01	5.195811e+00	-5.195809e+00
2562.713	0.732	-0.812	3.048820e+01	4.755394e+00	-4.755393e+00
2564.315	0.904	-0.870	2.744318e+01	4.090994e+00	-4.090992e+00
2566.053	0.849	-0.834	2.844877e+01	4.337537e+00	-4.337536e+00
2567.675	0.603	-0.774	3.477025e+01	5.301364e+00	-5.301362e+00
2568.921	0.595	-0.642	3.936467e+01	5.868146e+00	-5.868144e+00
2570.258	0.814	-0.742	3.021242e+01	4.712380e+00	-4.712379e+00
2571.771	0.595	-0.699	3.759524e+01	5.604375e+00	-5.604373e+00
2573.121	0.742	-0.756	3.246135e+01	4.839059e+00	-4.839057e+00
2574.638	0.742	-0.774	3.155376e+01	4.810951e+00	-4.810950e+00
2576.010	0.636	-0.630	3.838764e+01	5.722499e+00	-5.722497e+00
2577.491	0.823	-0.845	2.913871e+01	4.343748e+00	-4.343747e+00
2579.048	0.783	-0.733	3.207951e+01	4.782137e+00	-4.782136e+00
2580.587	0.562	-0.756	3.691731e+01	5.503314e+00	-5.503313e+00
2581.841	0.678	-0.692	3.553272e+01	5.296913e+00	-5.296911e+00
2583.291	0.637	-0.772	3.454476e+01	5.149635e+00	-5.149634e+00
2584.527	0.532	-0.599	4.160876e+01	6.489923e+00	-6.489921e+00
2585.896	0.598	-0.836	3.394534e+01	5.060278e+00	-5.060277e+00
2587.379	0.609	-0.886	3.257110e+01	4.855420e+00	-4.855418e+00
2588.680	0.833	-0.692	3.140234e+01	4.787864e+00	-4.787863e+00
2589.929	0.463	-0.416	5.447725e+01	8.306057e+00	-8.306055e+00
2590.984	0.715	-0.592	3.659059e+01	5.578908e+00	-5.578907e+00
2592.376	0.681	-0.677	3.582167e+01	5.339985e+00	-5.339984e+00
2593.681	0.573	-0.624	3.728361e+01	6.234262e+00	-6.234261e+00
2595.078	0.731	-0.824	3.127179e+01	4.661730e+00	-4.661728e+00
2596.569	0.852	-0.760	2.967358e+01	4.524283e+00	-4.524282e+00
2598.079	0.826	-0.658	3.277197e+01	4.885363e+00	-4.885362e+00
2599.722	0.699	-0.817	3.207921e+01	4.782092e+00	-4.782091e+00
2601.042	0.757	-0.622	3.526720e+01	5.257330e+00	-5.257328e+00
2602.416	0.638	-0.617	3.876864e+01	5.779295e+00	-5.779293e+00
2603.660	0.550	-0.606	4.135968e+01	6.306043e+00	-6.306042e+00
2605.043	0.775	-0.833	2.924394e+01	4.561321e+00	-4.561320e+00
2606.438	0.722	-0.620	3.565511e+01	5.436276e+00	-5.436274e+00
2607.893	0.840	-0.733	3.041197e+01	4.636863e+00	-4.636861e+00
2609.303	0.679	-0.570	3.893453e+01	5.804024e+00	-5.804023e+00
2610.626	1.009	-0.644	2.942075e+01	4.385793e+00	-4.385791e+00
2612.276	0.636	-0.641	3.684158e+01	5.746362e+00	-5.746360e+00
2613.487	0.583	-0.576	4.133884e+01	6.302865e+00	-6.302864e+00
2614.730	0.678	-0.660	3.578640e+01	5.456294e+00	-5.456292e+00
2615.959	0.572	-0.551	4.335937e+01	6.463642e+00	-6.463640e+00
2617.323	0.597	-0.793	3.503226e+01	5.222308e+00	-5.222307e+00
2618.856	0.795	-0.936	2.811895e+01	4.191731e+00	-4.191730e+00
2620.390	0.766	-0.739	3.234078e+01	4.821085e+00	-4.821084e+00
2621.942	0.889	-0.786	2.907548e+01	4.334323e+00	-4.334322e+00
2623.673	0.984	-0.843	2.620458e+01	3.995369e+00	-3.995368e+00
2625.374	0.637	-0.717	3.595336e+01	5.359618e+00	-5.359616e+00
2626.665	0.832	-0.654	3.276695e+01	4.884615e+00	-4.884614e+00
2628.359	0.664	-0.862	3.136648e+01	4.782395e+00	-4.782394e+00
2629.842	0.949	-0.819	2.752558e+01	4.103277e+00	-4.103276e+00
2631.555	0.813	-0.764	3.088074e+01	4.603435e+00	-4.603434e+00
2633.130	0.779	-0.762	3.055832e+01	4.766331e+00	-4.766330e+00
2634.503	0.539	-0.594	4.294930e+01	6.402511e+00	-6.402510e+00
2635.612	0.523	-0.569	4.455896e+01	6.642466e+00	-6.642464e+00
2637.070	0.744	-0.936	2.898201e+01	4.320389e+00	-4.320387e+00
2638.530	0.846	-0.716	3.064987e+01	4.673136e+00	-4.673134e+00
2640.099	0.544	-0.723	3.842548e+01	5.728139e+00	-5.728138e+00
2641.534	0.934	-0.891	2.666553e+01	3.975067e+00	-3.975066e+00
2643.665	0.925	-1.197	2.179957e+01	3.479143e+00	-3.479142e+00
2645.226	0.659	-0.635	3.697975e+01	5.638243e+00	-5.638241e+00
2646.765	0.659	-0.881	3.104383e+01	4.733202e+00	-4.733201e+00
2648.142	0.781	-0.717	3.246084e+01	4.838982e+00	-4.838981e+00
2649.676	0.896	-0.753	2.948444e+01	4.395287e+00	-4.395286e+00
2651.311	0.668	-0.739	3.455418e+01	5.151040e+00	-5.151038e+00
2652.732	0.884	-0.753	2.922196e+01	4.455424e+00	-4.455423e+00
2654.413	0.759	-0.797	3.124594e+01	4.657875e+00	-4.657874e+00
2656.028	0.789	-0.855	2.864036e+01	4.467178e+00	-4.467177e+00
2657.658	0.814	-0.841	2.845543e+01	4.438333e+00	-4.438332e+00
2659.363	0.854	-0.892	2.789046e+01	4.157669e+00	-4.157668e+00
2660.803	0.592	-0.586	4.065313e+01	6.198317e+00	-6.198315e+00
2662.110	0.598	-0.715	3.707354e+01	5.526604e+00	-5.526603e+00
2663.308	0.789	-0.601	3.445822e+01	5.253788e+00	-5.253786e+00
2664.832	0.596	-0.735	3.597885e+01	5.485636e+00	-5.485635e+00
2666.226	0.851	-0.799	2.951492e+01	4.399831e+00	-4.399829e+00
2667.743	0.808	-0.666	3.300412e+01	4.919970e+00	-4.919969e+00
2669.389	0.639	-0.837	3.296448e+01	4.914061e+00	-4.914059e+00
2670.791	1.199	-0.762	2.401391e+01	3.745567e+00	-3.745567e+00
2672.718	0.665	-0.728	3.494328e+01	5.209043e+00	-5.209042e+00
2673.974	0.709	-0.591	3.742865e+01	5.579541e+00	-5.579540e+00
2675.433	0.924	-0.750	2.907578e+01	4.334367e+00	-4.334366e+00
2677.202	0.789	-0.845	2.931557e+01	4.469696e+00	-4.469695e+00
2678.822	0.876	-0.832	2.850005e+01	4.248542e+00	-4.248541e+00
2680.480	0.732	-0.782	3.215030e+01	4.792691e+00	-4.792689e+00
2682.007	0.924	-0.795	2.832354e+01	4.222229e+00	-4.222228e+00
2683.675	0.804	-0.744	3.144848e+01	4.688068e+00	-4.688067e+00
2685.203	0.639	-0.724	3.571782e+01	5.324504e+00	-5.324503e+00
2686.659	0.928	-0.817	2.821587e+01	4.206179e+00	-4.206178e+00
2688.535	0.705	-0.948	2.981398e+01	4.545689e+00	-4.545688e+00
2689.936	0.817	-0.697	3.254723e+01	4.962424e+00	-4.962422e+00
2691.757	0.849	-1.003	2.616314e+01	4.080794e+00	-4.080793e+00
2693.602	0.850	-0.996	2.712787e+01	4.043990e+00	-4.043989e+00
2695.393	0.804	-0.941	2.823362e+01	4.304733e+00	-4.304732e+00
2696.873	0.595	-0.675	3.943790e+01	5.879063e+00	-5.879062e+00
2698.233	0.938	-0.765	2.866324e+01	4.272869e+00	-4.272868e+00
2700.049	1.075	-0.878	2.410039e+01	3.759057e+00	-3.759056e+00
2701.695	0.645	-0.571	3.940084e+01	6.007381e+00	-6.007380e+00
2703.137	0.593	-0.798	3.498627e+01	5.215452e+00	-5.215451e+00
2704.486	0.877	-0.756	2.980289e+01	4.442758e+00	-4.442757e+00
2706.064	0.806	-0.701	3.230185e+01	4.815282e+00	-4.815280e+00
2707.527	0.600	-0.656	3.875213e+01	5.776834e+00	-5.776833e+00
2709.136	0.789	-1.010	2.706215e+01	4.034193e+00	-4.034192e+00
2710.859	0.886	-0.934	2.630642e+01	4.010896e+00	-4.010895e+00
2712.468	0.679	-0.723	3.415141e+01	5.207010e+00	-5.207008e+00
2713.742	0.630	-0.594	3.976782e+01	5.928244e+00	-5.928243e+00
2715.279	0.811	-0.908	2.832292e+01	4.222137e+00	-4.222136e+00
2716.797	0.886	-0.707	3.006851e+01	4.584496e+00	-4.584495e+00
2718.532	0.691	-0.850	3.158279e+01	4.708091e+00	-4.708089e+00
2720.208	0.841	-0.985	2.620241e+01	3.995039e+00	-3.995038e+00
2721.810	0.667	-0.761	3.403794e+01	5.074084e+00	-5.074082e+00
2723.279	0.630	-0.802	3.283949e+01	5.122136e+00	-5.122135e+00
2724.611	0.645	-0.702	3.551350e+01	5.414685e+00	-5.414683e+00
2725.878	0.696	-0.622	3.688536e+01	5.498552e+00	-5.498551e+00
2727.103	0.601	-0.529	4.233656e+01	6.454986e+00	-6.454984e+00
2728.487	0.695	-0.783	3.289042e+01	4.903020e+00	-4.903019e+00
2730.063	0.862	-0.880	2.793967e+01	4.165005e+00	-4.165004e+00
2731.668	0.752	-0.744	3.199933e+01	4.878885e+00	-4.878884e+00
2733.088	0.663	-0.668	3.657731e+01	5.452631e+00	-5.452629e+00
2734.447	0.681	-0.696	3.534872e+01	5.269483e+00	-5.269482e+00
2736.215	0.922	-1.086	2.383650e+01	3.634312e+00	-3.634311e+00
2737.776	0.915	-0.639	3.134060e+01	4.671987e+00	-4.671986e+00
2739.385	0.726	-0.695	3.368168e+01	5.135390e+00	-5.135389e+00
2740.996	0.716	-0.885	3.107535e+01	4.581816e+00	-4.581815e+00
2742.605	0.902	-0.892	2.714298e+01	4.046242e+00	-4.046241e+00
2744.320	0.953	-0.814	2.755270e+01	4.107319e+00	-4.107318e+00
2746.018	0.783	-0.745	3.185119e+01	4.748101e+00	-4.748100e+00
2747.381	0.589	-0.580	4.096178e+01	6.245375e+00	-6.245374e+00
2748.564	0.635	-0.594	3.894563e+01	5.937976e+00	-5.937975e+00
2749.986	0.894	-0.787	2.895249e+01	4.315987e+00	-4.315986e+00
2751.313	0.516	-0.432	5.049118e+01	7.698308e+00	-7.698306e+00
2752.518	0.645	-0.690	3.588224e+01	5.470906e+00	-5.470905e+00
2754.200	1.004	-1.037	2.385410e+01	3.555965e+00	-3.555964e+00
2755.807	0.653	-0.603	3.684831e+01	5.880874e+00	-5.880873e+00
2756.959	0.600	-0.499	4.427202e+01	6.599692e+00	-6.599690e+00
2758.399	0.749	-0.839	3.063894e+01	4.567389e+00	-4.567388e+00
2759.786	0.823	-0.638	3.332553e+01	4.967884e+00	-4.967882e+00
2761.320	0.700	-0.711	3.450228e+01	5.143303e+00	-5.143302e+00
2762.643	0.768	-0.623	3.441339e+01	5.246953e+00	-5.246951e+00
2764.079	0.794	-0.668	3.273835e+01	4.991562e+00	-4.991561e+00
2765.542	0.733	-0.668	3.472022e+01	5.175792e+00	-5.175791e+00
2766.880	0.685	-0.604	3.773760e+01	5.625597e+00	-5.625596e+00
2768.246	0.576	-0.680	3.811763e+01	5.811733e+00	-5.811732e+00
2769.510	0.473	-0.689	4.189859e+01	6.245880e+00	-6.245879e+00
2770.962	0.911	-0.979	2.576253e+01	3.840456e+00	-3.840455e+00
2772.481	0.672	-0.609	3.737606e+01	5.698666e+00	-5.698665e+00
2773.803	0.599	-0.650	3.983945e+01	5.874014e+00	-5.874013e+00
2775.012	0.680	-0.610	3.773659e+01	5.625446e+00	-5.625444e+00
2776.326	0.740	-0.633	3.543960e+01	5.283031e+00	-5.283030e+00
2777.968	0.851	-0.902	2.777570e+01	4.140563e+00	-4.140562e+00
2779.695	0.691	-0.877	3.105467e+01	4.629363e+00	-4.629362e+00
2780.965	0.605	-0.580	3.906019e+01	6.233882e+00	-6.233881e+00
2782.269	0.642	-0.698	3.633333e+01	5.416261e+00	-5.416259e+00
2783.525	0.668	-0.615	3.879087e+01	5.719409e+00	-5.719408e+00
2784.678	0.473	-0.485	5.085456e+01	7.580960e+00	-7.580958e+00
2785.640	0.542	-0.490	4.717306e+01	7.032153e+00	-7.032151e+00
2787.060	0.634	-0.878	3.166061e+01	4.827241e+00	-4.827240e+00
2788.661	0.866	-0.966	2.569264e+01	4.007408e+00	-4.007407e+00
2790.076	0.468	-0.549	4.704791e+01	7.173317e+00	-7.173315e+00
2791.161	0.723	-0.616	3.633453e+01	5.416439e+00	-5.416437e+00
2792.552	0.702	-0.668	3.553261e+01	5.296896e+00	-5.296895e+00
2794.129	0.721	-0.875	3.049971e+01	4.546634e+00	-4.546633e+00
2795.643	0.603	-0.793	3.427949e+01	5.226537e+00	-5.226536e+00
2797.010	0.604	-0.764	3.499290e+01	5.335311e+00	-5.335309e+00
2798.462	0.935	-0.847	2.730333e+01	4.070146e+00	-4.070145e+00
2800.322	0.792	-0.925	2.788544e+01	4.251648e+00	-4.251647e+00
2801.954	0.913	-0.840	2.731941e+01	4.165346e+00	-4.165345e+00
2803.759	0.726	-0.893	2.858555e+01	4.562164e+00	-4.562163e+00
2805.360	0.730	-0.875	3.033241e+01	4.521695e+00	-4.521694e+00
2806.882	0.787	-0.791	3.084534e+01	4.598158e+00	-4.598157e+00
2808.296	0.570	-0.627	3.998736e+01	6.096808e+00	-6.096806e+00
2809.796	0.652	-0.930	3.077654e+01	4.587902e+00	-4.587901e+00
2811.084	0.536	-0.637	4.151746e+01	6.189065e+00	-6.189064e+00
2812.165	0.581	-0.545	4.251411e+01	6.482057e+00	-6.482055e+00
2813.340	0.484	-0.594	4.514889e+01	6.730407e+00	-6.730405e+00
2814.296	0.653	-0.472	4.329103e+01	6.453454e+00	-6.453453e+00
2815.789	0.667	-0.840	3.226907e+01	4.810396e+00	-4.810394e+00
2817.009	0.594	-0.553	4.168122e+01	6.355068e+00	-6.355066e+00
2818.148	0.464	-0.545	4.820492e+01	7.185974e+00	-7.185972e+00
2819.140	0.756	-0.528	3.785572e+01	5.643204e+00	-5.643203e+00
2820.422	0.462	-0.526	4.924692e+01	7.341307e+00	-7.341305e+00
2821.635	0.631	-0.751	3.402340e+01	5.306797e+00	-5.306796e+00
2822.804	0.571	-0.538	4.387130e+01	6.539957e+00	-6.539955e+00
2824.065	0.536	-0.690	3.966873e+01	5.913472e+00	-5.913471e+00
2825.260	0.484	-0.660	4.251555e+01	6.337852e+00	-6.337850e+00
2826.424	0.590	-0.680	3.832115e+01	5.712587e+00	-5.712586e+00
2827.695	0.504	-0.681	4.108235e+01	6.124204e+00	-6.124202e+00
2828.762	0.350	-0.562	5.333510e+01	7.950738e+00	-7.950736e+00
2829.869	0.548	-0.756	3.671597e+01	5.598024e+00	-5.598022e+00
2830.899	0.451	-0.483	5.211589e+01	7.768988e+00	-7.768986e+00
2832.062	0.514	-0.712	3.906014e+01	5.955435e+00	-5.955434e+00
2833.198	0.647	-0.622	3.711676e+01	5.789283e+00	-5.789282e+00
2834.487	0.544	-0.642	4.102177e+01	6.115173e+00	-6.115171e+00
2835.551	0.545	-0.520	4.492894e+01	6.850241e+00	-6.850240e+00
2836.727	0.544	-0.630	4.145301e+01	6.179458e+00	-6.179456e+00
2837.675	0.417	-0.403	5.934703e+01	8.846944e+00	-8.846942e+00
2838.749	0.609	-0.658	3.842581e+01	5.728189e+00	-5.728188e+00
2839.812	0.481	-0.454	5.211169e+01	7.768362e+00	-7.768360e+00
2840.701	0.464	-0.409	5.480704e+01	8.356340e+00	-8.356338e+00
2841.736	0.524	-0.570	4.375721e+01	6.671590e+00	-6.671588e+00
2843.035	0.789	-0.775	3.112488e+01	4.639830e+00	-4.639829e+00
2844.793	0.657	-0.969	2.993303e+01	4.462158e+00	-4.462157e+00
2845.940	0.646	-0.491	4.281522e+01	6.382525e+00	-6.382523e+00
2847.119	0.491	-0.532	4.847551e+01	7.226312e+00	-7.226310e+00
2848.170	0.504	-0.560	4.708668e+01	7.019277e+00	-7.019275e+00
2849.163	0.557	-0.490	4.788717e+01	7.138607e+00	-7.138605e+00
2850.307	0.462	-0.588	4.772591e+01	7.114568e+00	-7.114566e+00
2851.484	0.546	-0.715	3.906343e+01	5.955937e+00	-5.955935e+00
2852.517	0.526	-0.486	4.948583e+01	7.376921e+00	-7.376919e+00
2853.414	0.457	-0.370	6.055295e+01	9.026712e+00	-9.026710e+00
2854.442	0.605	-0.571	4.190060e+01	6.388516e+00	-6.388515e+00
2855.570	0.554	-0.524	4.646442e+01	6.926515e+00	-6.926513e+00
2856.687	0.615	-0.563	4.183681e+01	6.378790e+00	-6.378788e+00
2858.043	0.661	-0.741	3.380086e+01	5.272086e+00	-5.272085e+00
2859.371	0.697	-0.667	3.508768e+01	5.349762e+00	-5.349760e+00
2860.482	0.432	-0.413	5.760042e+01	8.586575e+00	-8.586573e+00
2861.463	0.497	-0.549	4.576827e+01	6.978213e+00	-6.978211e+00
2862.455	0.703	-0.494	4.065486e+01	6.060477e+00	-6.060475e+00
2864.018	0.497	-0.861	3.527105e+01	5.377719e+00	-5.377717e+00
2865.200	0.718	-0.686	3.410876e+01	5.200506e+00	-5.200505e+00
2866.634	0.616	-0.715	3.597926e+01	5.485699e+00	-5.485697e+00
2867.777	0.602	-0.528	4.167484e+01	6.500230e+00	-6.500229e+00
2869.158	0.701	-0.779	3.288426e+01	4.902102e+00	-4.902101e+00
2870.560	0.733	-0.701	3.394534e+01	5.060279e+00	-5.060277e+00
2871.974	0.689	-0.681	3.436759e+01	5.360482e+00	-5.360480e+00
2873.080	0.398	-0.417	5.973738e+01	8.905134e+00	-8.905132e+00
2874.289	0.888	-0.811	2.817979e+01	4.296526e+00	-4.296525e+00
2875.908	0.721	-0.731	3.352939e+01	4.998273e+00	-4.998271e+00
2877.290	0.716	-0.661	3.534843e+01	5.269440e+00	-5.269438e+00
2878.730	0.821	-0.724	3.100422e+01	4.727162e+00	-4.727161e+00
2880.115	0.557	-0.565	4.336079e+01	6.463853e+00	-6.463851e+00
2881.209	0.601	-0.536	4.281744e+01	6.382855e+00	-6.382854e+00
2882.464	0.715	-0.654	3.553331e+01	5.297000e+00	-5.296999e+00
2883.977	0.713	-0.797	3.222707e+01	4.804134e+00	-4.804133e+00
2885.404	0.680	-0.714	3.494297e+01	5.208998e+00	-5.208996e+00
2886.803	0.639	-0.720	3.522505e+01	5.370706e+00	-5.370705e+00
2888.295	0.688	-0.853	3.107653e+01	4.738188e+00	-4.738187e+00
2889.770	0.478	-0.787	3.848127e+01	5.736456e+00	-5.736454e+00
2890.786	0.535	-0.538	4.388630e+01	6.845163e+00	-6.845161e+00
2892.045	0.713	-0.724	3.386210e+01	5.047870e+00	-5.047868e+00
2893.610	0.634	-0.851	3.222963e+01	4.913999e+00	-4.913998e+00
2894.900	0.767	-0.656	3.363979e+01	5.129003e+00	-5.129002e+00
2896.531	0.862	-0.864	2.820642e+01	4.204770e+00	-4.204768e+00
2898.239	0.666	-0.846	3.166078e+01	4.827267e+00	-4.827265e+00
2899.653	0.704	-0.747	3.243079e+01	5.058390e+00	-5.058389e+00
2901.067	0.755	-0.709	3.269856e+01	4.985496e+00	-4.985495e+00
2902.459	0.637	-0.638	3.690670e+01	5.756520e+00	-5.756519e+00
2903.766	0.511	-0.669	4.058949e+01	6.188613e+00	-6.188611e+00
2905.035	0.725	-0.759	3.280483e+01	4.890261e+00	-4.890260e+00
2906.527	0.707	-0.767	3.195920e+01	4.984833e+00	-4.984832e+00
2908.087	0.660	-0.854	3.162279e+01	4.821475e+00	-4.821474e+00
2909.494	0.820	-0.747	3.054549e+01	4.657221e+00	-4.657220e+00
2911.073	0.896	-0.758	2.941665e+01	4.385181e+00	-4.385180e+00
2912.718	0.669	-0.749	3.376168e+01	5.147588e+00	-5.147587e+00
2914.023	0.704	-0.635	3.632939e+01	5.415673e+00	-5.415672e+00
2915.462	0.810	-0.735	3.099996e+01	4.726513e+00	-4.726511e+00
2917.318	0.748	-1.047	2.711239e+01	4.041682e+00	-4.041681e+00
2918.960	0.878	-0.894	2.656539e+01	4.143535e+00	-4.143534e+00
2920.452	0.745	-0.614	3.521950e+01	5.369859e+00	-5.369858e+00
2921.914	0.788	-0.717	3.242675e+01	4.944054e+00	-4.944052e+00
2923.355	0.775	-0.652	3.510828e+01	5.233640e+00	-5.233639e+00
2924.994	0.813	-0.865	2.936987e+01	4.477976e+00	-4.477975e+00
2926.585	0.728	-0.777	3.328230e+01	4.961439e+00	-4.961437e+00
2928.466	0.855	-1.154	2.493970e+01	3.717796e+00	-3.717795e+00
2929.927	0.696	-0.606	3.846607e+01	5.734191e+00	-5.734189e+00
2931.554	0.706	-0.931	3.060514e+01	4.562351e+00	-4.562349e+00
2932.972	0.678	-0.712	3.605168e+01	5.374273e+00	-5.374272e+00
2934.619	0.808	-0.970	2.772278e+01	4.226847e+00	-4.226846e+00
2936.004	0.777	-0.577	3.699893e+01	5.515482e+00	-5.515480e+00
2937.493	0.693	-0.712	3.564076e+01	5.313018e+00	-5.313016e+00
2938.845	0.768	-0.658	3.510816e+01	5.233623e+00	-5.233621e+00
2940.599	0.975	-0.986	2.513170e+01	3.831789e+00	-3.831788e+00
2942.343	0.730	-0.769	3.340008e+01	4.978996e+00	-4.978995e+00
2944.083	0.882	-1.009	2.605273e+01	3.972216e+00	-3.972215e+00
2945.675	0.721	-0.710	3.444529e+01	5.251818e+00	-5.251816e+00
2947.262	1.002	-0.866	2.681504e+01	3.997355e+00	-3.997354e+00
2949.325	1.098	-1.062	2.243249e+01	3.498906e+00	-3.498905e+00
2951.247	0.949	-0.823	2.780557e+01	4.239469e+00	-4.239468e+00
2953.179	0.877	-0.984	2.585477e+01	4.032696e+00	-4.032695e+00
2954.938	1.116	-0.882	2.436276e+01	3.631791e+00	-3.631790e+00
2957.148	0.776	-1.094	2.560510e+01	3.903968e+00	-3.903967e+00
2958.915	0.788	-0.991	2.735931e+01	4.078491e+00	-4.078490e+00
2960.629	0.974	-0.926	2.561729e+01	3.818806e+00	-3.818805e+00
2962.656	1.164	-1.052	2.159790e+01	3.292996e+00	-3.292996e+00
2964.892	1.095	-1.072	2.295844e+01	3.422447e+00	-3.422446e+00
2967.050	0.734	-1.063	2.787994e+01	4.156102e+00	-4.156101e+00
2968.789	0.972	-1.005	2.451470e+01	3.823678e+00	-3.823677e+00
2970.819	0.891	-1.059	2.527104e+01	3.853034e+00	-3.853033e+00
2972.628	0.856	-0.918	2.778046e+01	4.235641e+00	-4.235640e+00
2974.799	1.188	-1.315	1.877737e+01	2.996809e+00	-2.996808e+00
2977.174	1.176	-1.186	1.992694e+01	3.108103e+00	-3.108103e+00
2979.305	0.830	-0.955	2.727773e+01	4.066328e+00	-4.066327e+00
2980.909	0.745	-0.774	3.203735e+01	4.775853e+00	-4.775852e+00
2982.415	0.758	-0.761	3.098726e+01	4.833235e+00	-4.833234e+00
2984.218	1.050	-1.045	2.248323e+01	3.506820e+00	-3.506819e+00
2986.018	0.774	-0.751	3.143629e+01	4.903273e+00	-4.903272e+00
2987.860	1.702	-1.068	1.748930e+01	2.727892e+00	-2.727891e+00
2990.643	0.978	-1.081	2.353599e+01	3.671024e+00	-3.671023e+00
2992.847	1.249	-1.226	2.023989e+01	3.017188e+00	-3.017188e+00
2995.250	1.009	-1.155	2.315265e+01	3.451397e+00	-3.451397e+00
2997.336	1.042	-1.077	2.227478e+01	3.474307e+00	-3.474307e+00
2999.649	0.987	-1.271	2.155846e+01	3.213749e+00	-3.213748e+00
3001.596	0.909	-0.961	2.602983e+01	3.880304e+00	-3.880302e+00
3003.658	1.053	-1.153	2.133942e+01	3.328415e+00	-3.328414e+00
3005.762	0.819	-1.051	2.560333e+01	3.903698e+00	-3.903697e+00
3007.570	1.059	-0.988	2.375216e+01	3.540768e+00	-3.540767e+00
3009.521	0.928	-0.892	2.627902e+01	4.006719e+00	-4.006718e+00
3011.350	0.889	-0.901	2.716868e+01	4.050073e+00	-4.050072e+00
3013.502	0.996	-1.263	2.152077e+01	3.208131e+00	-3.208130e+00
3015.491	0.708	-0.993	2.858955e+01	4.261883e+00	-4.261882e+00
3017.289	1.045	-1.089	2.278275e+01	3.396256e+00	-3.396255e+00
3019.693	1.086	-1.359	1.991274e+01	2.968419e+00	-2.968419e+00
3021.843	0.866	-1.065	2.521647e+01	3.759054e+00	-3.759053e+00
3023.814	0.994	-1.105	2.280665e+01	3.477292e+00	-3.477291e+00
3025.781	0.976	-0.972	2.498633e+01	3.724747e+00	-3.724746e+00
3027.845	0.829	-1.089	2.537733e+01	3.783034e+00	-3.783033e+00
3029.505	0.917	-0.830	2.737688e+01	4.174108e+00	-4.174107e+00
3031.406	0.924	-0.985	2.547225e+01	3.797184e+00	-3.797183e+00
3033.715	1.827	-1.384	1.514242e+01	2.257302e+00	-2.257301e+00
3036.588	1.059	-1.046	2.310397e+01	3.444140e+00	-3.444139e+00
3039.009	1.188	-1.363	1.906817e+01	2.842519e+00	-2.842518e+00
3041.454	0.911	-1.256	2.246366e+01	3.348688e+00	-3.348687e+00
3043.483	1.159	-1.118	2.102486e+01	3.205626e+00	-3.205626e+00
3045.876	1.214	-1.234	1.988405e+01	2.964143e+00	-2.964142e+00
3048.202	1.242	-1.112	2.068045e+01	3.082863e+00	-3.082862e+00
3050.637	1.042	-1.193	2.069539e+01	3.302919e+00	-3.302918e+00
3053.270	1.409	-1.592	1.620158e+01	2.415192e+00	-2.415191e+00
3056.376	1.437	-1.696	1.552078e+01	2.313704e+00	-2.313704e+00
3059.080	1.102	-1.267	2.018356e+01	3.077355e+00	-3.077354e+00
3061.189	1.248	-1.007	2.157191e+01	3.215754e+00	-3.215753e+00
3064.025	1.465	-1.588	1.592756e+01	2.374344e+00	-2.374344e+00
3066.682	1.171	-1.192	2.058110e+01	3.068053e+00	-3.068052e+00
3068.951	1.588	-1.099	1.810051e+01	2.698268e+00	-2.698268e+00
3071.723	1.036	-1.185	2.155753e+01	3.286841e+00	-3.286840e+00
3073.741	0.993	-0.981	2.424474e+01	3.696556e+00	-3.696555e+00
3076.323	1.187	-1.589	1.725132e+01	2.630280e+00	-2.630279e+00
3078.511	0.924	-1.001	2.528656e+01	3.769503e+00	-3.769502e+00
3080.785	1.345	-1.350	1.746756e+01	2.724502e+00	-2.724501e+00
3083.403	1.301	-1.273	1.859756e+01	2.835540e+00	-2.835539e+00
3085.959	1.139	-1.255	1.999323e+01	3.048334e+00	-3.048334e+00
3088.298	1.413	-1.199	1.863712e+01	2.778262e+00	-2.778261e+00
3090.998	1.679	-1.287	1.614317e+01	2.461322e+00	-2.461322e+00
3094.002	1.482	-1.325	1.733892e+01	2.584737e+00	-2.584737e+00
3096.798	1.075	-1.314	2.037270e+01	3.036987e+00	-3.036986e+00
3099.364	1.042	-1.491	1.921406e+01	2.864266e+00	-2.864266e+00
3102.301	1.541	-1.895	1.393687e+01	2.124931e+00	-2.124931e+00
3105.003	1.149	-1.161	2.004164e+01	3.198582e+00	-3.198582e+00
3107.950	1.639	-1.798	1.416116e+01	2.111024e+00	-2.111023e+00
3111.600	1.629	-2.011	1.337220e+01	1.993412e+00	-1.993411e+00
3114.969	1.281	-1.740	1.557110e+01	2.428702e+00	-2.428701e+00
3117.693	1.051	-1.443	1.949495e+01	2.906140e+00	-2.906139e+00
3120.267	1.263	-1.523	1.745358e+01	2.601830e+00	-2.601829e+00
3122.913	1.380	-1.383	1.759944e+01	2.623573e+00	-2.623572e+00
3125.267	0.981	-0.974	2.489295e+01	3.710826e+00	-3.710825e+00
3127.553	1.312	-1.305	1.859971e+01	2.772684e+00	-2.772684e+00
3130.176	1.100	-1.311	1.986147e+01	3.028246e+00	-3.028245e+00
3133.154	2.165	-1.878	1.204241e+01	1.795178e+00	-1.795178e+00
3136.535	1.218	-1.216	1.967243e+01	2.999424e+00	-2.999423e+00
3139.283	1.247	-1.530	1.752754e+01	2.612854e+00	-2.612854e+00
3142.306	1.833	-1.777	1.348464e+01	2.010174e+00	-2.010173e+00
3145.637	1.234	-1.497	1.753235e+01	2.673128e+00	-2.673128e+00
3148.511	1.654	-1.641	1.453130e+01	2.215563e+00	-2.215562e+00
3151.203	1.373	-1.038	1.986138e+01	3.028232e+00	-3.028232e+00
3153.894	1.340	-1.318	1.831347e+01	2.730015e+00	-2.730014e+00
3156.302	1.439	-1.068	1.877505e+01	2.928437e+00	-2.928437e+00
3158.841	1.104	-1.100	2.205941e+01	3.288426e+00	-3.288426e+00
3161.263	1.093	-1.318	1.984050e+01	3.025049e+00	-3.025048e+00
3163.782	1.698	-1.426	1.556497e+01	2.320291e+00	-2.320290e+00
3166.802	1.064	-1.322	2.038944e+01	3.039483e+00	-3.039482e+00
3168.898	1.456	-1.033	1.923620e+01	2.932911e+00	-2.932911e+00
3171.843	1.507	-1.489	1.624703e+01	2.421967e+00	-2.421966e+00
3174.560	1.324	-1.210	1.921356e+01	2.864192e+00	-2.864192e+00
3177.476	1.132	-1.592	1.757091e+01	2.679008e+00	-2.679007e+00
3179.454	0.855	-0.846	2.812059e+01	4.287500e+00	-4.287499e+00
3181.255	1.132	-0.946	2.340067e+01	3.488370e+00	-3.488370e+00
3183.862	1.321	-1.475	1.710148e+01	2.607435e+00	-2.607434e+00
3186.449	1.192	-1.265	1.914251e+01	2.985751e+00	-2.985750e+00
3188.915	1.453	-1.275	1.783873e+01	2.659245e+00	-2.659244e+00
3191.478	0.749	-1.110	2.575344e+01	3.926584e+00	-3.926583e+00
3193.589	1.321	-1.362	1.784600e+01	2.720951e+00	-2.720950e+00
3196.321	1.118	-1.411	1.893876e+01	2.887561e+00	-2.887561e+00
3198.539	1.030	-1.101	2.246385e+01	3.425026e+00	-3.425026e+00
3200.770	1.354	-1.201	1.874067e+01	2.857360e+00	-2.857359e+00
3203.337	1.164	-1.213	2.047875e+01	3.052795e+00	-3.052795e+00
3206.083	1.740	-1.581	1.393388e+01	2.223803e+00	-2.223803e+00
3208.675	1.059	-0.852	2.547498e+01	3.797591e+00	-3.797590e+00
3210.850	1.157	-1.117	2.140856e+01	3.191404e+00	-3.191403e+00
3213.209	1.204	-1.202	2.023694e+01	3.016748e+00	-3.016747e+00
3215.372	0.945	-0.959	2.515114e+01	3.834754e+00	-3.834753e+00
3217.204	0.937	-0.888	2.666694e+01	3.975277e+00	-3.975276e+00
3219.348	1.096	-1.206	2.114410e+01	3.151980e+00	-3.151979e+00
3221.262	0.865	-0.818	2.749731e+01	4.388483e+00	-4.388482e+00
3222.995	1.182	-0.867	2.374804e+01	3.540153e+00	-3.540153e+00
3225.127	1.026	-0.950	2.341351e+01	3.736723e+00	-3.736722e+00
3227.324	1.169	-1.170	2.080451e+01	3.101358e+00	-3.101357e+00
3229.917	1.445	-1.424	1.668267e+01	2.543580e+00	-2.543579e+00
3232.867	1.070	-1.504	1.890808e+01	2.818654e+00	-2.818653e+00
3235.063	0.886	-1.126	2.419083e+01	3.606160e+00	-3.606159e+00
3237.019	1.056	-1.070	2.289558e+01	3.413076e+00	-3.413075e+00
3239.085	0.801	-1.010	2.643550e+01	4.030577e+00	-4.030576e+00
3241.142	1.266	-1.255	1.899187e+01	2.895659e+00	-2.895658e+00
3243.567	0.996	-1.160	2.257358e+01	3.365075e+00	-3.365074e+00
3246.351	1.581	-1.787	1.445292e+01	2.154517e+00	-2.154517e+00
3248.955	1.238	-1.023	2.152576e+01	3.208876e+00	-3.208875e+00
3251.169	0.919	-0.976	2.568941e+01	3.829557e+00	-3.829556e+00
3253.480	1.454	-1.392	1.680584e+01	2.562359e+00	-2.562359e+00
3256.295	1.145	-1.361	1.812645e+01	2.960779e+00	-2.960779e+00
3258.473	0.975	-1.032	2.423048e+01	3.612071e+00	-3.612070e+00
3260.524	1.310	-1.076	2.004756e+01	3.056618e+00	-3.056617e+00
3262.899	1.321	-1.065	2.055969e+01	3.064862e+00	-3.064861e+00
3265.730	1.615	-1.511	1.576344e+01	2.403425e+00	-2.403425e+00
3268.501	1.210	-1.156	2.047752e+01	3.193980e+00	-3.193979e+00
3271.213	1.174	-1.502	1.841507e+01	2.807715e+00	-2.807715e+00
3273.860	1.050	-1.472	1.955732e+01	2.915437e+00	-2.915436e+00
3275.935	1.078	-1.025	2.314712e+01	3.450573e+00	-3.450572e+00
3278.206	1.380	-1.193	1.892100e+01	2.820580e+00	-2.820579e+00
3281.149	1.404	-1.563	1.613398e+01	2.459921e+00	-2.459920e+00
3283.916	1.067	-1.363	1.936702e+01	3.020770e+00	-3.020769e+00
3286.410	1.103	-1.427	1.922079e+01	2.865270e+00	-2.865269e+00
3288.981	1.488	-1.467	1.645503e+01	2.452974e+00	-2.452973e+00
3292.004	1.554	-1.536	1.573520e+01	2.345668e+00	-2.345668e+00
3294.939	1.246	-1.380	1.852409e+01	2.761411e+00	-2.761411e+00
3297.281	0.950	-1.096	2.223208e+01	3.631394e+00	-3.631393e+00
3299.925	1.753	-1.695	1.411800e+01	2.104590e+00	-2.104590e+00
3302.896	1.302	-1.217	1.868923e+01	2.915051e+00	-2.915051e+00
3305.528	1.659	-1.330	1.601902e+01	2.442394e+00	-2.442394e+00
3308.982	1.530	-1.795	1.439877e+01	2.195357e+00	-2.195357e+00
3312.562	1.524	-2.050	1.339544e+01	2.042382e+00	-2.042381e+00
3315.664	1.472	-1.577	1.582283e+01	2.412481e+00	-2.412481e+00
3318.898	1.613	-1.762	1.459957e+01	2.225973e+00	-2.225973e+00
3321.755	1.791	-1.245	1.650470e+01	2.460379e+00	-2.460378e+00
3324.626	1.123	-1.080	2.274373e+01	3.390439e+00	-3.390438e+00
3327.242	1.463	-1.493	1.642518e+01	2.504320e+00	-2.504320e+00
3330.390	1.395	-1.685	1.578956e+01	2.353772e+00	-2.353771e+00
3333.470	1.681	-1.685	1.444594e+01	2.153476e+00	-2.153476e+00
3336.685	1.629	-1.534	1.486832e+01	2.319085e+00	-2.319084e+00
3339.807	1.468	-1.492	1.642544e+01	2.448563e+00	-2.448562e+00
3342.890	1.573	-1.615	1.525221e+01	2.273667e+00	-2.273667e+00
3346.473	1.436	-2.010	1.411044e+01	2.103463e+00	-2.103462e+00
3349.870	1.948	-1.961	1.244059e+01	1.854537e+00	-1.854536e+00
3353.680	1.716	-1.862	1.314565e+01	2.050391e+00	-2.050391e+00
3357.667	1.621	-2.272	1.208232e+01	1.884538e+00	-1.884538e+00
3361.412	1.776	-2.124	1.263511e+01	1.926454e+00	-1.926454e+00
3365.029	1.584	-1.840	1.462742e+01	2.180529e+00	-2.180529e+00
3368.200	1.791	-1.587	1.458462e+01	2.223693e+00	-2.223692e+00
3372.319	1.995	-2.327	1.107900e+01	1.689198e+00	-1.689197e+00
3375.656	1.506	-1.343	1.708881e+01	2.547453e+00	-2.547452e+00
3379.472	2.043	-2.311	1.099759e+01	1.676785e+00	-1.676785e+00
3383.766	2.161	-2.251	1.067060e+01	1.664345e+00	-1.664345e+00
3388.329	2.190	-2.402	1.060054e+01	1.580237e+00	-1.580236e+00
3393.020	2.047	-2.501	1.070446e+01	1.595728e+00	-1.595728e+00
3396.851	1.512	-1.785	9.843798e+00	1.797225e+00	-1.797225e+00
3400.261	1.885	-1.897	1.244684e+01	1.941395e+00	-1.941394e+00
3403.962	1.963	-1.816	1.286801e+01	1.918252e+00	-1.918251e+00
3408.061	2.053	-2.137	1.141563e+01	1.740523e+00	-1.740522e+00
3412.115	1.828	-2.001	1.270438e+01	1.893859e+00	-1.893858e+00
3415.589	1.816	-1.646	1.359884e+01	2.121078e+00	-2.121077e+00
3419.044	1.489	-1.639	1.530798e+01	2.333983e+00	-2.333982e+00
3422.257	1.655	-1.724	1.417135e+01	2.160682e+00	-2.160681e+00
3425.701	1.821	-1.789	1.348408e+01	2.010090e+00	-2.010090e+00
3429.222	1.612	-1.701	1.469335e+01	2.190358e+00	-2.190358e+00
3432.688	1.785	-1.853	1.293997e+01	2.018310e+00	-2.018310e+00
3436.708	2.050	-2.236	1.098518e+01	1.713412e+00	-1.713412e+00
3440.492	1.730	-1.734	8.841295e+00	1.840030e+00	-1.840030e+00
3444.163	1.910	-1.940	1.243551e+01	1.896022e+00	-1.896021e+00
3447.833	1.565	-1.761	8.798485e+00	1.845034e+00	-1.845034e+00
3451.024	2.087	-1.626	1.289324e+01	1.965811e+00	-1.965810e+00
3454.700	1.865	-1.590	1.408738e+01	2.100025e+00	-2.100024e+00
3458.249	1.417	-1.684	1.543983e+01	2.354086e+00	-2.354086e+00
3461.389	1.948	-1.722	1.326232e+01	1.977033e+00	-1.977032e+00
3465.360	1.816	-2.023	1.267846e+01	1.889996e+00	-1.889995e+00
3469.037	1.724	-1.861	1.335543e+01	2.036281e+00	-2.036280e+00
3472.541	1.942	-1.780	1.286379e+01	1.961321e+00	-1.961321e+00
3475.978	1.358	-1.495	1.649816e+01	2.573299e+00	-2.573298e+00
3478.685	1.779	-1.348	1.556296e+01	2.319991e+00	-2.319991e+00
3481.645	1.452	-1.181	1.848615e+01	2.755756e+00	-2.755756e+00
3484.643	1.838	-1.546	1.438476e+01	2.144357e+00	-2.144356e+00
3487.956	1.687	-1.474	1.513479e+01	2.307577e+00	-2.307576e+00
3491.564	2.031	-1.921	1.210458e+01	1.845565e+00	-1.845565e+00
3495.120	1.699	-1.525	1.483684e+01	2.262149e+00	-2.262148e+00
3498.300	1.562	-1.482	1.598278e+01	2.382575e+00	-2.382574e+00
3501.284	1.329	-1.422	1.740713e+01	2.654037e+00	-2.654036e+00
3504.307	1.807	-1.694	1.321898e+01	2.109707e+00	-2.109706e+00
3507.493	1.806	-1.379	1.478370e+01	2.305887e+00	-2.305886e+00
3510.748	1.470	-1.450	1.667135e+01	2.485222e+00	-2.485221e+00
3514.459	1.861	-2.240	1.167432e+01	1.779964e+00	-1.779964e+00
3517.846	1.821	-1.527	1.429854e+01	2.180076e+00	-2.180075e+00
3521.501	1.613	-1.833	1.412490e+01	2.105618e+00	-2.105617e+00
3524.784	1.500	-1.670	1.535347e+01	2.288763e+00	-2.288763e+00
3527.796	1.276	-1.512	1.717414e+01	2.618513e+00	-2.618512e+00
3530.627	1.719	-1.555	1.438169e+01	2.243183e+00	-2.243183e+00
3533.765	1.603	-1.420	1.504734e+01	2.457837e+00	-2.457836e+00
3536.981	1.647	-1.613	1.493398e+01	2.226229e+00	-2.226229e+00
3539.880	1.156	-1.253	1.987477e+01	3.030274e+00	-3.030273e+00
3542.528	1.725	-1.492	1.513226e+01	2.255787e+00	-2.255786e+00
3545.749	1.495	-1.496	1.627541e+01	2.426198e+00	-2.426197e+00
3549.348	1.803	-2.104	1.225448e+01	1.868421e+00	-1.868420e+00
3552.558	1.205	-1.407	1.863752e+01	2.778321e+00	-2.778320e+00
3554.923	1.188	-1.161	2.072705e+01	3.089810e+00	-3.089809e+00
3557.373	1.314	-1.262	1.889512e+01	2.816722e+00	-2.816721e+00
3559.929	1.696	-1.242	1.602841e+01	2.500031e+00	-2.500030e+00
3563.224	1.362	-1.600	1.616293e+01	2.464335e+00	-2.464334e+00
3566.142	1.309	-1.555	1.699345e+01	2.533237e+00	-2.533236e+00
3569.108	1.291	-1.657	1.597044e+01	2.490988e+00	-2.490987e+00
3571.795	1.497	-1.396	1.627478e+01	2.538457e+00	-2.538456e+00
3574.924	1.046	-1.632	1.788089e+01	2.726269e+00	-2.726269e+00
3577.616	1.380	-1.647	1.582070e+01	2.412156e+00	-2.412156e+00
3580.670	1.617	-1.674	1.478875e+01	2.204579e+00	-2.204578e+00
3583.524	1.433	-1.237	1.792830e+01	2.733499e+00	-2.733499e+00
3586.630	1.500	-1.672	1.534381e+01	2.287323e+00	-2.287323e+00
3589.258	1.032	-1.128	2.253580e+01	3.359443e+00	-3.359442e+00
3592.320	1.208	-2.030	1.478560e+01	2.254336e+00	-2.254336e+00
3595.190	1.322	-1.662	1.604736e+01	2.446715e+00	-2.446714e+00
3597.794	1.217	-1.283	1.915452e+01	2.920458e+00	-2.920457e+00
3600.487	1.235	-1.476	1.795307e+01	2.676289e+00	-2.676288e+00
3603.232	1.255	-1.510	1.731794e+01	2.640438e+00	-2.640437e+00
3605.994	1.626	-1.507	1.528120e+01	2.329900e+00	-2.329899e+00
3609.029	1.589	-1.409	1.623639e+01	2.420381e+00	-2.420381e+00
3612.106	1.282	-1.488	1.728331e+01	2.635158e+00	-2.635158e+00
3615.182	1.288	-1.794	1.553019e+01	2.367862e+00	-2.367862e+00
3618.163	1.609	-1.693	1.400221e+01	2.234709e+00	-2.234708e+00
3621.174	1.593	-1.403	1.623043e+01	2.419493e+00	-2.419493e+00
3624.501	1.460	-1.734	1.522665e+01	2.269857e+00	-2.269857e+00
3627.130	1.564	-1.169	1.751791e+01	2.670927e+00	-2.670927e+00
3630.146	1.339	-1.452	1.686632e+01	2.630722e+00	-2.630722e+00
3633.411	1.262	-1.926	1.376671e+01	2.357118e+00	-2.357117e+00
3635.833	1.561	-1.160	1.701421e+01	2.715414e+00	-2.715413e+00
3638.567	1.472	-1.173	1.839866e+01	2.742714e+00	-2.742713e+00
3641.409	1.303	-1.369	1.791633e+01	2.731674e+00	-2.731673e+00
3643.703	1.015	-0.992	2.345953e+01	3.659099e+00	-3.659098e+00
3645.962	1.052	-1.243	2.086068e+01	3.180594e+00	-3.180593e+00
3648.194	1.090	-1.180	2.191441e+01	3.266812e+00	-3.266811e+00
3650.460	1.188	-1.177	2.084012e+01	3.177458e+00	-3.177457e+00
3652.924	1.188	-1.276	2.033078e+01	3.030738e+00	-3.030737e+00
3655.810	1.032	-1.698	1.835584e+01	2.736331e+00	-2.736330e+00
3658.020	1.213	-1.178	2.094989e+01	3.123029e+00	-3.123028e+00
3660.678	1.410	-1.445	1.725452e+01	2.630768e+00	-2.630767e+00
3663.466	1.207	-1.378	1.874222e+01	2.923316e+00	-2.923316e+00
3665.894	1.204	-1.221	2.065656e+01	3.079302e+00	-3.079301e+00
3668.390	1.311	-1.292	1.912398e+01	2.850838e+00	-2.850837e+00
3671.072	1.011	-1.371	2.009800e+01	3.064309e+00	-3.064309e+00
3673.045	1.459	-0.962	2.010274e+01	2.996744e+00	-2.996743e+00
3676.250	1.114	-1.745	1.702540e+01	2.538000e+00	-2.537999e+00
3678.489	1.381	-1.126	1.941780e+01	2.894638e+00	-2.894637e+00
3681.239	1.628	-1.368	1.624710e+01	2.421978e+00	-2.421977e+00
3684.342	1.159	-1.476	1.756581e+01	2.803447e+00	-2.803446e+00
3686.847	1.627	-1.346	1.610517e+01	2.455528e+00	-2.455528e+00
3689.467	1.240	-0.993	2.144368e+01	3.269482e+00	-3.269481e+00
3692.085	1.369	-1.378	1.772028e+01	2.641587e+00	-2.641586e+00
3694.868	1.532	-1.414	1.652192e+01	2.462945e+00	-2.462944e+00
3697.908	1.217	-1.508	1.785921e+01	2.662297e+00	-2.662296e+00
3700.392	1.602	-1.266	1.697276e+01	2.530152e+00	-2.530152e+00
3703.888	1.390	-1.894	1.384931e+01	2.262149e+00	-2.262149e+00
3706.660	1.327	-1.382	1.796430e+01	2.677963e+00	-2.677963e+00
3709.747	1.251	-1.759	1.537497e+01	2.453796e+00	-2.453796e+00
3712.633	1.795	-1.635	1.419093e+01	2.115462e+00	-2.115461e+00
3716.469	1.661	-2.041	1.293219e+01	1.971750e+00	-1.971749e+00
3719.737	1.796	-1.606	1.430979e+01	2.133181e+00	-2.133180e+00
3722.879	1.270	-1.347	1.859982e+01	2.772701e+00	-2.772700e+00
3725.472	1.564	-1.323	1.685779e+01	2.513014e+00	-2.513013e+00
3728.617	1.617	-1.580	1.522552e+01	2.269690e+00	-2.269689e+00
3731.962	1.463	-1.729	1.500116e+01	2.287202e+00	-2.287202e+00
3734.829	1.619	-1.404	1.557585e+01	2.429442e+00	-2.429441e+00
3737.874	1.442	-1.426	1.697292e+01	2.530176e+00	-2.530175e+00
3740.992	1.242	-1.675	1.613619e+01	2.516841e+00	-2.516840e+00
3743.626	1.556	-1.392	1.624154e+01	2.476321e+00	-2.476320e+00
3746.619	1.403	-1.437	1.714323e+01	2.555565e+00	-2.555564e+00
3749.715	1.777	-1.694	1.402378e+01	2.090545e+00	-2.090544e+00
3752.956	1.366	-1.463	1.720802e+01	2.565224e+00	-2.565223e+00
3756.087	1.415	-1.766	1.530212e+01	2.281108e+00	-2.281107e+00
3759.458	1.450	-1.956	1.406056e+01	2.143790e+00	-2.143790e+00
3762.480	1.915	-1.572	1.373057e+01	2.093477e+00	-2.093476e+00
3765.703	1.398	-1.308	1.739805e+01	2.713660e+00	-2.713659e+00
3768.350	1.496	-1.250	1.773087e+01	2.643165e+00	-2.643165e+00
3771.340	1.331	-1.494	1.722829e+01	2.568246e+00	-2.568245e+00
3774.700	2.567	-2.028	1.059175e+01	1.578927e+00	-1.578927e+00
3778.724	1.662	-1.457	1.509467e+01	2.354390e+00	-2.354389e+00
3782.201	1.928	-1.815	1.257642e+01	1.961606e+00	-1.961606e+00
3785.731	1.741	-1.602	1.455985e+01	2.170457e+00	-2.170456e+00
3788.949	1.503	-1.477	1.579810e+01	2.464107e+00	-2.464106e+00
3792.791	1.835	-2.339	1.147064e+01	1.748910e+00	-1.748910e+00
3796.389	1.341	-1.763	1.542162e+01	2.351309e+00	-2.351309e+00
3799.180	1.735	-1.450	1.528493e+01	2.278546e+00	-2.278546e+00
3802.670	1.789	-1.755	1.373495e+01	2.047488e+00	-2.047487e+00
3806.276	1.922	-1.817	1.301621e+01	1.940345e+00	-1.940345e+00
3810.263	1.464	-2.064	8.972244e+00	1.694542e+00	-1.694542e+00
3813.305	1.747	-1.579	1.463921e+01	2.182288e+00	-2.182287e+00
3817.055	1.614	-2.003	1.345824e+01	2.006238e+00	-2.006237e+00
3820.250	1.882	-1.582	1.405259e+01	2.094839e+00	-2.094838e+00
3823.857	1.734	-1.725	1.384377e+01	2.110737e+00	-2.110737e+00
3827.536	2.183	-1.945	1.159995e+01	1.768625e+00	-1.768624e+00
3831.942	2.316	-2.223	1.072489e+01	1.598775e+00	-1.598774e+00
3836.167	1.345	-1.909	1.471358e+01	2.243356e+00	-2.243355e+00
3839.705	2.217	-2.194	1.067479e+01	1.665000e+00	-1.664999e+00
3843.735	2.245	-1.814	1.199468e+01	1.788064e+00	-1.788063e+00
3847.347	1.296	-1.367	1.827657e+01	2.724514e+00	-2.724513e+00
3850.338	1.568	-1.695	1.491811e+01	2.223864e+00	-2.223863e+00
3853.542	1.677	-1.636	1.421220e+01	2.216746e+00	-2.216746e+00
3856.795	1.751	-1.576	1.439124e+01	2.194209e+00	-2.194209e+00
3860.828	2.177	-2.282	1.073892e+01	1.637346e+00	-1.637346e+00
3864.817	1.653	-1.813	1.381514e+01	2.106372e+00	-2.106371e+00
3868.142	1.558	-1.672	1.482755e+01	2.260733e+00	-2.260732e+00
3871.272	1.647	-1.573	1.511607e+01	2.253373e+00	-2.253372e+00
3874.600	2.159	-1.680	1.267817e+01	1.889952e+00	-1.889951e+00
3878.374	1.722	-1.615	1.410589e+01	2.200165e+00	-2.200165e+00
3881.976	1.419	-1.879	9.838174e+00	1.796198e+00	-1.796198e+00
3885.553	1.873	-2.158	1.167867e+01	1.821580e+00	-1.821580e+00
3889.068	2.134	-1.641	1.289383e+01	1.922101e+00	-1.922100e+00
3892.788	1.773	-1.586	1.418898e+01	2.213126e+00	-2.213125e+00
3896.309	1.771	-1.749	1.423473e+01	2.121991e+00	-2.121990e+00
3900.015	1.883	-1.935	1.269024e+01	1.979359e+00	-1.979358e+00
3903.787	2.383	-1.889	1.154979e+01	1.721743e+00	-1.721743e+00
3907.981	1.802	-1.812	1.347083e+01	2.008116e+00	-2.008115e+00
3911.316	1.784	-1.533	1.443695e+01	2.201178e+00	-2.201177e+00
3915.142	2.007	-2.042	1.202062e+01	1.791931e+00	-1.791930e+00
3919.251	2.109	-2.102	1.136916e+01	1.733438e+00	-1.733437e+00
3923.186	2.029	-1.827	9.539146e+00	1.635952e+00	-1.635951e+00
3926.838	1.803	-1.623	1.420572e+01	2.117666e+00	-2.117665e+00
3930.804	1.636	-2.162	1.281522e+01	1.910383e+00	-1.910382e+00
3934.129	1.515	-1.689	1.444475e+01	2.305337e+00	-2.305336e+00
3938.080	2.079	-2.436	1.042632e+01	1.626244e+00	-1.626243e+00
3942.421	1.959	-2.261	1.134501e+01	1.729755e+00	-1.729754e+00
3946.405	1.862	-2.026	1.252147e+01	1.866593e+00	-1.866592e+00
3950.013	2.565	-1.746	1.129179e+01	1.683283e+00	-1.683283e+00
3954.970	2.636	-2.392	9.522926e+00	1.451945e+00	-1.451945e+00
3959.460	2.250	-1.854	1.166547e+01	1.778615e+00	-1.778615e+00
3963.923	2.315	-2.213	1.075071e+01	1.602624e+00	-1.602623e+00
3968.205	2.161	-1.967	1.160012e+01	1.768651e+00	-1.768651e+00
3972.564	1.232	-2.198	9.460788e+00	1.727297e+00	-1.727297e+00
3976.173	2.079	-2.377	1.056435e+01	1.647774e+00	-1.647773e+00
3979.901	1.878	-1.648	9.194266e+00	1.678637e+00	-1.678637e+00
3984.118	2.365	-2.339	1.033720e+01	1.540981e+00	-1.540981e+00
3988.408	2.304	-1.925	1.149834e+01	1.714073e+00	-1.714073e+00
3992.313	1.959	-1.601	8.882106e+00	1.677518e+00	-1.677518e+00
3996.202	2.183	-1.930	9.138747e+00	1.632811e+00	-1.632810e+00
4000.318	2.568	-1.933	1.063171e+01	1.621000e+00	-1.621000e+00
4005.008	1.627	-2.121	8.656701e+00	1.580492e+00	-1.580491e+00
4008.885	2.358	-2.250	1.039034e+01	1.584198e+00	-1.584197e+00
4013.130	1.781	-1.887	8.845475e+00	1.614957e+00	-1.614957e+00
4016.658	1.982	-1.747	9.068210e+00	1.654753e+00	-1.654752e+00
4021.011	2.067	-2.370	7.197420e+00	1.380884e+00	-1.380884e+00
4024.768	1.627	-1.691	9.779494e+00	1.785485e+00	-1.785484e+00
4028.618	2.055	-2.222	1.100725e+01	1.716855e+00	-1.716855e+00
4032.493	1.900	-1.820	8.717547e+00	1.591600e+00	-1.591600e+00
4036.367	2.547	-1.974	1.075634e+01	1.603462e+00	-1.603462e+00
4041.021	1.630	-2.108	8.460247e+00	1.597844e+00	-1.597843e+00
4044.789	1.699	-2.137	8.459840e+00	1.544550e+00	-1.544550e+00
4048.558	2.190	-2.071	7.615578e+00	1.390409e+00	-1.390409e+00
4052.804	2.250	-2.055	1.112011e+01	1.695464e+00	-1.695464e+00
4057.122	2.036	-2.068	7.517523e+00	1.469415e+00	-1.469415e+00
4060.779	2.196	-1.621	9.428060e+00	1.665918e+00	-1.665917e+00
4065.019	2.149	-2.045	7.541577e+00	1.424339e+00	-1.424339e+00
4069.197	1.444	-2.029	9.334659e+00	1.704269e+00	-1.704269e+00
4073.685	2.181	-3.044	6.205504e+00	1.132966e+00	-1.132966e+00
4077.486	2.407	-1.620	9.007239e+00	1.614000e+00	-1.614000e+00
4081.472	1.872	-1.580	9.171113e+00	1.732101e+00	-1.732101e+00
4085.089	2.082	-1.745	9.893058e+00	1.672234e+00	-1.672233e+00
4089.298	1.849	-2.127	8.160832e+00	1.489959e+00	-1.489958e+00
4093.473	1.424	-2.326	8.652525e+00	1.579729e+00	-1.579729e+00
4096.938	1.452	-2.041	9.283939e+00	1.695009e+00	-1.695009e+00
4100.075	1.686	-1.685	9.379104e+00	1.771383e+00	-1.771383e+00
4103.246	2.102	-1.485	8.816120e+00	1.665055e+00	-1.665055e+00
4107.597	2.092	-2.249	1.102660e+01	1.681208e+00	-1.681207e+00
4111.754	1.828	-2.065	1.250472e+01	1.864096e+00	-1.864095e+00
4115.543	1.908	-1.961	8.385314e+00	1.530943e+00	-1.530943e+00
4119.140	1.781	-1.689	9.114393e+00	1.721389e+00	-1.721389e+00
4123.059	2.331	-2.139	6.896983e+00	1.348121e+00	-1.348121e+00
4127.481	1.970	-2.092	7.981224e+00	1.457167e+00	-1.457166e+00
4131.754	1.699	-2.302	1.195376e+01	1.822571e+00	-1.822570e+00
4135.330	1.672	-1.877	9.133492e+00	1.667541e+00	-1.667541e+00
4139.574	1.633	-2.571	7.711110e+00	1.407851e+00	-1.407851e+00
4142.806	1.946	-1.599	9.142692e+00	1.669221e+00	-1.669221e+00
4147.121	2.015	-2.369	7.031413e+00	1.374397e+00	-1.374397e+00
4150.973	2.523	-1.838	7.441045e+00	1.358544e+00	-1.358544e+00
4154.947	2.016	-1.450	9.675390e+00	1.737753e+00	-1.737753e+00
4158.551	1.765	-1.589	9.674288e+00	1.766277e+00	-1.766276e+00
4162.332	2.215	-2.016	7.474003e+00	1.411577e+00	-1.411576e+00
4166.359	1.971	-1.813	8.566500e+00	1.564023e+00	-1.564023e+00
4170.718	2.202	-2.388	6.816617e+00	1.332412e+00	-1.332412e+00
4175.023	1.613	-2.102	8.990179e+00	1.641376e+00	-1.641376e+00
4178.759	2.093	-2.123	7.920499e+00	1.446080e+00	-1.446080e+00
4183.042	1.588	-2.189	8.608072e+00	1.571613e+00	-1.571613e+00
4186.355	1.920	-1.726	8.901597e+00	1.625203e+00	-1.625203e+00
4191.011	1.610	-2.737	7.282509e+00	1.375410e+00	-1.375410e+00
4194.497	2.599	-1.876	6.895730e+00	1.347876e+00	-1.347876e+00
4199.343	1.770	-2.248	7.680550e+00	1.501281e+00	-1.501281e+00
4203.472	1.925	-2.359	7.574707e+00	1.382947e+00	-1.382947e+00
4207.876	1.594	-2.479	7.968643e+00	1.454870e+00	-1.454869e+00
4211.278	1.777	-1.808	8.829601e+00	1.667601e+00	-1.667601e+00
4214.777	1.649	-1.722	9.700216e+00	1.800258e+00	-1.800257e+00
4218.720	1.782	-2.294	7.757857e+00	1.465187e+00	-1.465187e+00
4222.504	1.772	-2.002	8.591820e+00	1.568646e+00	-1.568646e+00
4226.497	3.151	-2.222	6.039795e+00	1.102712e+00	-1.102711e+00
4232.206	2.661	-2.558	5.760281e+00	1.165885e+00	-1.165885e+00
4237.767	2.401	-2.901	6.174438e+00	1.145911e+00	-1.145910e+00
4242.264	1.632	-2.096	8.706533e+00	1.589589e+00	-1.589589e+00
4245.718	1.595	-1.823	9.495145e+00	1.733570e+00	-1.733570e+00
4249.668	2.219	-2.355	6.571435e+00	1.330064e+00	-1.330063e+00
4254.208	2.810	-2.321	6.323774e+00	1.154559e+00	-1.154559e+00
4258.924	1.814	-1.906	8.499876e+00	1.605328e+00	-1.605328e+00
4263.433	2.160	-2.695	6.184477e+00	1.251743e+00	-1.251743e+00
4268.129	2.329	-2.535	6.500867e+00	1.227786e+00	-1.227785e+00
4272.581	2.300	-2.123	7.329525e+00	1.338183e+00	-1.338183e+00
4278.058	2.180	-3.177	5.758227e+00	1.125534e+00	-1.125534e+00
4282.490	1.827	-2.252	7.759274e+00	1.465454e+00	-1.465454e+00
4286.823	2.405	-2.505	6.281686e+00	1.227852e+00	-1.227852e+00
4291.721	1.897	-2.494	7.201465e+00	1.360104e+00	-1.360104e+00
4297.063	3.193	-3.445	3.923277e+00	9.541209e-01	-9.541208e-01
! PC data
38455.485	311.845	-327.516	5.416260e-02	1.227954e-02	-1.227954e-02
42848.185	192.988	-259.579	4.873436e-02	1.388016e-02	-1.388016e-02
43318.602	176.396	-277.429	4.360608e-02	1.139628e-02	-1.139628e-02
43697.009	204.174	-202.011	4.831353e-02	1.259002e-02	-1.259002e-02
44249.911	275.582	-348.729	5.280905e-02	1.062763e-02	-1.062763e-02
48570.257	269.858	-230.250	4.274298e-02	1.131370e-02	-1.131370e-02
49046.542	164.656	-206.427	5.226814e-02	1.369407e-02	-1.369407e-02
49358.981	130.528	-147.784	7.089177e-02	1.841712e-02	-1.841712e-02
49690.563	157.493	-201.054	5.436775e-02	1.420399e-02	-1.420399e-02
50233.140	424.766	-385.084	3.678037e-02	7.843184e-03	-7.843184e-03
60281.459	279.510	-407.494	2.875725e-02	7.633447e-03	-7.633447e-03
61318.260	488.833	-757.292	2.636737e-02	5.459752e-03	-5.459752e-03
66011.535	392.774	-366.943	2.517445e-02	6.675080e-03	-6.675080e-03
66936.110	451.056	-531.801	2.264513e-02	5.623358e-03	-5.623358e-03
71772.125	474.119	-383.382	2.199242e-02	5.867975e-03	-5.867975e-03
72543.887	241.423	-297.643	3.545452e-02	9.271995e-03	-9.271995e-03
77753.335	912.062	-602.347	1.409869e-02	3.550038e-03	-3.550038e-03
141660.585	1217.198	-1109.577	7.930099e-03	2.453432e-03	-2.050096e-03
