! WT data
130.607	1.514	-1.395	1.738928e+01	2.592636e+00	-2.592804e+00
133.261	1.257	-1.140	2.071177e+01	3.172221e+00	-3.172411e+00
135.801	1.085	-1.283	2.055825e+01	3.235392e+00	-3.235578e+00
138.265	1.206	-1.379	1.920064e+01	2.940755e+00	-2.940922e+00
140.450	0.794	-0.979	2.811239e+01	4.424180e+00	-4.424408e+00
142.540	1.111	-1.296	2.076719e+01	3.268219e+00	-3.268381e+00
144.886	1.114	-1.236	2.210237e+01	3.295262e+00	-3.295444e+00
147.065	0.960	-1.064	2.565662e+01	3.825148e+00	-3.825350e+00
149.035	1.038	-1.010	2.488944e+01	3.811975e+00	-3.812159e+00
151.158	1.217	-1.085	2.072881e+01	3.352835e+00	-3.352978e+00
153.384	1.011	-1.008	2.492254e+01	3.715674e+00	-3.715856e+00
155.427	1.030	-1.032	2.440641e+01	3.638716e+00	-3.638890e+00
157.212	0.718	-0.755	3.416328e+01	5.093343e+00	-5.093583e+00
158.853	0.905	-0.924	2.699819e+01	4.134915e+00	-4.135100e+00
160.893	1.273	-1.135	1.994531e+01	3.226083e+00	-3.226209e+00
163.508	0.921	-1.342	2.246137e+01	3.440071e+00	-3.440223e+00
165.318	0.928	-0.889	2.851998e+01	4.251993e+00	-4.252192e+00
167.279	1.261	-1.034	2.214781e+01	3.392040e+00	-3.392186e+00
169.482	0.919	-0.942	2.783833e+01	4.150351e+00	-4.150539e+00
171.641	1.251	-1.240	1.974986e+01	3.108048e+00	-3.108170e+00
174.157	0.934	-1.265	2.288736e+01	3.412218e+00	-3.412370e+00
175.999	0.969	-0.908	2.630911e+01	4.029351e+00	-4.029520e+00
178.128	1.109	-1.160	2.218720e+01	3.307838e+00	-3.307987e+00
180.202	1.003	-0.965	2.557749e+01	3.813272e+00	-3.813437e+00
182.229	0.893	-1.025	2.623833e+01	3.911801e+00	-3.911972e+00
184.152	1.022	-1.030	2.452495e+01	3.656359e+00	-3.656520e+00
186.358	1.231	-1.185	2.082273e+01	3.104413e+00	-3.104554e+00
188.635	1.070	-1.046	2.288688e+01	3.601735e+00	-3.601882e+00
190.825	0.981	-1.120	2.349271e+01	3.598005e+00	-3.598155e+00
192.838	0.793	-1.032	2.652214e+01	4.173807e+00	-4.173973e+00
194.701	0.708	-1.070	2.893202e+01	4.266286e+00	-4.266488e+00
196.307	0.708	-0.898	3.072217e+01	4.705253e+00	-4.705460e+00
197.589	0.496	-0.573	4.615992e+01	7.069615e+00	-7.069922e+00
198.465	0.358	-0.380	6.813115e+01	1.015753e+01	-1.015799e+01
199.369	0.475	-0.546	4.925861e+01	7.343838e+00	-7.344164e+00
200.252	0.341	-0.408	6.716017e+01	1.001276e+01	-1.001322e+01
200.945	0.242	-0.352	8.465408e+01	1.262090e+01	-1.262149e+01
201.556	0.279	-0.368	7.940315e+01	1.170870e+01	-1.170926e+01
202.161	0.354	-0.326	7.401692e+01	1.103504e+01	-1.103555e+01
202.751	0.292	-0.236	9.520366e+01	1.419372e+01	-1.419438e+01
203.436	0.327	-0.393	6.981349e+01	1.040836e+01	-1.040884e+01
204.085	0.271	-0.322	8.170190e+01	1.285758e+01	-1.285813e+01
204.628	0.274	-0.272	9.035502e+01	1.383835e+01	-1.383897e+01
205.146	0.331	-0.244	8.752727e+01	1.304928e+01	-1.304990e+01
205.771	0.319	-0.295	8.194571e+01	1.221712e+01	-1.221769e+01
206.453	0.392	-0.362	9.927555e+01	1.213045e+01	-1.213128e+01
207.129	0.223	-0.284	9.359457e+01	1.513855e+01	-1.513912e+01
207.621	0.269	-0.269	9.361360e+01	1.395660e+01	-1.395721e+01
208.153	0.247	-0.263	9.665154e+01	1.480260e+01	-1.480322e+01
208.711	0.272	-0.311	1.283318e+02	1.568076e+01	-1.568179e+01
209.335	0.340	-0.352	1.068394e+02	1.329236e+01	-1.329320e+01
209.925	0.267	-0.249	1.433121e+02	1.783010e+01	-1.783124e+01
210.537	0.290	-0.345	1.164162e+02	1.448395e+01	-1.448492e+01
211.160	0.242	-0.333	1.303182e+02	1.592359e+01	-1.592469e+01
211.670	0.238	-0.269	1.521029e+02	1.831421e+01	-1.831550e+01
212.148	0.287	-0.240	1.719147e+02	1.910547e+01	-1.910705e+01
212.744	0.323	-0.309	1.185736e+02	1.448847e+01	-1.448945e+01
213.364	0.356	-0.297	1.132455e+02	1.408942e+01	-1.409034e+01
214.016	0.305	-0.296	1.229603e+02	1.529806e+01	-1.529905e+01
214.632	0.226	-0.311	1.359160e+02	1.721977e+01	-1.722083e+01
215.201	0.305	-0.342	1.142366e+02	1.421269e+01	-1.421360e+01
215.816	0.312	-0.311	1.203290e+02	1.470293e+01	-1.470391e+01
216.414	0.236	-0.286	1.401038e+02	1.775040e+01	-1.775153e+01
216.890	0.299	-0.240	1.372347e+02	1.707406e+01	-1.707518e+01
217.459	0.240	-0.270	1.448852e+02	1.802589e+01	-1.802707e+01
217.975	0.333	-0.276	1.215851e+02	1.512699e+01	-1.512797e+01
218.637	0.312	-0.329	1.169850e+02	1.429432e+01	-1.429528e+01
219.198	0.263	-0.249	1.549617e+02	1.839377e+01	-1.839508e+01
219.810	0.299	-0.349	1.142364e+02	1.421276e+01	-1.421371e+01
220.378	0.334	-0.269	1.226611e+02	1.526100e+01	-1.526205e+01
221.044	0.328	-0.332	1.120810e+02	1.394466e+01	-1.394563e+01
221.634	0.266	-0.262	1.382140e+02	1.751107e+01	-1.751222e+01
222.189	0.254	-0.289	1.380806e+02	1.687212e+01	-1.687331e+01
222.750	0.269	-0.307	1.299827e+02	1.588268e+01	-1.588381e+01
223.304	0.319	-0.285	1.223026e+02	1.521643e+01	-1.521750e+01
223.864	0.274	-0.240	1.457284e+02	1.780672e+01	-1.780803e+01
224.447	0.276	-0.309	1.263894e+02	1.572492e+01	-1.572604e+01
224.999	0.235	-0.275	1.430170e+02	1.811961e+01	-1.812083e+01
225.509	0.294	-0.275	1.298988e+02	1.616146e+01	-1.616256e+01
226.103	0.236	-0.300	1.398668e+02	1.709045e+01	-1.709169e+01
226.637	0.303	-0.298	1.214061e+02	1.538162e+01	-1.538265e+01
227.225	0.257	-0.284	1.367354e+02	1.701206e+01	-1.701324e+01
227.748	0.285	-0.267	1.358064e+02	1.659419e+01	-1.659534e+01
228.363	0.271	-0.330	1.198309e+02	1.546184e+01	-1.546279e+01
228.960	0.263	-0.326	1.271903e+02	1.554133e+01	-1.554238e+01
229.466	0.258	-0.244	1.604315e+02	1.891038e+01	-1.891176e+01
229.985	0.265	-0.260	1.835077e+02	1.995362e+01	-1.995538e+01
230.507	0.252	-0.257	1.581877e+02	1.864593e+01	-1.864729e+01
231.081	0.339	-0.323	1.534887e+02	1.909367e+01	-1.906330e+01
231.968	0.482	-0.548	1.935848e+02	2.423840e+01	-2.367093e+01
232.925	0.486	-0.475	1.979307e+02	2.627747e+01	-2.582464e+01
233.760	0.341	-0.349	2.797739e+02	3.745447e+01	-3.623863e+01
234.590	0.422	-0.489	2.171055e+02	2.811803e+01	-2.722267e+01
235.458	0.380	-0.446	2.387595e+02	3.070107e+01	-2.969015e+01
236.314	0.564	-0.477	1.849262e+02	2.454492e+01	-2.375871e+01
237.340	0.435	-0.462	2.179706e+02	2.861871e+01	-2.777128e+01
238.211	0.392	-0.436	2.410460e+02	3.033168e+01	-2.948109e+01
239.010	0.380	-0.408	2.353919e+02	3.259845e+01	-3.177111e+01
239.748	0.433	-0.357	2.465839e+02	3.213403e+01	-3.116032e+01
240.497	0.354	-0.317	2.938581e+02	3.733382e+01	-3.651131e+01
241.223	0.322	-0.372	2.840625e+02	3.614651e+01	-3.529775e+01
241.841	0.284	-0.296	3.318472e+02	4.332342e+01	-4.258831e+01
242.479	0.329	-0.354	2.829584e+02	3.692811e+01	-3.631345e+01
243.083	0.232	-0.275	4.012080e+02	4.949552e+01	-4.867041e+01
243.613	0.282	-0.298	3.335563e+02	4.352258e+01	-4.280560e+01
244.145	0.257	-0.250	4.012064e+02	5.014449e+01	-4.870884e+01
244.703	0.305	-0.300	3.236743e+02	4.226252e+01	-4.090804e+01
245.245	0.282	-0.238	3.768810e+02	4.904966e+01	-4.762117e+01
245.919	0.354	-0.392	2.626425e+02	3.428090e+01	-3.319352e+01
246.545	0.255	-0.273	3.793358e+02	4.767735e+01	-4.639088e+01
247.204	0.307	-0.403	2.692518e+02	3.634844e+01	-3.516973e+01
247.872	0.350	-0.362	2.718480e+02	3.589253e+01	-3.491260e+01
248.530	0.336	-0.308	3.112232e+02	3.889467e+01	-3.804710e+01
249.143	0.263	-0.276	3.631921e+02	4.788051e+01	-4.593532e+01
249.843	0.459	-0.438	2.157525e+02	2.922309e+01	-2.775980e+01
250.663	0.322	-0.361	2.865809e+02	3.830946e+01	-3.627788e+01
251.402	0.387	-0.417	2.492543e+02	3.234887e+01	-3.055118e+01
252.212	0.447	-0.423	2.250452e+02	3.011641e+01	-2.848434e+01
253.038	0.380	-0.378	2.477001e+02	3.476957e+01	-3.293324e+01
253.812	0.365	-0.394	2.556331e+02	3.433277e+01	-3.235680e+01
254.527	0.349	-0.350	2.843511e+02	3.716653e+01	-3.485171e+01
255.341	0.430	-0.465	2.144296e+02	2.920383e+01	-2.758681e+01
256.221	0.397	-0.450	2.320488e+02	3.007163e+01	-2.887335e+01
256.912	0.293	-0.294	3.347047e+02	4.318264e+01	-4.163182e+01
257.667	0.488	-0.462	1.995523e+02	2.676965e+01	-2.605331e+01
258.691	0.501	-0.536	1.872305e+02	2.412776e+01	-2.364214e+01
259.555	0.363	-0.362	2.739000e+02	3.425231e+01	-3.348565e+01
260.287	0.355	-0.369	2.713865e+02	3.454066e+01	-3.372307e+01
261.106	0.368	-0.464	2.387817e+02	2.998101e+01	-2.919981e+01
261.856	0.389	-0.381	2.490951e+02	3.258374e+01	-3.197154e+01
262.651	0.318	-0.406	2.681949e+02	3.444259e+01	-3.385979e+01
263.355	0.375	-0.386	2.585181e+02	3.281042e+01	-3.211857e+01
264.087	0.396	-0.356	2.634710e+02	3.376766e+01	-3.275513e+01
264.914	0.368	-0.430	2.482141e+02	3.183655e+01	-3.086008e+01
265.725	0.481	-0.443	2.147363e+02	2.754557e+01	-2.669804e+01
266.584	0.461	-0.378	2.305780e+02	3.048580e+01	-2.961537e+01
267.492	0.455	-0.447	2.094918e+02	2.850320e+01	-2.780439e+01
268.320	0.486	-0.373	2.280317e+02	2.975352e+01	-2.881809e+01
269.099	0.302	-0.292	3.258388e+02	4.419550e+01	-4.192412e+01
269.961	0.459	-0.560	1.899306e+02	2.506036e+01	-2.439026e+01
270.805	0.464	-0.385	2.344279e+02	3.019825e+01	-2.938328e+01
271.685	0.374	-0.416	2.510096e+02	3.206422e+01	-3.119860e+01
272.458	0.362	-0.400	2.512179e+02	3.360957e+01	-3.279252e+01
273.295	0.399	-0.475	2.216501e+02	2.896719e+01	-2.844706e+01
274.153	0.402	-0.459	2.216281e+02	2.944437e+01	-2.891852e+01
274.915	0.342	-0.360	2.813073e+02	3.584946e+01	-3.523588e+01
275.611	0.417	-0.353	2.527574e+02	3.275286e+01	-3.192770e+01
276.455	0.367	-0.427	2.520559e+02	3.173652e+01	-3.107628e+01
277.296	0.388	-0.475	2.256581e+02	2.904710e+01	-2.849396e+01
278.174	0.489	-0.489	1.966278e+02	2.667791e+01	-2.529544e+01
279.094	0.480	-0.431	2.061365e+02	2.885707e+01	-2.740899e+01
279.988	0.381	-0.414	2.477511e+02	3.165715e+01	-3.079288e+01
280.787	0.422	-0.418	2.346285e+02	2.965010e+01	-2.914334e+01
281.627	0.379	-0.418	2.442953e+02	3.201366e+01	-3.088422e+01
282.446	0.421	-0.440	2.215214e+02	3.041236e+01	-2.918780e+01
283.295	0.434	-0.427	2.261241e+02	2.969162e+01	-2.859151e+01
284.176	0.438	-0.448	2.223788e+02	2.807294e+01	-2.762019e+01
285.008	0.427	-0.393	2.431551e+02	3.121866e+01	-2.977681e+01
285.890	0.523	-0.456	1.967805e+02	2.732295e+01	-2.531932e+01
286.926	0.371	-0.513	2.151459e+02	3.064853e+01	-2.813978e+01
287.853	0.441	-0.556	1.955910e+02	2.705446e+01	-2.476033e+01
288.832	0.563	-0.539	1.790545e+02	2.377321e+01	-2.229712e+01
289.708	0.299	-0.313	3.221884e+02	4.120833e+01	-4.004909e+01
290.456	0.473	-0.449	2.139627e+02	2.714981e+01	-2.658246e+01
291.425	0.489	-0.497	2.024087e+02	2.545521e+01	-2.475458e+01
292.362	0.505	-0.448	2.043488e+02	2.653777e+01	-2.581672e+01
293.267	0.383	-0.400	2.548509e+02	3.215392e+01	-3.117533e+01
294.063	0.425	-0.413	2.325501e+02	2.994545e+01	-2.936377e+01
294.972	0.450	-0.484	2.086304e+02	2.724165e+01	-2.636809e+01
296.133	0.629	-0.711	1.446133e+02	1.960629e+01	-1.860105e+01
297.386	0.579	-0.624	1.670168e+02	2.114246e+01	-2.043580e+01
298.431	0.415	-0.466	2.254398e+02	2.886155e+01	-2.802480e+01
299.487	0.574	-0.641	1.576293e+02	2.132291e+01	-2.059285e+01
300.480	0.419	-0.419	2.432924e+02	3.078364e+01	-2.956447e+01
301.326	0.461	-0.427	2.210069e+02	2.913278e+01	-2.795334e+01
302.294	0.577	-0.508	1.786416e+02	2.348372e+01	-2.293553e+01
303.347	0.421	-0.476	2.162131e+02	2.867545e+01	-2.777673e+01
304.259	0.534	-0.491	1.914619e+02	2.478271e+01	-2.418322e+01
305.231	0.469	-0.438	2.111010e+02	2.809081e+01	-2.754632e+01
306.345	0.672	-0.644	1.416832e+02	1.982842e+01	-1.913630e+01
307.610	0.670	-0.593	1.548186e+02	2.059922e+01	-1.959032e+01
308.962	0.726	-0.681	1.373133e+02	1.863864e+01	-1.766524e+01
310.235	0.486	-0.548	1.891931e+02	2.483190e+01	-2.392045e+01
311.432	0.597	-0.711	1.513324e+02	1.960170e+01	-1.882922e+01
312.646	0.623	-0.617	1.595805e+02	2.032910e+01	-1.983099e+01
313.871	0.608	-0.602	1.578066e+02	2.091958e+01	-2.058755e+01
315.080	0.685	-0.601	1.484212e+02	1.969309e+01	-1.936407e+01
316.411	0.541	-0.646	1.648198e+02	2.115771e+01	-2.080804e+01
317.552	0.626	-0.600	1.582978e+02	2.076789e+01	-2.032117e+01
318.794	0.759	-0.616	1.444900e+02	1.869279e+01	-1.797525e+01
320.221	0.566	-0.668	1.590475e+02	2.086386e+01	-2.010869e+01
321.460	0.692	-0.673	1.456203e+02	1.858554e+01	-1.809844e+01
322.761	0.724	-0.609	1.473706e+02	1.956246e+01	-1.864899e+01
324.130	0.523	-0.645	1.660079e+02	2.208837e+01	-2.133222e+01
325.194	0.646	-0.540	1.635190e+02	2.167232e+01	-2.100610e+01
326.531	0.576	-0.690	1.531843e+02	2.021711e+01	-1.967242e+01
327.812	0.658	-0.705	1.434358e+02	1.859520e+01	-1.811902e+01
328.987	0.550	-0.517	1.870796e+02	2.332919e+01	-2.286781e+01
330.122	0.655	-0.585	1.615772e+02	2.035675e+01	-1.992170e+01
331.410	0.505	-0.632	1.736201e+02	2.209536e+01	-2.157429e+01
332.450	0.612	-0.536	1.720052e+02	2.176898e+01	-2.136656e+01
333.630	0.695	-0.568	1.507528e+02	2.016206e+01	-1.967781e+01
335.104	0.824	-0.779	1.231349e+02	1.599761e+01	-1.532425e+01
336.729	0.670	-0.801	1.357271e+02	1.707062e+01	-1.659974e+01
338.072	0.777	-0.673	1.328872e+02	1.741504e+01	-1.705783e+01
339.534	0.539	-0.685	1.611128e+02	2.039819e+01	-2.001397e+01
340.680	0.676	-0.607	1.537387e+02	1.971768e+01	-1.911407e+01
342.051	0.714	-0.695	1.399565e+02	1.787143e+01	-1.739508e+01
343.473	0.646	-0.708	1.473686e+02	1.856403e+01	-1.802525e+01
344.840	0.677	-0.721	1.393686e+02	1.803571e+01	-1.760314e+01
346.223	0.614	-0.706	1.498911e+02	1.947267e+01	-1.879912e+01
347.717	0.624	-0.880	1.311782e+02	1.693723e+01	-1.631742e+01
349.038	0.626	-0.698	1.530994e+02	1.951974e+01	-1.861613e+01
350.337	0.756	-0.673	1.382183e+02	1.812139e+01	-1.719956e+01
351.590	0.635	-0.497	1.724619e+02	2.220601e+01	-2.177707e+01
352.891	0.693	-0.666	1.469803e+02	1.838188e+01	-1.797066e+01
354.422	0.673	-0.838	1.307306e+02	1.655968e+01	-1.624084e+01
355.756	0.591	-0.661	1.576564e+02	1.991807e+01	-1.958246e+01
357.022	0.647	-0.675	1.493800e+02	1.891339e+01	-1.855641e+01
358.387	0.521	-0.719	1.573709e+02	2.030386e+01	-1.987312e+01
359.676	0.738	-0.768	1.254362e+02	1.695229e+01	-1.664101e+01
361.149	0.713	-0.735	1.355644e+02	1.744846e+01	-1.711689e+01
362.770	0.800	-0.908	1.163135e+02	1.473865e+01	-1.444947e+01
364.349	0.661	-0.779	1.380233e+02	1.760599e+01	-1.715359e+01
365.885	0.748	-0.875	1.195593e+02	1.584839e+01	-1.535908e+01
367.576	0.878	-0.944	1.103246e+02	1.409806e+01	-1.350910e+01
369.090	0.752	-0.636	1.381110e+02	1.871529e+01	-1.804548e+01
370.780	0.823	-0.938	1.105858e+02	1.447797e+01	-1.397940e+01
372.393	0.879	-0.790	1.136565e+02	1.529128e+01	-1.484200e+01
374.065	0.790	-0.793	1.241610e+02	1.592174e+01	-1.543651e+01
375.696	0.797	-0.841	1.171636e+02	1.547358e+01	-1.504725e+01
377.344	0.705	-0.850	1.249490e+02	1.624082e+01	-1.578661e+01
378.832	0.617	-0.783	9.211574e+01	1.477085e+01	-1.442970e+01
380.209	0.804	-0.760	1.273332e+02	1.636721e+01	-1.559920e+01
381.956	0.742	-0.943	1.181719e+02	1.588204e+01	-1.495929e+01
383.425	1.109	-0.727	1.110149e+02	1.443768e+01	-1.360618e+01
385.536	0.791	-1.002	1.110193e+02	1.449130e+01	-1.403099e+01
387.114	0.777	-0.787	1.303383e+02	1.624780e+01	-1.593154e+01
388.422	0.372	-0.532	1.126339e+02	1.392353e+01	-1.390766e+01
389.041	0.259	-0.247	1.596268e+02	1.881573e+01	-1.881719e+01
389.543	0.275	-0.243	9.553357e+01	1.463151e+01	-1.463219e+01
390.144	0.323	-0.326	1.126546e+02	1.427287e+01	-1.427384e+01
390.759	0.307	-0.292	1.235974e+02	1.537755e+01	-1.537864e+01
391.335	0.306	-0.268	9.776517e+01	1.402057e+01	-1.402133e+01
391.950	0.288	-0.308	1.259276e+02	1.538729e+01	-1.538844e+01
392.555	0.382	-0.317	1.073429e+02	1.311641e+01	-1.311740e+01
393.266	0.284	-0.330	8.058063e+01	1.234143e+01	-1.234201e+01
393.829	0.296	-0.279	1.289552e+02	1.604419e+01	-1.604535e+01
394.502	0.318	-0.377	1.065298e+02	1.325408e+01	-1.325502e+01
395.151	0.332	-0.330	1.105352e+02	1.400437e+01	-1.400533e+01
395.842	0.343	-0.360	1.040984e+02	1.318884e+01	-1.318973e+01
396.491	0.342	-0.305	1.114986e+02	1.438684e+01	-1.438778e+01
397.118	0.350	-0.285	1.181674e+02	1.443897e+01	-1.444001e+01
397.762	0.287	-0.294	1.257459e+02	1.593144e+01	-1.593250e+01
398.361	0.363	-0.312	1.113081e+02	1.360081e+01	-1.360178e+01
399.011	0.316	-0.287	1.243736e+02	1.519728e+01	-1.519837e+01
399.657	0.345	-0.330	1.111306e+02	1.357911e+01	-1.358008e+01
400.347	0.290	-0.345	1.179789e+02	1.441589e+01	-1.441692e+01
400.930	0.310	-0.293	1.242434e+02	1.518135e+01	-1.518243e+01
401.587	0.341	-0.347	1.060808e+02	1.343992e+01	-1.344081e+01
402.164	0.365	-0.236	9.299313e+01	1.315289e+01	-1.315358e+01
402.864	0.348	-0.335	1.096836e+02	1.340227e+01	-1.340322e+01
403.500	0.236	-0.287	9.835761e+01	1.450374e+01	-1.450444e+01
404.070	0.289	-0.334	1.203386e+02	1.470421e+01	-1.470525e+01
404.624	0.297	-0.265	9.579256e+01	1.402872e+01	-1.402941e+01
405.208	0.238	-0.287	9.589339e+01	1.429659e+01	-1.429726e+01
405.788	0.346	-0.342	1.088345e+02	1.329853e+01	-1.329947e+01
406.413	0.319	-0.278	1.253592e+02	1.531769e+01	-1.531877e+01
407.082	0.296	-0.350	1.145617e+02	1.425328e+01	-1.425425e+01
407.630	0.297	-0.253	9.968621e+01	1.424267e+01	-1.424341e+01
408.199	0.284	-0.271	9.872785e+01	1.410575e+01	-1.410648e+01
408.752	0.311	-0.269	9.834451e+01	1.377279e+01	-1.377353e+01
409.391	0.275	-0.328	8.530143e+01	1.257849e+01	-1.257911e+01
409.962	0.263	-0.296	8.330882e+01	1.385348e+01	-1.385401e+01
410.558	0.330	-0.334	9.658338e+01	1.310426e+01	-1.310502e+01
411.219	0.304	-0.331	1.179836e+02	1.441647e+01	-1.441749e+01
411.813	0.354	-0.290	1.163538e+02	1.421733e+01	-1.421834e+01
412.427	0.259	-0.260	9.688236e+01	1.444404e+01	-1.444473e+01
413.048	0.267	-0.361	8.014054e+01	1.194803e+01	-1.194860e+01
413.566	0.262	-0.252	9.788805e+01	1.459398e+01	-1.459467e+01
414.103	0.361	-0.274	7.924260e+01	1.181416e+01	-1.181472e+01
414.729	0.283	-0.265	9.797281e+01	1.414290e+01	-1.414362e+01
415.314	0.213	-0.302	9.788790e+01	1.459395e+01	-1.459464e+01
415.824	0.229	-0.298	9.377376e+01	1.436195e+01	-1.436259e+01
416.405	0.370	-0.352	1.037441e+02	1.267653e+01	-1.267743e+01
417.089	0.290	-0.314	8.345017e+01	1.244145e+01	-1.244204e+01
417.730	0.320	-0.352	7.343131e+01	1.124639e+01	-1.124690e+01
418.391	0.231	-0.340	8.647039e+01	1.324340e+01	-1.324400e+01
418.902	0.232	-0.281	9.452923e+01	1.487624e+01	-1.487688e+01
419.438	0.297	-0.304	8.212402e+01	1.257775e+01	-1.257832e+01
420.023	0.245	-0.287	9.283289e+01	1.421788e+01	-1.421853e+01
420.569	0.237	-0.302	9.167911e+01	1.404118e+01	-1.404183e+01
421.114	0.286	-0.308	8.480269e+01	1.264314e+01	-1.264376e+01
421.678	0.256	-0.278	9.441352e+01	1.407601e+01	-1.407670e+01
422.269	0.325	-0.335	1.122323e+02	1.396355e+01	-1.396454e+01
422.917	0.323	-0.323	1.132365e+02	1.434661e+01	-1.434760e+01
423.534	0.397	-0.293	9.758140e+01	1.274630e+01	-1.274712e+01
424.295	0.321	-0.364	1.081511e+02	1.345577e+01	-1.345672e+01
424.894	0.309	-0.278	8.421453e+01	1.289794e+01	-1.289854e+01
425.504	0.322	-0.301	1.189660e+02	1.480131e+01	-1.480234e+01
426.087	0.265	-0.262	9.388797e+01	1.437947e+01	-1.438014e+01
426.716	0.347	-0.364	1.040953e+02	1.295113e+01	-1.295203e+01
427.341	0.320	-0.277	8.429791e+01	1.256786e+01	-1.256847e+01
427.922	0.291	-0.260	9.542873e+01	1.392141e+01	-1.392211e+01
428.550	0.294	-0.337	7.978619e+01	1.189522e+01	-1.189580e+01
429.143	0.305	-0.298	8.355180e+01	1.245664e+01	-1.245724e+01
429.713	0.325	-0.265	8.720941e+01	1.285988e+01	-1.286053e+01
430.342	0.212	-0.304	9.583031e+01	1.467697e+01	-1.467765e+01
430.842	0.253	-0.288	9.317139e+01	1.389083e+01	-1.389152e+01
431.379	0.275	-0.284	8.840386e+01	1.353958e+01	-1.354021e+01
432.000	0.323	-0.346	1.120194e+02	1.368781e+01	-1.368882e+01
432.614	0.350	-0.291	7.710071e+01	1.180844e+01	-1.180900e+01
433.183	0.286	-0.219	9.585771e+01	1.508536e+01	-1.508603e+01
433.797	0.284	-0.328	8.223350e+01	1.226011e+01	-1.226072e+01
434.313	0.298	-0.233	9.492711e+01	1.415258e+01	-1.415327e+01
434.921	0.285	-0.311	9.945480e+01	1.366307e+01	-1.366385e+01
435.555	0.264	-0.348	8.068516e+01	1.235738e+01	-1.235795e+01
436.097	0.251	-0.278	9.524687e+01	1.420022e+01	-1.420090e+01
436.691	0.324	-0.343	7.543543e+01	1.124655e+01	-1.124709e+01
437.353	0.226	-0.338	8.923748e+01	1.330427e+01	-1.330490e+01
437.892	0.263	-0.313	8.730964e+01	1.301684e+01	-1.301746e+01
438.482	0.391	-0.328	6.870223e+01	1.052210e+01	-1.052257e+01
439.196	0.250	-0.323	8.785193e+01	1.309770e+01	-1.309831e+01
439.725	0.250	-0.279	9.345351e+01	1.431289e+01	-1.431353e+01
440.247	0.260	-0.272	9.460978e+01	1.410521e+01	-1.410588e+01
440.733	0.287	-0.226	9.822317e+01	1.464393e+01	-1.464462e+01
441.309	0.241	-0.290	9.914625e+01	1.446371e+01	-1.446442e+01
441.802	0.253	-0.252	9.966755e+01	1.485927e+01	-1.485998e+01
442.327	0.242	-0.273	9.803321e+01	1.461561e+01	-1.461631e+01
442.827	0.268	-0.258	9.996867e+01	1.458369e+01	-1.458442e+01
443.442	0.308	-0.347	7.553857e+01	1.156914e+01	-1.156967e+01
444.086	0.319	-0.336	7.553907e+01	1.156923e+01	-1.156976e+01
444.724	0.281	-0.319	8.407159e+01	1.253413e+01	-1.253474e+01
445.267	0.273	-0.263	9.235325e+01	1.414443e+01	-1.414509e+01
445.789	0.263	-0.249	9.837360e+01	1.466642e+01	-1.466714e+01
446.324	0.261	-0.271	9.475434e+01	1.412683e+01	-1.412753e+01
446.904	0.312	-0.319	1.173215e+02	1.459674e+01	-1.459779e+01
447.613	0.268	-0.397	7.743633e+01	1.141878e+01	-1.141936e+01
448.248	0.324	-0.367	7.301949e+01	1.088642e+01	-1.088696e+01
448.840	0.270	-0.269	9.765933e+01	1.424687e+01	-1.424761e+01
449.433	0.307	-0.322	8.003266e+01	1.193199e+01	-1.193258e+01
450.008	0.252	-0.267	9.337256e+01	1.469425e+01	-1.469490e+01
450.552	0.286	-0.292	8.553277e+01	1.309984e+01	-1.310045e+01
451.268	0.282	-0.430	7.082891e+01	1.055980e+01	-1.056031e+01
451.811	0.286	-0.262	9.229799e+01	1.397328e+01	-1.397394e+01
452.397	0.276	-0.299	8.771391e+01	1.307715e+01	-1.307779e+01
452.953	0.319	-0.280	8.407045e+01	1.253395e+01	-1.253456e+01
453.588	0.229	-0.315	9.084407e+01	1.391328e+01	-1.391392e+01
454.130	0.306	-0.313	8.141304e+01	1.213778e+01	-1.213837e+01
454.749	0.372	-0.313	9.673299e+01	1.274452e+01	-1.274532e+01
455.453	0.246	-0.332	8.717459e+01	1.299677e+01	-1.299741e+01
455.983	0.357	-0.284	9.968561e+01	1.320569e+01	-1.320652e+01
456.604	0.250	-0.265	9.803353e+01	1.461574e+01	-1.461646e+01
457.190	0.277	-0.336	8.212099e+01	1.224335e+01	-1.224397e+01
457.744	0.239	-0.277	9.987036e+01	1.472690e+01	-1.472766e+01
458.333	0.362	-0.350	7.082935e+01	1.055989e+01	-1.056042e+01
458.990	0.274	-0.295	8.853711e+01	1.319992e+01	-1.320057e+01
459.601	0.279	-0.337	8.188518e+01	1.220818e+01	-1.220878e+01
460.281	0.426	-0.401	6.092876e+01	9.083802e+00	-9.084247e+00
460.964	0.261	-0.257	9.552676e+01	1.463047e+01	-1.463114e+01
461.539	0.342	-0.314	9.896060e+01	1.299613e+01	-1.299695e+01
462.239	0.344	-0.357	7.055406e+01	1.080574e+01	-1.080624e+01
462.888	0.318	-0.306	8.071704e+01	1.203399e+01	-1.203457e+01
463.574	0.332	-0.367	1.073321e+02	1.311499e+01	-1.311594e+01
464.281	0.290	-0.375	7.289853e+01	1.147219e+01	-1.147270e+01
464.854	0.290	-0.283	8.632756e+01	1.322156e+01	-1.322218e+01
465.408	0.249	-0.263	9.837089e+01	1.466601e+01	-1.466673e+01
466.096	0.370	-0.439	6.226557e+01	9.283113e+00	-9.283572e+00
466.676	0.304	-0.210	9.803066e+01	1.461530e+01	-1.461603e+01
467.188	0.303	-0.208	9.871366e+01	1.471714e+01	-1.471787e+01
467.870	0.314	-0.380	7.264324e+01	1.083032e+01	-1.083086e+01
468.482	0.297	-0.297	8.482283e+01	1.264616e+01	-1.264679e+01
469.102	0.303	-0.323	1.183185e+02	1.472077e+01	-1.472181e+01
469.793	0.348	-0.388	1.018876e+02	1.244975e+01	-1.245066e+01
470.426	0.228	-0.284	9.837473e+01	1.466657e+01	-1.466729e+01
470.920	0.289	-0.266	8.909447e+01	1.364532e+01	-1.364595e+01
471.548	0.323	-0.339	7.615814e+01	1.135431e+01	-1.135486e+01
472.191	0.345	-0.320	7.432480e+01	1.138325e+01	-1.138377e+01
472.854	0.346	-0.318	7.595396e+01	1.132386e+01	-1.132440e+01
473.596	0.394	-0.395	6.380576e+01	9.512708e+00	-9.513164e+00
474.295	0.302	-0.305	9.967911e+01	1.356651e+01	-1.356729e+01
474.855	0.268	-0.258	9.814545e+01	1.469139e+01	-1.469209e+01
475.393	0.273	-0.269	9.112193e+01	1.395583e+01	-1.395647e+01
475.927	0.253	-0.261	9.801189e+01	1.461246e+01	-1.461317e+01
476.546	0.333	-0.366	6.936108e+01	1.091550e+01	-1.091597e+01
477.182	0.363	-0.303	9.787303e+01	1.300795e+01	-1.300875e+01
477.883	0.231	-0.338	8.685059e+01	1.330167e+01	-1.330228e+01
478.448	0.354	-0.334	7.319237e+01	1.091217e+01	-1.091270e+01
479.103	0.351	-0.300	7.739192e+01	1.153828e+01	-1.153884e+01
479.759	0.362	-0.305	7.411251e+01	1.135076e+01	-1.135129e+01
480.487	0.234	-0.366	8.405175e+01	1.253119e+01	-1.253181e+01
481.065	0.389	-0.344	6.875108e+01	1.025003e+01	-1.025054e+01
481.806	0.290	-0.352	7.846393e+01	1.169812e+01	-1.169870e+01
482.324	0.277	-0.228	9.973744e+01	1.486977e+01	-1.487051e+01
482.945	0.262	-0.344	8.150203e+01	1.248253e+01	-1.248311e+01
483.492	0.308	-0.284	8.506425e+01	1.268215e+01	-1.268278e+01
484.090	0.331	-0.290	7.963379e+01	1.219639e+01	-1.219696e+01
484.746	0.271	-0.325	8.456057e+01	1.260705e+01	-1.260768e+01
485.281	0.247	-0.264	9.870475e+01	1.471580e+01	-1.471652e+01
485.846	0.348	-0.318	7.574393e+01	1.129259e+01	-1.129315e+01
486.557	0.369	-0.364	6.875785e+01	1.025104e+01	-1.025154e+01
487.193	0.275	-0.267	9.113090e+01	1.395723e+01	-1.395788e+01
487.948	0.378	-0.479	5.877283e+01	8.762378e+00	-8.762808e+00
488.619	0.332	-0.293	8.070873e+01	1.203277e+01	-1.203336e+01
489.351	0.425	-0.400	6.105230e+01	9.102215e+00	-9.102658e+00
490.175	0.418	-0.399	6.171729e+01	9.201354e+00	-9.201801e+00
491.061	0.366	-0.468	5.926417e+01	9.076638e+00	-9.077054e+00
491.851	0.373	-0.424	6.323267e+01	9.427273e+00	-9.427727e+00
492.482	0.285	-0.258	9.494355e+01	1.400033e+01	-1.400102e+01
493.207	0.316	-0.440	6.665466e+01	9.937454e+00	-9.937934e+00
493.885	0.426	-0.362	6.394636e+01	9.533682e+00	-9.534145e+00
494.692	0.355	-0.380	6.859144e+01	1.022622e+01	-1.022672e+01
495.442	0.353	-0.396	6.602273e+01	1.011177e+01	-1.011224e+01
496.169	0.432	-0.374	6.135940e+01	9.397557e+00	-9.397998e+00
497.003	0.434	-0.402	5.914097e+01	9.057798e+00	-9.058226e+00
497.862	0.458	-0.425	5.603977e+01	8.582834e+00	-8.583241e+00
498.800	0.423	-0.480	5.576586e+01	8.314087e+00	-8.314502e+00
499.774	0.474	-0.551	4.918239e+01	7.332561e+00	-7.332926e+00
500.684	0.457	-0.436	5.536992e+01	8.480234e+00	-8.480633e+00
501.683	0.422	-0.542	5.128359e+01	7.854386e+00	-7.854754e+00
502.447	0.392	-0.341	6.875982e+01	1.025133e+01	-1.025184e+01
503.279	0.360	-0.441	6.295352e+01	9.385676e+00	-9.386138e+00
503.941	0.296	-0.302	8.431263e+01	1.257008e+01	-1.257070e+01
504.642	0.426	-0.405	6.066178e+01	9.044001e+00	-9.044446e+00
505.521	0.390	-0.453	5.976216e+01	8.909876e+00	-8.910313e+00
506.394	0.431	-0.483	5.503665e+01	8.205353e+00	-8.205756e+00
507.244	0.396	-0.419	6.176596e+01	9.208617e+00	-9.209068e+00
508.044	0.365	-0.404	6.425048e+01	9.840328e+00	-9.840783e+00
508.771	0.334	-0.362	7.234988e+01	1.078655e+01	-1.078708e+01
509.450	0.432	-0.346	6.473418e+01	9.651134e+00	-9.651601e+00
510.340	0.483	-0.458	5.247033e+01	8.036120e+00	-8.036487e+00
511.265	0.373	-0.442	6.176595e+01	9.208595e+00	-9.209036e+00
512.029	0.355	-0.390	6.751505e+01	1.006572e+01	-1.006620e+01
512.755	0.287	-0.372	7.501686e+01	1.148923e+01	-1.148975e+01
513.407	0.386	-0.365	6.577300e+01	1.007348e+01	-1.007394e+01
514.163	0.478	-0.370	5.930568e+01	8.841788e+00	-8.842207e+00
515.044	0.352	-0.403	6.671896e+01	9.947020e+00	-9.947491e+00
515.711	0.347	-0.315	7.604516e+01	1.133745e+01	-1.133798e+01
516.429	0.291	-0.371	7.461441e+01	1.142759e+01	-1.142810e+01
517.148	0.490	-0.428	5.276075e+01	8.303047e+00	-8.303399e+00
518.000	0.397	-0.363	6.625247e+01	9.877470e+00	-9.877936e+00
518.913	0.441	-0.516	5.159376e+01	7.901854e+00	-7.902208e+00
519.922	0.491	-0.568	4.665116e+01	7.144871e+00	-7.145191e+00
521.013	0.483	-0.600	4.645285e+01	6.925578e+00	-6.925907e+00
521.989	0.515	-0.492	4.998195e+01	7.451727e+00	-7.452081e+00
522.969	0.337	-0.465	6.272677e+01	9.351836e+00	-9.352280e+00
523.805	0.511	-0.500	4.886922e+01	7.484586e+00	-7.484925e+00
524.750	0.425	-0.434	5.857097e+01	8.732265e+00	-8.732685e+00
525.660	0.498	-0.484	5.028472e+01	7.701388e+00	-7.701742e+00
526.762	0.737	-0.604	3.752740e+01	5.594917e+00	-5.595191e+00
528.002	0.463	-0.503	5.216860e+01	7.777762e+00	-7.778145e+00
528.971	0.485	-0.506	4.894236e+01	7.702170e+00	-7.702510e+00
529.882	0.472	-0.426	5.609421e+01	8.363027e+00	-8.363438e+00
530.892	0.526	-0.538	4.737049e+01	7.062416e+00	-7.062764e+00
531.862	0.521	-0.443	5.226485e+01	7.792111e+00	-7.792494e+00
532.922	0.759	-0.539	3.880484e+01	5.785372e+00	-5.785656e+00
534.130	0.445	-0.448	5.536703e+01	8.479777e+00	-8.480169e+00
535.131	0.532	-0.557	4.541540e+01	6.955625e+00	-6.955945e+00
536.195	0.623	-0.531	4.364800e+01	6.507422e+00	-6.507737e+00
537.493	0.718	-0.675	3.617689e+01	5.393561e+00	-5.393820e+00
538.884	0.574	-0.673	4.040308e+01	6.023637e+00	-6.023926e+00
539.871	0.445	-0.412	5.876048e+01	8.760515e+00	-8.760935e+00
541.013	0.469	-0.697	4.242645e+01	6.497842e+00	-6.498137e+00
542.317	0.632	-0.836	3.368404e+01	5.158894e+00	-5.159129e+00
543.558	0.555	-0.608	4.330667e+01	6.456532e+00	-6.456844e+00
544.576	0.511	-0.464	5.168349e+01	7.705427e+00	-7.705801e+00
545.727	0.732	-0.640	3.604320e+01	5.520224e+00	-5.520480e+00
547.126	0.824	-0.667	3.379781e+01	5.038881e+00	-5.039130e+00
548.422	0.530	-0.472	5.031239e+01	7.501027e+00	-7.501399e+00
549.494	0.525	-0.542	4.721891e+01	7.039825e+00	-7.040175e+00
550.661	0.544	-0.641	4.253978e+01	6.342220e+00	-6.342536e+00
551.741	0.602	-0.536	4.260212e+01	6.704402e+00	-6.704703e+00
552.939	0.688	-0.596	3.850132e+01	5.896710e+00	-5.896988e+00
554.385	0.582	-0.758	3.762463e+01	5.609419e+00	-5.609696e+00
555.746	0.653	-0.779	3.519420e+01	5.247062e+00	-5.247318e+00
557.011	0.690	-0.612	3.870403e+01	5.770332e+00	-5.770611e+00
558.361	0.458	-0.660	4.511361e+01	6.725923e+00	-6.726246e+00
559.306	0.467	-0.487	5.284721e+01	7.878914e+00	-7.879292e+00
560.464	0.700	-0.692	3.621729e+01	5.399582e+00	-5.399841e+00
561.849	0.690	-0.686	3.663895e+01	5.462445e+00	-5.462706e+00
563.167	0.620	-0.627	3.964151e+01	6.071312e+00	-6.071587e+00
564.407	0.853	-0.620	3.291725e+01	5.180250e+00	-5.180473e+00
565.857	0.828	-0.597	3.469300e+01	5.313425e+00	-5.313668e+00
567.337	0.594	-0.653	4.040214e+01	6.023504e+00	-6.023796e+00
568.708	0.681	-0.776	3.393004e+01	5.196580e+00	-5.196820e+00
570.021	0.722	-0.632	3.721990e+01	5.549076e+00	-5.549348e+00
571.463	0.872	-0.720	3.164967e+01	4.718619e+00	-4.718853e+00
573.049	0.702	-0.714	3.491603e+01	5.347599e+00	-5.347851e+00
574.511	0.758	-0.759	3.258282e+01	4.990252e+00	-4.990486e+00
576.009	0.897	-0.740	3.078964e+01	4.590395e+00	-4.590621e+00
577.745	0.812	-0.839	3.052419e+01	4.550817e+00	-4.551040e+00
579.253	0.768	-0.696	3.377101e+01	5.172220e+00	-5.172458e+00
580.704	0.754	-0.683	3.505782e+01	5.226723e+00	-5.226975e+00
582.256	0.999	-0.798	2.804645e+01	4.181404e+00	-4.181604e+00
584.268	1.126	-1.013	2.356671e+01	3.513527e+00	-3.513696e+00
586.088	0.638	-0.694	3.781965e+01	5.638482e+00	-5.638754e+00
587.889	1.001	-1.162	2.285658e+01	3.500613e+00	-3.500774e+00
589.975	0.847	-1.085	2.608371e+01	3.888784e+00	-3.888971e+00
591.811	0.892	-0.989	2.629893e+01	4.027823e+00	-4.028005e+00
593.911	0.934	-1.209	2.308941e+01	3.536271e+00	-3.536433e+00
595.789	1.018	-0.945	2.471981e+01	3.890215e+00	-3.890387e+00
597.715	0.903	-0.908	2.730785e+01	4.182367e+00	-4.182566e+00
599.735	1.061	-1.116	2.271192e+01	3.478470e+00	-3.478636e+00
601.862	0.836	-1.066	2.650158e+01	3.951101e+00	-3.951299e+00
603.330	0.796	-0.633	3.461254e+01	5.301120e+00	-5.301371e+00
605.272	1.066	-1.146	2.278938e+01	3.397647e+00	-3.397816e+00
607.316	1.099	-0.979	2.379636e+01	3.644550e+00	-3.644720e+00
609.528	1.060	-1.112	2.188963e+01	3.540584e+00	-3.540730e+00
611.219	0.682	-0.631	3.838375e+01	5.722572e+00	-5.722844e+00
612.915	0.918	-1.014	2.608188e+01	3.888503e+00	-3.888686e+00
615.039	0.984	-1.206	2.300877e+01	3.430341e+00	-3.430504e+00
617.050	1.092	-1.027	2.243831e+01	3.629330e+00	-3.629478e+00
619.232	1.510	-1.090	1.902159e+01	2.913264e+00	-2.913398e+00
622.157	1.486	-1.416	1.736652e+01	2.589158e+00	-2.589286e+00
624.778	1.009	-1.135	2.351097e+01	3.505229e+00	-3.505404e+00
626.636	1.020	-0.849	2.698163e+01	4.022669e+00	-4.022869e+00
629.025	1.408	-1.370	1.780739e+01	2.727305e+00	-2.727432e+00
631.992	1.432	-1.559	1.685349e+01	2.512660e+00	-2.512779e+00
634.796	1.195	-1.372	1.926200e+01	2.950081e+00	-2.950215e+00
637.201	1.545	-1.211	1.794364e+01	2.748172e+00	-2.748300e+00
640.419	1.498	-1.672	1.499878e+01	2.426016e+00	-2.426118e+00
643.234	1.369	-1.318	1.840696e+01	2.819134e+00	-2.819266e+00
646.294	1.207	-1.691	1.706147e+01	2.613058e+00	-2.613177e+00
649.044	1.437	-1.543	1.691129e+01	2.521280e+00	-2.521401e+00
651.841	1.480	-1.360	1.774850e+01	2.646103e+00	-2.646232e+00
654.838	1.757	-1.517	1.538663e+01	2.293974e+00	-2.294085e+00
657.841	1.821	-1.247	1.640757e+01	2.446183e+00	-2.446300e+00
661.391	1.485	-1.730	1.535931e+01	2.352359e+00	-2.352465e+00
664.582	1.990	-1.705	1.336274e+01	2.046572e+00	-2.046663e+00
668.599	1.764	-2.027	1.327488e+01	1.979128e+00	-1.979221e+00
671.496	1.475	-1.133	1.929648e+01	2.876880e+00	-2.877016e+00
674.932	1.713	-1.960	1.344118e+01	2.058588e+00	-2.058681e+00
679.228	2.008	-2.582	1.097865e+01	1.636791e+00	-1.636869e+00
682.732	1.666	-1.496	1.563974e+01	2.395315e+00	-2.395425e+00
686.898	1.974	-2.500	1.104980e+01	1.692344e+00	-1.692423e+00
690.506	2.054	-1.635	9.715143e+00	1.717555e+00	-1.717615e+00
694.309	1.484	-1.749	1.499986e+01	2.360555e+00	-2.360656e+00
698.159	2.017	-2.367	1.149628e+01	1.713964e+00	-1.714047e+00
701.775	1.778	-1.599	9.951374e+00	1.817009e+00	-1.817069e+00
705.800	1.633	-2.247	8.415546e+00	1.600033e+00	-1.600081e+00
709.649	1.786	-2.216	1.259500e+01	1.877771e+00	-1.877861e+00
713.317	1.713	-1.883	9.079680e+00	1.726302e+00	-1.726353e+00
717.290	2.495	-2.260	9.454544e+00	1.520997e+00	-1.521058e+00
721.555	1.965	-1.770	8.983347e+00	1.640251e+00	-1.640302e+00
725.485	1.956	-1.965	8.555373e+00	1.562109e+00	-1.562158e+00
729.657	2.136	-2.216	1.134589e+01	1.737687e+00	-1.737766e+00
734.035	2.120	-2.242	9.741051e+00	1.580365e+00	-1.580431e+00
738.255	2.083	-2.100	9.892175e+00	1.626416e+00	-1.626479e+00
742.923	1.931	-2.585	7.439444e+00	1.358356e+00	-1.358399e+00
747.023	1.768	-2.169	7.809462e+00	1.612822e+00	-1.612862e+00
750.940	1.328	-2.149	9.659141e+00	1.763647e+00	-1.763704e+00
753.963	2.071	-1.695	8.656201e+00	1.645786e+00	-1.645835e+00
758.135	1.747	-2.101	8.472114e+00	1.610784e+00	-1.610831e+00
761.767	2.286	-1.885	9.659432e+00	1.610054e+00	-1.610116e+00
766.918	2.518	-2.865	6.239971e+00	1.139346e+00	-1.139383e+00
772.147	2.436	-2.711	6.527371e+00	1.191822e+00	-1.191860e+00
777.050	2.461	-2.467	6.817874e+00	1.244866e+00	-1.244907e+00
782.438	2.778	-2.926	5.554444e+00	1.100294e+00	-1.100324e+00
! PC data
798.857	6.622	-8.422	4.811002e+00	1.034347e+00	-1.034347e+00
812.081	5.935	-6.602	5.807141e+00	1.239812e+00	-1.239812e+00
827.276	8.291	-9.261	3.731726e+00	8.408762e-01	-8.408762e-01
846.331	9.294	-10.764	3.289134e+00	7.388664e-01	-7.388664e-01
862.793	7.876	-7.168	4.821641e+00	1.033733e+00	-1.033733e+00
879.012	9.208	-8.343	4.455842e+00	9.118719e-01	-9.118719e-01
896.976	11.303	-8.756	3.303945e+00	7.399176e-01	-7.399176e-01
924.926	13.442	-16.646	2.184456e+00	4.922273e-01	-4.922273e-01
957.103	18.874	-18.736	1.906751e+00	4.082254e-01	-4.082254e-01
997.426	18.668	-21.449	1.780786e+00	3.828621e-01	-3.828621e-01
1037.089	26.645	-20.995	1.364902e+00	3.085076e-01	-3.085076e-01
1079.386	19.450	-15.652	1.933088e+00	4.230682e-01	-4.230682e-01
1125.377	33.635	-26.541	1.198173e+00	2.572415e-01	-2.572415e-01
1181.591	35.089	-22.579	1.114240e+00	2.522408e-01	-2.522408e-01
1240.200	19.105	-23.519	1.618210e+00	3.551940e-01	-3.551940e-01
1306.341	55.764	-47.036	6.627619e-01	1.456886e-01	-1.456886e-01
1424.784	60.173	-62.679	8.695854e-01	1.530798e-01	-1.530798e-01
4771.585	52.897	-44.888	2.512787e-01	5.668891e-02	-5.668891e-02
4870.297	51.971	-45.814	2.511534e-01	5.678729e-02	-5.678729e-02
4984.565	65.576	-62.297	1.932084e-01	4.349115e-02	-4.349115e-02
5112.910	67.612	-62.769	1.888348e-01	4.264902e-02	-4.264902e-02
5250.326	68.098	-69.804	1.964261e-01	4.208967e-02	-4.208967e-02
5371.735	46.982	-53.311	2.453686e-01	5.554139e-02	-5.554139e-02
5474.762	79.350	-56.045	1.804957e-01	4.094845e-02	-4.094845e-02
5614.647	54.802	-60.534	2.145342e-01	4.829158e-02	-4.829158e-02
5704.647	29.992	-35.198	3.790056e-01	8.503021e-02	-8.503021e-02
5785.160	47.265	-50.521	2.767104e-01	5.971490e-02	-5.971490e-02
5917.542	42.756	-85.118	2.060123e-01	4.694786e-02	-4.694786e-02
6000.345	60.246	-40.047	2.922701e-01	6.608249e-02	-6.608249e-02
6105.813	40.027	-45.222	2.913134e-01	6.564760e-02	-6.564760e-02
6204.667	59.017	-58.827	2.193281e-01	4.842202e-02	-4.842202e-02
6328.018	48.496	-64.334	2.174574e-01	4.905877e-02	-4.905877e-02
6430.807	63.550	-54.294	2.098867e-01	4.735080e-02	-4.735080e-02
6548.670	58.518	-54.312	2.181275e-01	4.904586e-02	-4.904586e-02
6666.284	43.703	-59.097	2.384513e-01	5.385508e-02	-5.385508e-02
6783.568	61.815	-73.581	1.810212e-01	4.088430e-02	-4.088430e-02
6891.230	34.388	-45.847	3.091849e-01	6.952008e-02	-6.952008e-02
6950.416	37.885	-24.799	3.955285e-01	8.873714e-02	-8.873714e-02
7043.901	54.722	-55.601	2.233559e-01	5.033334e-02	-5.033334e-02
7189.933	69.147	-91.310	1.528924e-01	3.449280e-02	-3.449280e-02
10572.562	68.147	-77.278	1.678433e-01	3.818943e-02	-3.818943e-02
10734.603	94.155	-93.894	1.301923e-01	2.948474e-02	-2.948474e-02
10881.346	75.286	-52.588	1.894887e-01	4.316488e-02	-4.316488e-02
11001.086	68.374	-44.455	2.165032e-01	4.891775e-02	-4.891775e-02
11155.862	69.052	-86.402	1.568934e-01	3.544923e-02	-3.544923e-02
11332.860	82.611	-107.945	1.283998e-01	2.914666e-02	-2.914666e-02
11490.620	57.739	-75.149	1.865732e-01	4.205752e-02	-4.205752e-02
11593.959	54.693	-45.600	2.426266e-01	5.494782e-02	-5.494782e-02
11732.289	66.803	-83.637	1.628306e-01	3.691934e-02	-3.691934e-02
11854.471	49.928	-55.379	2.325409e-01	5.266372e-02	-5.266372e-02
11973.062	56.703	-68.663	2.050263e-01	4.503629e-02	-4.503629e-02
12114.551	70.669	-84.786	1.585570e-01	3.595038e-02	-3.595038e-02
12268.870	96.877	-83.651	1.351799e-01	3.072158e-02	-3.072158e-02
12431.619	79.553	-65.871	1.695999e-01	3.818711e-02	-3.818711e-02
12573.286	60.745	-62.114	2.017687e-01	4.548288e-02	-4.548288e-02
12748.977	93.162	-114.946	1.183730e-01	2.693343e-02	-2.693343e-02
12937.333	95.339	-95.194	1.612412e-01	3.285249e-02	-3.285249e-02
16267.082	58.343	-64.516	2.003026e-01	4.538616e-02	-4.538616e-02
16406.221	72.150	-80.796	1.591542e-01	3.622338e-02	-3.622338e-02
16552.914	63.360	-74.542	1.799744e-01	4.082537e-02	-4.082537e-02
16690.884	83.352	-74.610	1.644164e-01	3.629549e-02	-3.629549e-02
16844.772	62.351	-70.537	1.869213e-01	4.216674e-02	-4.216674e-02
16984.678	70.378	-77.554	1.652609e-01	3.752950e-02	-3.752950e-02
17148.867	104.267	-93.812	1.249755e-01	2.822388e-02	-2.822388e-02
17310.641	52.814	-57.508	2.245909e-01	5.060849e-02	-5.060849e-02
17439.974	104.009	-76.518	1.365014e-01	3.106761e-02	-3.106761e-02
17611.569	153.058	-67.586	1.116185e-01	2.529141e-02	-2.529141e-02
17809.987	54.933	-45.360	2.449732e-01	5.526240e-02	-5.526240e-02
17960.362	92.608	-95.442	1.305410e-01	2.967791e-02	-2.967791e-02
18195.180	118.551	-142.211	7.010681e-02	1.853498e-02	-1.853498e-02
18404.799	84.445	-91.067	1.398228e-01	3.157692e-02	-3.157692e-02
18530.604	33.860	-41.360	3.464196e-01	7.567399e-02	-7.567399e-02
18672.291	132.853	-107.827	1.375918e-01	2.682817e-02	-2.682817e-02
22221.695	130.953	-142.345	9.310040e-02	2.219354e-02	-2.219354e-02
22442.328	80.818	-89.680	1.629724e-01	3.681432e-02	-3.681432e-02
22643.284	85.462	-120.139	1.368838e-01	3.087598e-02	-3.087598e-02
22838.427	136.036	-109.682	9.577797e-02	2.357034e-02	-2.357034e-02
23104.145	98.484	-129.682	9.127633e-02	2.388981e-02	-2.388981e-02
23321.114	114.696	-118.485	8.875536e-02	2.332112e-02	-2.332112e-02
23583.577	238.347	-147.767	8.296097e-02	1.748541e-02	-1.748541e-02
28929.170	89.067	-114.027	9.737339e-02	2.539160e-02	-2.539160e-02
29164.003	92.429	-145.767	8.275349e-02	2.168700e-02	-2.168700e-02
29400.164	149.626	-143.732	6.691411e-02	1.753602e-02	-1.753602e-02
29691.643	194.117	-141.854	8.183365e-02	1.813807e-02	-1.813807e-02
33832.669	149.496	-199.021	5.531741e-02	1.447053e-02	-1.447053e-02
34225.810	215.196	-243.644	4.155428e-02	1.101490e-02	-1.101490e-02
34609.786	134.606	-168.780	6.353698e-02	1.665875e-02	-1.665875e-02
35172.352	474.658	-427.960	3.809889e-02	7.489288e-03	-7.489288e-03
39566.093	138.389	-144.938	7.213820e-02	1.888591e-02	-1.888591e-02
39925.731	182.430	-221.249	5.170205e-02	1.353569e-02	-1.353569e-02
40240.881	158.129	-132.720	7.194694e-02	1.878342e-02	-1.878342e-02
40742.090	291.272	-343.081	3.455194e-02	8.871465e-03	-8.871465e-03
41493.278	397.568	-459.916	4.454347e-02	8.569549e-03	-8.569549e-03
62903.489	464.334	-448.323	2.979366e-02	6.617494e-03	-6.617494e-03
83172.540	3473.943	-3399.970	1.827169e-02	3.663309e-03	-3.663309e-03
92840.299	1000.518	-772.143	1.721855e-02	3.763757e-03	-3.763757e-03
98484.194	1129.232	-1157.425	1.294122e-02	2.884828e-03	-2.884828e-03
127266.918	1204.418	-1305.389	1.347098e-02	2.729345e-03	-2.729345e-03
138028.755	1082.536	-519.628	8.250923e-03	3.137425e-03	-2.536359e-03
