! WT data
147.089	2.615	-2.274	7.422219e+00	1.392568e+00	-1.390748e+00
151.796	2.277	-2.092	8.304679e+00	1.531418e+00	-1.530664e+00
! PC data
200.605	36.782	-43.452	7.874755e-01	1.766130e-01	-1.766130e-01
290.406	54.795	-53.020	2.273986e-01	5.127984e-02	-5.127984e-02
422.935	110.315	-77.734	1.309140e-01	2.952195e-02	-2.952195e-02
614.550	111.763	-81.300	1.268650e-01	2.879228e-02	-2.879228e-02
886.985	160.259	-160.672	1.405565e-01	2.344086e-02	-2.344086e-02
4481.850	175.947	-165.047	5.871237e-02	1.537481e-02	-1.537481e-02
4782.397	118.609	-124.600	8.774366e-02	2.210667e-02	-2.210667e-02
5081.039	150.932	-180.033	6.036681e-02	1.578168e-02	-1.578168e-02
5392.396	180.570	-160.425	5.908598e-02	1.545973e-02	-1.545973e-02
5717.450	161.407	-144.485	6.552372e-02	1.717282e-02	-1.717282e-02
5993.310	161.352	-114.453	7.321188e-02	1.907611e-02	-1.907611e-02
6525.699	245.239	-371.037	5.905488e-02	1.214634e-02	-1.214634e-02
10344.153	224.447	-319.640	3.941570e-02	1.033260e-02	-1.033260e-02
10842.260	257.885	-273.660	3.970961e-02	1.036273e-02	-1.036273e-02
28654.768	1078.669	-839.416	1.518475e-02	3.261513e-03	-3.261513e-03
