! WT data
114.461	1.014	-1.384	2.151974e+01	3.208000e+00	-3.208328e+00
116.665	0.958	-1.190	2.367105e+01	3.601090e+00	-3.601614e+00
118.620	1.120	-0.997	2.437716e+01	3.634060e+00	-3.635030e+00
120.488	0.541	-0.749	4.001216e+01	5.965023e+00	-5.967211e+00
122.187	1.319	-1.157	2.052529e+01	3.122788e+00	-3.124249e+00
124.327	0.784	-0.821	3.125555e+01	4.955316e+00	-4.957946e+00
126.290	0.799	-1.179	2.660038e+01	3.966128e+00	-3.968845e+00
128.198	0.919	-1.109	2.516400e+01	3.908483e+00	-3.911538e+00
130.307	1.171	-1.189	2.161827e+01	3.358174e+00	-3.361330e+00
132.790	0.984	-1.311	2.274751e+01	3.492360e+00	-3.496220e+00
135.062	1.378	-1.289	1.942121e+01	2.897114e+00	-2.900766e+00
137.973	1.366	-1.532	1.726242e+01	2.682502e+00	-2.685940e+00
140.646	1.279	-1.308	1.994176e+01	2.975816e+00	-2.980448e+00
143.804	1.537	-1.879	1.465582e+01	2.278834e+00	-2.282826e+00
147.063	1.121	-1.722	1.823551e+01	2.722803e+00	-2.728242e+00
149.810	1.728	-1.626	1.545908e+01	2.307632e+00	-2.311789e+00
153.470	1.573	-1.932	1.434568e+01	2.229943e+00	-2.233350e+00
156.413	1.115	-1.370	2.046206e+01	3.115865e+00	-3.120454e+00
158.891	1.300	-1.363	1.878617e+01	2.919728e+00	-2.923830e+00
161.014	1.307	-0.822	2.386021e+01	3.633028e+00	-3.638145e+00
163.079	0.864	-0.758	3.179631e+01	4.745075e+00	-4.752660e+00
164.704	0.631	-0.761	3.652247e+01	5.562840e+00	-5.572082e+00
166.271	1.158	-0.936	2.456531e+01	3.741368e+00	-3.747401e+00
168.231	0.877	-0.802	3.113951e+01	4.742919e+00	-4.750779e+00
170.072	0.848	-0.963	2.843352e+01	4.419096e+00	-4.425297e+00
172.071	1.145	-1.152	2.311894e+01	3.449254e+00	-3.454074e+00
173.949	0.892	-0.732	3.269006e+01	4.876905e+00	-4.883445e+00
175.730	1.006	-0.889	2.802446e+01	4.180305e+00	-4.185412e+00
177.665	1.065	-0.929	2.568304e+01	3.830396e+00	-3.834424e+00
179.677	0.991	-0.946	2.636859e+01	3.932554e+00	-3.936596e+00
181.964	0.895	-1.297	2.330774e+01	3.476038e+00	-3.479579e+00
183.817	0.823	-0.958	2.825393e+01	4.300150e+00	-4.304482e+00
185.990	1.906	-1.350	1.545007e+01	2.351319e+00	-2.353543e+00
189.161	1.000	-1.265	2.240947e+01	3.341644e+00	-3.344520e+00
191.781	1.442	-1.620	1.582535e+01	2.509166e+00	-2.510829e+00
194.192	1.045	-0.969	2.538007e+01	3.817933e+00	-3.820600e+00
196.429	1.605	-1.192	1.787328e+01	2.719495e+00	-2.721191e+00
199.708	1.731	-1.674	1.488870e+01	2.219918e+00	-2.221448e+00
203.453	2.774	-2.014	1.026946e+01	1.594865e+00	-1.595811e+00
208.015	2.175	-1.788	9.269468e+00	1.678283e+00	-1.678899e+00
211.920	1.864	-1.729	9.999393e+00	1.767817e+00	-1.768501e+00
215.054	2.107	-1.270	9.751263e+00	1.835630e+00	-1.836217e+00
218.956	2.229	-1.795	8.370358e+00	1.528298e+00	-1.528749e+00
224.223	2.252	-3.037	6.367023e+00	1.162537e+00	-1.162925e+00
! PC data
237.464	7.511	-7.533	3.277602e+00	6.851338e-01	-6.851338e-01
250.200	4.803	-5.226	5.040004e+00	1.078746e+00	-1.078746e+00
264.829	12.740	-9.825	2.204803e+00	4.706784e-01	-4.706784e-01
288.192	9.436	-10.622	2.124610e+00	4.771272e-01	-4.771272e-01
313.839	11.369	-16.211	1.628943e+00	3.579052e-01	-3.579052e-01
344.659	20.667	-19.450	1.082644e+00	2.438324e-01	-2.438324e-01
389.427	23.538	-24.101	9.125758e-01	2.064229e-01	-2.064229e-01
448.129	25.011	-35.165	7.945705e-01	1.711858e-01	-1.711858e-01
520.214	50.711	-47.074	4.224285e-01	9.738566e-02	-9.738566e-02
620.090	43.606	-49.164	4.911141e-01	1.092557e-01	-1.092557e-01
711.359	37.586	-47.663	5.139045e-01	1.160761e-01	-1.160761e-01
819.539	87.363	-70.595	4.439796e-01	7.858262e-02	-7.858262e-02
4406.419	313.946	-322.909	1.192581e-01	2.423896e-02	-2.423896e-02
5254.441	65.692	-104.805	1.623637e-01	3.686535e-02	-3.686535e-02
5426.348	74.312	-106.215	1.549483e-01	3.521786e-02	-3.521786e-02
5596.312	104.934	-95.652	1.374161e-01	3.159042e-02	-3.159042e-02
5817.232	119.701	-115.987	1.176257e-01	2.732506e-02	-2.732506e-02
6017.703	49.611	-80.770	2.165752e-01	4.984005e-02	-4.984005e-02
6128.988	76.228	-61.675	2.066915e-01	4.678593e-02	-4.678593e-02
6278.356	94.850	-73.140	1.722961e-01	3.904031e-02	-3.904031e-02
6502.804	148.705	-129.597	1.905760e-01	3.194216e-02	-3.194216e-02
10031.682	87.160	-118.440	1.193447e-01	2.720772e-02	-2.720772e-02
10287.801	192.090	-168.960	1.312776e-01	2.147861e-02	-2.147861e-02
12162.848	233.403	-205.375	8.923680e-02	1.636545e-02	-1.636545e-02
15760.505	137.892	-173.015	5.807484e-02	1.555561e-02	-1.555561e-02
16031.332	70.157	-132.935	1.218809e-01	2.761668e-02	-2.761668e-02
16238.227	121.511	-136.737	7.684663e-02	1.956918e-02	-1.956918e-02
24849.027	3450.986	-3452.762	3.771830e-02	7.792543e-03	-7.792543e-03
44852.352	488.058	-514.862	3.067473e-02	6.606349e-03	-6.606349e-03
50507.187	602.369	-418.108	1.814798e-02	4.945853e-03	-4.945853e-03
51866.662	749.776	-757.106	1.949382e-02	4.268566e-03	-4.268566e-03
57333.175	1028.323	-1500.736	9.884733e-03	2.556317e-03	-2.556317e-03
