! PC data
5788.284	240.954	-160.216	5.596717e-02	1.478324e-02	-1.478324e-02
6163.926	203.799	-134.688	6.467392e-02	1.690757e-02	-1.690757e-02
6627.781	163.680	-260.056	5.130162e-02	1.352646e-02	-1.352646e-02
7187.091	401.686	-395.630	4.526626e-02	9.289276e-03	-9.289276e-03
23190.439	221.526	-257.371	3.917775e-02	1.037676e-02	-1.037676e-02
23718.226	190.188	-306.261	3.812803e-02	1.009872e-02	-1.009872e-02
24043.294	95.793	-134.880	8.315243e-02	2.173728e-02	-2.173728e-02
24360.880	174.363	-221.793	4.776879e-02	1.263048e-02	-1.263048e-02
24746.763	169.579	-211.520	9.147582e-02	1.771460e-02	-1.771460e-02
81061.717	358.723	-383.442	2.514489e-02	6.763636e-03	-6.763636e-03
82086.293	585.286	-665.853	2.273261e-02	4.956121e-03	-4.956121e-03
