! WT data
74.162	4.571	-4.357	3.800917e+00	6.940067e-01	-6.940657e-01
91.312	1.614	-12.580	2.160824e+01	3.282786e+00	-3.282907e+00
93.626	0.516	-0.700	4.051734e+01	6.274172e+00	-6.274386e+00
94.535	0.373	-0.393	6.756261e+01	9.961766e+00	-9.962122e+00
95.596	0.700	-0.687	3.652109e+01	5.444326e+00	-5.444491e+00
97.091	0.812	-0.795	3.019634e+01	4.766905e+00	-4.767036e+00
98.681	0.737	-0.779	3.295784e+01	5.007005e+00	-5.007141e+00
100.177	0.883	-0.759	3.086328e+01	4.600876e+00	-4.600995e+00
102.119	1.018	-1.058	2.460014e+01	3.667212e+00	-3.667306e+00
104.316	1.594	-1.179	1.880593e+01	2.803451e+00	-2.803522e+00
107.687	1.915	-1.777	1.412945e+01	2.106315e+00	-2.106367e+00
111.891	1.547	-2.288	8.475396e+00	1.687279e+00	-1.687301e+00
115.307	1.766	-1.869	9.086146e+00	1.706783e+00	-1.706808e+00
118.994	3.306	-1.921	6.318266e+00	1.186852e+00	-1.186869e+00
125.468	3.528	-3.168	5.039713e+00	9.201257e-01	-9.201398e-01
! PC data
86.640	2.973	-4.549	1.001628e+01	1.720631e+00	-1.720631e+00
147.895	14.980	-58.281	1.622398e+00	3.634623e-01	-3.634623e-01
190.068	20.446	-27.193	8.999313e-01	2.023717e-01	-2.023717e-01
241.941	43.793	-31.427	5.871092e-01	1.320259e-01	-1.320259e-01
321.721	29.204	-35.987	6.896133e-01	1.544926e-01	-1.544926e-01
410.184	51.063	-59.260	4.253036e-01	9.330986e-02	-9.330986e-02
524.854	49.222	-63.607	3.981922e-01	8.929018e-02	-8.929018e-02
630.023	51.862	-55.947	4.162495e-01	9.369244e-02	-9.369244e-02
4254.227	117.179	-118.509	8.001152e-02	2.094135e-02	-2.094135e-02
4508.470	126.204	-137.064	7.181964e-02	1.877896e-02	-1.877896e-02
4802.472	80.427	-167.798	7.631297e-02	1.991499e-02	-1.991499e-02
5230.725	371.763	-347.825	4.870453e-02	9.433109e-03	-9.433109e-03
6240.916	209.803	-261.569	4.239670e-02	1.105262e-02	-1.105262e-02
11966.205	252.054	-344.684	3.254545e-02	8.634893e-03	-8.634893e-03
21847.609	513.851	-596.514	1.974431e-02	5.019486e-03	-5.019486e-03
