col1 col2 col3 col4 col5 col6
133.542 0.388 -0.564 7.3478055e-09 9.419396e-10 -9.1195195e-10
134.28 0.365 -0.35 9.5474575e-09 1.2486138e-09 -1.208165e-09
134.998 0.325 -0.353 1.0073682500000001e-08 1.3108088000000002e-09 -1.27406825e-09
135.664 0.339 -0.341 1.0225992e-08 1.3041364e-09 -1.2646252500000001e-09
136.486 0.356 -0.484 8.2762365e-09 1.0727465e-09 -1.0248815500000002e-09
137.272 0.459 -0.429 7.6915965e-09 1.0474219e-09 -9.777204500000002e-10
138.081 0.347 -0.351 9.8780605e-09 1.2983589500000001e-09 -1.2408228000000001e-09
138.882 0.398 -0.454 7.941416e-09 1.03903765e-09 -1.01601535e-09
139.612 0.282 -0.332 1.13229095e-08 1.4538471500000002e-09 -1.4023719500000002e-09
140.162 0.351 -0.268 1.1225259500000001e-08 1.4766314500000001e-09 -1.3946345e-09
140.898 0.362 -0.385 9.1382795e-09 1.2272540000000001e-09 -1.1590673500000002e-09
141.633 0.386 -0.373 9.148415500000002e-09 1.1714766e-09 -1.13102115e-09
142.365 0.331 -0.345 9.741126500000002e-09 1.3125182000000002e-09 -1.2903324e-09
143.027 0.3 -0.332 1.06192275e-08 1.4510993e-09 -1.3762742e-09
143.647 0.33 -0.32 1.0730041e-08 1.5340612000000001e-09 -1.32756155e-09
144.504 0.384 -0.527 7.522970000000001e-09 9.862492500000002e-10 -9.5333e-10
145.265 0.385 -0.378 8.898309e-09 1.1949605500000002e-09 -1.1390064e-09
146.072 0.371 -0.421 8.655507e-09 1.2572434e-09 -1.09543595e-09
146.806 0.37 -0.363 9.4319785e-09 1.39054405e-09 -1.18007995e-09
147.563 0.443 -0.388 8.3944175e-09 1.1221353500000002e-09 -1.0384297e-09
148.406 0.353 -0.4 9.267776000000002e-09 1.18108725e-09 -1.1481239e-09
149.173 0.447 -0.414 7.887470500000001e-09 1.0516324e-09 -1.00837695e-09
150.17 0.42 -0.55 7.130172e-09 9.122123500000001e-10 -8.9091765e-10
150.961 0.376 -0.372 9.252061e-09 1.26363755e-09 -1.1561277000000001e-09
151.788 0.351 -0.452 8.616272000000002e-09 1.2746944e-09 -1.0774613500000001e-09
152.52 0.406 -0.381 8.869385e-09 1.28590105e-09 -1.0965468500000001e-09
153.368 0.424 -0.442 7.9090865e-09 1.18047965e-09 -1.0002916000000002e-09
154.304 0.429 -0.512 7.6575275e-09 1.01300885e-09 -9.568167e-10
155.042 0.315 -0.309 1.17704895e-08 1.5649543000000002e-09 -1.4742658e-09
155.736 0.389 -0.378 9.754685500000001e-09 1.35031855e-09 -1.2030452e-09
156.587 0.467 -0.463 7.7603645e-09 1.13205365e-09 -1.00332505e-09
157.446 0.394 -0.391 9.285962e-09 1.30782785e-09 -1.1822058500000001e-09
158.31 0.44 -0.471 8.069218500000001e-09 1.0319305500000001e-09 -1.0082261000000001e-09
159.189 0.431 -0.439 8.448758500000001e-09 1.1070864e-09 -1.0568229e-09
159.982 0.359 -0.361 1.0201107000000001e-08 1.4092932000000002e-09 -1.2821816000000001e-09
160.882 0.4 -0.541 7.6034245e-09 1.0594542e-09 -9.856105e-10
161.83 0.442 -0.548 7.478026500000001e-09 9.798516e-10 -9.3826915e-10
162.644 0.438 -0.373 8.980377000000001e-09 1.1851903e-09 -1.13842505e-09
163.467 0.36 -0.384 9.884049000000002e-09 1.28772035e-09 -1.23781595e-09
164.418 0.411 -0.592 7.325262000000001e-09 9.540923e-10 -9.172856e-10
165.226 0.401 -0.396 9.832774e-09 1.47330715e-09 -1.22516135e-09
166.114 0.473 -0.488 8.1641035e-09 1.19315805e-09 -1.01379005e-09
166.932 0.351 -0.345 1.1275215e-08 1.6360582e-09 -1.39913025e-09
167.81 0.464 -0.527 7.9150295e-09 1.3056603000000001e-09 -9.8411005e-10
168.847 0.457 -0.573 7.4145995e-09 1.1792858e-09 -9.527206500000002e-10
169.847 0.477 -0.543 7.49224e-09 1.14908955e-09 -9.6108495e-10
170.684 0.408 -0.361 1.00267825e-08 1.5625435000000001e-09 -1.2775693000000002e-09
171.506 0.357 -0.413 9.9144745e-09 1.3674115e-09 -1.2759502e-09
172.361 0.5 -0.499 7.789803e-09 1.01249855e-09 -9.746856000000001e-10
173.482 0.691 -0.622 5.9216395e-09 9.210526500000001e-10 -7.446516e-10
174.747 0.477 -0.573 7.4543385e-09 1.2476653e-09 -9.3808015e-10
175.822 0.535 -0.598 6.6079405e-09 1.0423885500000001e-09 -8.324029e-10
176.864 0.485 -0.508 7.3215730000000005e-09 1.08276385e-09 -9.440231500000002e-10
177.846 0.627 -0.497 6.522481e-09 8.7983245e-10 -8.282505000000001e-10
179.092 0.522 -0.618 6.6024314999999996e-09 9.081072000000001e-10 -8.099490000000001e-10
180.117 0.519 -0.502 7.3553935e-09 1.0880758e-09 -9.186835000000001e-10
181.074 0.419 -0.438 8.5521835e-09 1.2347958e-09 -1.0876537e-09
182.124 0.549 -0.631 6.217424500000001e-09 9.7532225e-10 -7.885822e-10
183.215 0.543 -0.542 6.817758500000001e-09 1.0932068e-09 -8.572928e-10
184.263 0.482 -0.505 7.493584e-09 1.2140947000000001e-09 -9.4042935e-10
185.22 0.448 -0.475 8.0837295e-09 1.25001485e-09 -1.00254945e-09
186.079 0.465 -0.41 8.513708e-09 1.2769652000000001e-09 -1.08828125e-09
186.92 0.36 -0.376 1.0481229500000002e-08 1.38147345e-09 -1.28499e-09
187.773 0.483 -0.492 7.5754315e-09 1.0164546000000002e-09 -9.795723e-10
188.826 0.482 -0.571 7.075866e-09 9.620163e-10 -9.0697985e-10
189.891 0.551 -0.582 6.7530855e-09 8.8966255e-10 -8.3687765e-10
190.956 0.553 -0.515 7.169442e-09 1.04049015e-09 -8.922284e-10
192.16 0.7 -0.65 5.667606000000001e-09 8.167946500000001e-10 -7.043694e-10
193.406 0.504 -0.546 7.227241000000001e-09 9.3349375e-10 -9.030192500000001e-10
194.494 0.531 -0.584 6.680898e-09 8.821785000000001e-10 -8.540829500000001e-10
195.738 0.529 -0.713 6.0552345e-09 8.544529e-10 -7.7066045e-10
196.885 0.528 -0.618 6.515369000000001e-09 8.471064000000001e-10 -8.143023e-10
197.968 0.515 -0.556 7.031297000000001e-09 9.100098000000001e-10 -8.6481955e-10
199.067 0.553 -0.584 6.582828000000001e-09 8.996795500000001e-10 -8.1187155e-10
200.148 0.6 -0.528 6.5199365e-09 8.773359e-10 -8.1714045e-10
201.299 0.57 -0.55 6.619165e-09 8.461761e-10 -8.1781665e-10
202.533 0.568 -0.664 5.9206489999999995e-09 8.0862285e-10 -7.5082595e-10
203.556 0.413 -0.455 8.395919e-09 1.106343e-09 -1.0629647e-09
204.53 0.669 -0.562 5.868079e-09 7.818947499999999e-10 -7.52094e-10
205.704 0.608 -0.504 6.730367e-09 8.566971000000001e-10 -8.2355525e-10
206.876 0.593 -0.564 6.1351080000000005e-09 8.3110685e-10 -8.0299905e-10
208.089 0.633 -0.621 5.8935695e-09 7.903308e-10 -7.317933e-10
209.235 0.642 -0.512 6.3437045000000005e-09 8.763450500000002e-10 -7.970620000000001e-10
210.447 0.52 -0.57 6.656772500000001e-09 8.726557e-10 -8.424906e-10
211.509 0.515 -0.541 6.992076e-09 9.804483500000002e-10 -8.7246915e-10
212.536 0.365 -0.512 8.424374000000002e-09 1.1317351500000002e-09 -1.0449180000000001e-09
213.603 0.685 -0.701 5.1452275e-09 7.4640545e-10 -6.708418500000001e-10
215.137 0.868 -0.849 4.266255e-09 5.495385000000001e-10 -5.3305315e-10
216.634 0.552 -0.629 6.200306e-09 8.545019e-10 -7.7956235e-10
217.993 0.81 -0.808 4.512592e-09 6.398966e-10 -5.6413105e-10
219.477 0.525 -0.674 5.930316000000001e-09 7.754481000000001e-10 -7.3446555e-10
220.656 0.517 -0.654 6.127583000000001e-09 7.7712075e-10 -7.4977455e-10
221.822 0.631 -0.65 5.551504e-09 7.503870500000001e-10 -6.868242500000001e-10
223.081 0.64 -0.627 5.613821500000001e-09 8.063468e-10 -6.940598e-10
224.199 0.548 -0.478 6.9273645e-09 8.774745e-10 -8.561553000000001e-10
225.34 0.568 -0.594 6.067477500000001e-09 7.885745e-10 -7.581357000000001e-10
226.477 0.686 -0.568 5.6201775e-09 7.261863000000001e-10 -7.022973999999999e-10
227.831 0.532 -0.668 5.930274e-09 7.8522815e-10 -7.353549000000001e-10
228.896 0.623 -0.534 6.243657e-09 7.929887000000001e-10 -7.7173565e-10
230.059 0.598 -0.541 6.3580615e-09 8.779365000000001e-10 -8.0029355e-10
231.531 0.758 -0.873 4.4374260000000004e-09 5.8639315e-10 -5.5503175e-10
232.862 0.624 -0.573 6.138307e-09 8.5100085e-10 -7.619528e-10
234.315 0.659 -0.829 4.824519000000001e-09 6.315158500000001e-10 -6.099884e-10
235.282 0.285 -0.309 4.4121805e-09 5.460784e-10 -5.4623205e-10
235.818 0.373 -0.25 4.2422555000000004e-09 5.1842805e-10 -5.185775e-10
236.454 0.291 -0.264 4.7589010000000005e-09 5.815712000000001e-10 -5.817406e-10
237.037 0.269 -0.292 4.7838805e-09 5.803500500000001e-10 -5.805303000000001e-10
237.642 0.313 -0.336 3.9899755e-09 5.0024135e-10 -5.003936000000001e-10
238.243 0.378 -0.288 3.9699415000000005e-09 4.852305500000001e-10 -4.853863000000001e-10
238.966 0.328 -0.345 3.890379500000001e-09 4.815657e-10 -4.817155e-10
239.676 0.292 -0.383 3.91762e-09 4.788161e-10 -4.7896695e-10
240.259 0.301 -0.292 4.373299000000001e-09 5.482274e-10 -5.4838035e-10
240.868 0.363 -0.308 3.8628835000000005e-09 4.842299000000001e-10 -4.8436115e-10
241.515 0.295 -0.285 4.5108385000000005e-09 5.582507e-10 -5.5839455e-10
242.07 0.26 -0.259 3.4423368e-09 5.170886000000001e-10 -5.1717015e-10
242.649 0.314 -0.319 4.05069e-09 5.1427635e-10 -5.1438835e-10
243.29 0.316 -0.327 4.0340965e-09 5.05659e-10 -5.0578395e-10
243.912 0.248 -0.307 3.10516185e-09 4.8089685e-10 -4.809756000000001e-10
244.475 0.321 -0.314 4.221231e-09 5.1200625e-10 -5.1213855e-10
245.155 0.307 -0.359 3.8939285e-09 4.881163e-10 -4.8824685e-10
245.81 0.324 -0.349 3.7955645e-09 4.819636500000001e-10 -4.8209735e-10
246.445 0.289 -0.311 4.2641655e-09 5.2778845e-10 -5.2794455e-10
247.007 0.235 -0.274 5.224597e-09 6.292016500000001e-10 -6.293987e-10
247.547 0.252 -0.305 4.546713500000001e-09 5.700072e-10 -5.701752e-10
248.082 0.281 -0.283 4.4454795e-09 5.645171e-10 -5.646795000000001e-10
248.66 0.272 -0.297 4.4906995000000005e-09 5.5581155e-10 -5.559718500000001e-10
249.252 0.363 -0.32 3.7784775e-09 4.6177355000000004e-10 -4.6191215e-10
249.944 0.327 -0.328 3.8672585000000005e-09 4.8480915e-10 -4.8494845e-10
250.58 0.329 -0.31 4.002852e-09 4.954348e-10 -4.9557865e-10
251.208 0.329 -0.299 4.0708815e-09 5.038869500000001e-10 -5.040399e-10
251.854 0.235 -0.317 4.635561000000001e-09 5.737875500000001e-10 -5.7396255e-10
252.354 0.253 -0.265 4.9860055e-09 6.093461500000001e-10 -6.0952885e-10
252.85 0.277 -0.244 3.2785606e-09 4.9816375e-10 -4.982537000000001e-10
253.4 0.363 -0.272 3.4575814e-09 4.5805130000000004e-10 -4.5815175e-10
254.036 0.273 -0.273 4.635575e-09 5.810455e-10 -5.8118655e-10
254.585 0.239 -0.277 3.3125239e-09 5.0330875e-10 -5.033938e-10
255.119 0.235 -0.294 3.4063421000000003e-09 5.096315e-10 -5.097368500000001e-10
255.677 0.344 -0.323 3.7950255e-09 4.758166000000001e-10 -4.759632500000001e-10
256.331 0.321 -0.311 4.0112485e-09 5.02915e-10 -5.030686500000001e-10
256.915 0.281 -0.263 3.20375195e-09 4.868290000000001e-10 -4.8692525e-10
257.497 0.21 -0.3 3.4652828000000003e-09 5.166682500000001e-10 -5.167652000000001e-10
258.005 0.245 -0.298 3.26076975e-09 4.8614755e-10 -4.862270000000001e-10
258.514 0.26 -0.264 3.3713092e-09 5.0261365e-10 -5.026882e-10
259.157 0.358 -0.382 3.5253225000000004e-09 4.3626100000000006e-10 -4.3636145000000003e-10
259.881 0.251 -0.367 4.226526500000001e-09 5.2308655e-10 -5.2322865e-10
260.472 0.278 -0.34 2.86615245e-09 4.2736505e-10 -4.2745255000000005e-10
261.104 0.394 -0.355 2.32863435e-09 3.538437e-10 -3.539123e-10
261.778 0.258 -0.28 3.2462104500000002e-09 4.932585e-10 -4.933509e-10
262.348 0.317 -0.312 2.76934455e-09 4.2077945000000005e-10 -4.208512e-10
262.978 0.278 -0.312 2.9101156e-09 4.5067715000000006e-10 -4.5074470000000004e-10
263.597 0.31 -0.341 2.7173121500000003e-09 4.0511765e-10 -4.05181e-10
264.225 0.268 -0.318 3.0229020500000002e-09 4.5068835000000007e-10 -4.5076465000000004e-10
264.76 0.254 -0.268 3.4697509000000002e-09 5.116800500000001e-10 -5.117777000000001e-10
265.286 0.436 -0.272 3.33187925e-09 4.302466e-10 -4.3035405e-10
266.06 0.336 -0.338 2.58671665e-09 3.930444e-10 -3.931165e-10
266.666 0.26 -0.27 3.3373700500000005e-09 4.976069e-10 -4.9770385e-10
267.303 0.407 -0.376 2.23890765e-09 3.3386626e-10 -3.3393871e-10
268.091 0.382 -0.382 2.26892505e-09 3.383653e-10 -3.3844055e-10
268.814 0.331 -0.341 2.57500215e-09 3.8398955000000005e-10 -3.8407355000000004e-10
269.413 0.248 -0.268 3.3562781e-09 5.0045275e-10 -5.00556e-10
269.911 0.33 -0.25 2.9857387e-09 4.4519475e-10 -4.4528575e-10
270.512 0.268 -0.271 3.1665557000000006e-09 4.811968000000001e-10 -4.812955e-10
271.069 0.296 -0.289 2.9163610000000004e-09 4.431427e-10 -4.4322600000000005e-10
271.697 0.336 -0.331 2.5956476000000003e-09 3.8700480000000004e-10 -3.8707690000000007e-10
272.292 0.333 -0.259 2.9230299000000004e-09 4.358445e-10 -4.359334e-10
272.926 0.33 -0.301 2.7026657e-09 4.106928e-10 -4.1077540000000004e-10
273.575 0.263 -0.319 2.97668e-09 4.4384340000000004e-10 -4.4393370000000003e-10
274.141 0.313 -0.302 2.7730199000000004e-09 4.2136080000000003e-10 -4.2144025e-10
274.804 0.373 -0.35 2.36316185e-09 3.5907165000000004e-10 -3.5913605e-10
275.482 0.269 -0.306 3.0134699000000003e-09 4.4931635000000003e-10 -4.4940490000000003e-10
276.018 0.322 -0.267 2.8987840000000002e-09 4.404638e-10 -4.40545e-10
276.596 0.25 -0.257 3.4153301e-09 5.0921605e-10 -5.093102e-10
277.109 0.303 -0.263 3.3136348e-09 4.84995e-10 -4.850842500000001e-10
277.767 0.333 -0.354 2.5191159000000002e-09 3.7558290000000006e-10 -3.7564835000000003e-10
278.441 0.24 -0.341 2.9176805000000004e-09 4.4332715000000003e-10 -4.434059e-10
279.106 0.353 -0.425 2.18326255e-09 3.31747675e-10 -3.31810465e-10
279.844 0.319 -0.386 2.4441648000000003e-09 3.6441334999999997e-10 -3.644788e-10
280.507 0.28 -0.344 2.75752015e-09 4.1111490000000005e-10 -4.1118070000000004e-10
281.065 0.228 -0.277 3.40815755e-09 5.081331500000001e-10 -5.082220500000001e-10
281.608 0.363 -0.315 2.5041509499999998e-09 3.805039e-10 -3.8057495000000004e-10
282.382 0.42 -0.411 2.0134485e-09 3.11805235e-10 -3.1184664e-10
283.101 0.389 -0.3 2.5009960500000003e-09 3.7285955000000006e-10 -3.7291240000000005e-10
283.857 0.394 -0.367 2.2291626e-09 3.38690765e-10 -3.3874232e-10
284.518 0.341 -0.266 2.83845205e-09 4.2319725000000005e-10 -4.2327285e-10
285.271 0.399 -0.413 2.1225624e-09 3.16447915e-10 -3.16497335e-10
286.177 0.356 -0.507 1.9671785e-09 2.98893385e-10 -2.9894273500000004e-10
287.002 0.314 -0.47 2.16344765e-09 3.2874128e-10 -3.2880456e-10
287.633 0.277 -0.316 2.8236404e-09 4.373439e-10 -4.374286000000001e-10
288.191 0.366 -0.282 2.6211031e-09 3.9834515000000003e-10 -3.9843020000000005e-10
288.941 0.367 -0.384 2.3157211000000003e-09 3.5191345e-10 -3.5198695e-10
289.737 0.311 -0.429 2.3900079e-09 3.5637315000000005e-10 -3.56447e-10
290.401 0.346 -0.353 2.4938053000000003e-09 3.789933e-10 -3.7907415000000005e-10
291.051 0.254 -0.304 3.1663093e-09 4.7214335e-10 -4.722438e-10
291.686 0.37 -0.38 2.356039e-09 3.512866e-10 -3.513538e-10
292.439 0.4 -0.383 2.2596581000000003e-09 3.3688984e-10 -3.3694409000000005e-10
293.269 0.458 -0.43 1.99250835e-09 2.97066665e-10 -2.97117415e-10
294.255 0.376 -0.528 1.95720035e-09 2.91802665e-10 -2.9185261e-10
295.135 0.446 -0.504 1.86188905e-09 2.77597355e-10 -2.7764695000000003e-10
296.255 0.5 -0.674 1.50643745e-09 2.2459069500000002e-10 -2.2462534500000002e-10
297.179 0.415 -0.423 2.05075045e-09 3.1759364e-10 -3.1764253499999997e-10
298.053 0.414 -0.459 2.024981e-09 3.0191147000000003e-10 -3.0196456500000003e-10
298.923 0.49 -0.456 1.8377439500000001e-09 2.7923028000000003e-10 -2.79277915e-10
299.913 0.356 -0.5 2.0218513000000004e-09 3.0145514e-10 -3.0151191e-10
300.697 0.451 -0.428 1.9405344000000003e-09 2.9487045e-10 -2.94927675e-10
301.697 0.474 -0.549 1.6912896000000001e-09 2.5216898e-10 -2.5221651e-10
302.638 0.39 -0.467 1.9888333500000003e-09 3.0218611500000003e-10 -3.0223725000000004e-10
303.474 0.385 -0.446 2.0824226500000004e-09 3.1047044e-10 -3.1052269500000004e-10
304.154 0.293 -0.294 2.9049051500000006e-09 4.4138395000000005e-10 -4.4146235e-10
304.751 0.35 -0.305 2.64265785e-09 3.9402475e-10 -3.9410140000000005e-10
305.373 0.242 -0.272 3.31708195e-09 5.040658e-10 -5.0416835e-10
305.968 0.334 -0.353 3.751188e-09 4.584685e-10 -4.5861235000000006e-10
306.578 0.254 -0.276 4.8589450000000005e-09 5.9382575e-10 -5.9400565e-10
307.168 0.264 -0.336 4.25537e-09 5.26708e-10 -5.268651500000001e-10
307.685 0.263 -0.253 4.945024e-09 6.120789500000001e-10 -6.122637500000001e-10
308.229 0.257 -0.282 4.732868e-09 5.859476000000001e-10 -5.861376500000001e-10
308.756 0.286 -0.269 4.596336500000001e-09 5.691101500000001e-10 -5.692946e-10
309.339 0.24 -0.297 4.7944785e-09 5.864040000000001e-10 -5.865846000000001e-10
309.843 0.24 -0.264 5.423271e-09 6.44322e-10 -6.445397e-10
310.335 0.249 -0.253 5.4516700000000005e-09 6.476015000000001e-10 -6.4782655e-10
310.855 0.247 -0.27 5.059852000000001e-09 6.139994000000001e-10 -6.142073000000001e-10
311.334 0.274 -0.232 5.516714e-09 6.537181e-10 -6.539508500000001e-10
311.884 0.29 -0.276 4.474498e-09 5.6106365e-10 -5.612397e-10
312.471 0.28 -0.298 4.4637880000000006e-09 5.455597e-10 -5.457301500000001e-10
313.024 0.288 -0.273 4.6056115e-09 5.6295295e-10 -5.6313565e-10
313.612 0.278 -0.301 4.4637880000000006e-09 5.456983e-10 -5.458806500000001e-10
314.255 0.283 -0.365 3.9090520000000005e-09 4.900224000000001e-10 -4.9015505e-10
314.859 0.239 -0.322 4.51724e-09 5.662377e-10 -5.6638505e-10
315.372 0.256 -0.274 4.868402e-09 5.949671000000001e-10 -5.951435000000001e-10
315.887 0.259 -0.259 5.8038190000000004e-09 6.574711500000001e-10 -6.5771195e-10
316.408 0.288 -0.262 4.6950610000000004e-09 5.7384215e-10 -5.7402415e-10
316.945 0.267 -0.249 4.9067480000000004e-09 6.151718999999999e-10 -6.153581e-10
317.478 0.236 -0.266 5.632707500000001e-09 6.626732000000001e-10 -6.629010500000001e-10
318.003 0.27 -0.29 4.605496e-09 5.629533e-10 -5.631374e-10
318.575 0.246 -0.302 4.6650274999999996e-09 5.775325500000001e-10 -5.777191000000001e-10
319.106 0.294 -0.285 4.4637880000000006e-09 5.4559785e-10 -5.457739000000001e-10
319.753 0.316 -0.353 3.8213525e-09 4.73025e-10 -4.731727000000001e-10
320.365 0.273 -0.296 4.4900975000000005e-09 5.5578495e-10 -5.5595505e-10
320.944 0.292 -0.306 4.379725e-09 5.448163e-10 -5.4497905e-10
321.511 0.251 -0.275 4.9057260000000006e-09 6.150417000000001e-10 -6.1522755e-10
321.991 0.28 -0.229 5.3311160000000005e-09 6.420841e-10 -6.422948e-10
322.594 0.247 -0.322 4.626594e-09 5.6546245e-10 -5.6564025e-10
323.102 0.246 -0.261 5.1448845e-09 6.368145000000001e-10 -6.3700595e-10
323.611 0.24 -0.263 5.337402e-09 6.507637500000001e-10 -6.50965e-10
324.172 0.261 -0.321 4.551694e-09 5.591131e-10 -5.592797e-10
324.687 0.266 -0.254 5.0216425000000004e-09 6.2151635e-10 -6.216931e-10
325.246 0.28 -0.293 3.4311753000000003e-09 4.853072e-10 -4.853950500000001e-10
325.8 0.313 -0.274 4.4431870000000005e-09 5.498566500000001e-10 -5.4998825e-10
326.437 0.354 -0.324 3.8485335000000004e-09 4.762765000000001e-10 -4.7639515e-10
327.121 0.336 -0.331 3.8723860000000005e-09 4.854108e-10 -4.8553925e-10
327.755 0.311 -0.297 4.2874825000000006e-09 5.3066265e-10 -5.3081665e-10
328.359 0.33 -0.293 4.1894335e-09 5.185593e-10 -5.1871645e-10
328.996 0.247 -0.308 4.6995165e-09 5.816741000000001e-10 -5.8184525e-10
329.526 0.334 -0.282 4.2378385e-09 5.244865500000001e-10 -5.2462935e-10
330.127 0.249 -0.267 5.105086e-09 6.238211000000001e-10 -6.239828e-10
330.668 0.316 -0.293 4.352012e-09 5.3451895e-10 -5.346572e-10
331.256 0.333 -0.272 4.283664e-09 5.3015655e-10 -5.303004e-10
331.93 0.31 -0.341 3.9540445e-09 4.832383500000001e-10 -4.833843000000001e-10
332.493 0.252 -0.253 3.44983345e-09 5.1831955e-10 -5.184305000000001e-10
333.087 0.359 -0.342 3.6379210000000005e-09 4.5031595000000006e-10 -4.5045595e-10
333.77 0.313 -0.324 4.0037375000000005e-09 4.95558e-10 -4.957046500000001e-10
334.353 0.278 -0.27 3.2259969e-09 4.757725000000001e-10 -4.758733e-10
334.919 0.319 -0.288 4.04061e-09 5.2655085e-10 -5.2669015e-10
335.543 0.347 -0.306 3.905482e-09 4.8339445e-10 -4.8353725e-10
336.215 0.366 -0.324 3.729845e-09 4.5582565000000003e-10 -4.5596180000000005e-10
336.845 0.299 -0.264 4.5795540000000004e-09 5.5965525e-10 -5.598187e-10
337.457 0.34 -0.314 3.89487e-09 4.8207635e-10 -4.822181e-10
338.094 0.274 -0.296 2.9941257499999998e-09 4.5492825e-10 -4.5500280000000005e-10
338.66 0.237 -0.293 3.2616818500000004e-09 4.862683000000001e-10 -4.863390000000001e-10
339.103 0.344 -0.206 3.1706738000000006e-09 4.7628035e-10 -4.7635525e-10
339.738 0.33 -0.291 3.2626674500000003e-09 4.583572e-10 -4.5845380000000003e-10
340.343 0.323 -0.275 2.9571024000000004e-09 4.3609195000000004e-10 -4.3617875e-10
340.969 0.241 -0.304 3.17642185e-09 4.7361755e-10 -4.737117e-10
341.585 0.301 -0.375 2.52136885e-09 3.8313169999999997e-10 -3.8320625000000006e-10
342.249 0.294 -0.362 2.5993222500000004e-09 3.9496660000000003e-10 -3.9504115e-10
342.801 0.271 -0.259 3.3645244500000005e-09 4.998378e-10 -4.999344e-10
343.429 0.302 -0.356 2.59295365e-09 3.9398240000000006e-10 -3.94051e-10
344.07 0.306 -0.338 2.6885544e-09 4.008564e-10 -4.0093095e-10
344.686 0.292 -0.311 2.87101815e-09 4.280724e-10 -4.281557e-10
345.307 0.363 -0.329 3.7250780000000003e-09 4.5520055e-10 -4.5532305000000003e-10
346.078 0.324 -0.407 2.3680678e-09 3.5306179999999997e-10 -3.5312305000000006e-10
346.678 0.252 -0.277 3.18346035e-09 4.930261e-10 -4.931083500000001e-10
347.247 0.477 -0.317 2.1821884e-09 3.25358495e-10 -3.2541894000000003e-10
348.136 0.442 -0.412 1.9986904e-09 3.0370035500000003e-10 -3.03757475e-10
348.999 0.358 -0.422 2.19034795e-09 3.3283054e-10 -3.3289515000000007e-10
349.618 0.258 -0.261 3.23796655e-09 5.0150135e-10 -5.0159515e-10
350.294 0.362 -0.418 2.22203555e-09 3.3131707e-10 -3.3138371000000003e-10
350.964 0.281 -0.308 2.9404634e-09 4.3843765e-10 -4.385255e-10
351.553 0.311 -0.308 2.71700905e-09 4.20812e-10 -4.2089005000000005e-10
352.153 0.362 -0.289 2.6591719e-09 3.9649400000000003e-10 -3.9657345e-10
352.849 0.319 -0.334 2.6525355500000003e-09 3.9550350000000006e-10 -3.9558260000000005e-10
353.503 0.302 -0.335 2.6418818999999998e-09 4.0917415e-10 -4.092494e-10
354.114 0.474 -0.309 2.18110025e-09 3.3142172e-10 -3.31485175e-10
354.89 0.228 -0.303 3.2670183e-09 4.871272000000001e-10 -4.872245e-10
355.407 0.293 -0.289 2.9348137000000005e-09 4.4595285e-10 -4.4603895e-10
356.048 0.324 -0.348 2.5388636000000004e-09 3.8578855e-10 -3.8586345e-10
356.765 0.334 -0.393 2.3804196500000002e-09 3.5493535e-10 -3.5500745e-10
357.505 0.317 -0.406 2.3979634e-09 3.57553e-10 -3.576258e-10
358.184 0.372 -0.363 2.2900577000000004e-09 3.546921e-10 -3.547593e-10
359.102 0.435 -0.545 1.7669190000000002e-09 2.6346152000000004e-10 -2.6351556e-10
359.963 0.354 -0.426 2.22282445e-09 3.3143859e-10 -3.3150614e-10
360.671 0.334 -0.355 2.5156929e-09 3.7510515e-10 -3.7518145e-10
361.455 0.443 -0.45 1.9393734500000004e-09 2.89170805e-10 -2.8922897500000003e-10
362.332 0.416 -0.435 2.0367886e-09 3.0369388000000003e-10 -3.037545e-10
363.149 0.321 -0.401 2.3980785500000004e-09 3.5756210000000005e-10 -3.5763280000000005e-10
363.881 0.381 -0.41 2.18877365e-09 3.2635288e-10 -3.2641735000000003e-10
364.568 0.266 -0.305 3.0342770500000003e-09 4.5242330000000004e-10 -4.5251325e-10
365.168 0.304 -0.335 2.7131040999999997e-09 4.0453805000000003e-10 -4.046196e-10
365.957 0.402 -0.485 1.9519104500000003e-09 2.9104397e-10 -2.911034e-10
366.814 0.401 -0.454 2.02499045e-09 3.0194472e-10 -3.02007195e-10
367.641 0.383 -0.425 2.1453915000000002e-09 3.1990182000000004e-10 -3.1996877500000006e-10
368.31 0.343 -0.287 2.7514767e-09 4.1028050000000006e-10 -4.1036695e-10
369.01 0.356 -0.357 2.3943286500000003e-09 3.6384495e-10 -3.6391915000000006e-10
369.753 0.29 -0.386 2.5632082e-09 3.822049e-10 -3.822854e-10
370.447 0.369 -0.405 2.20714725e-09 3.35393135e-10 -3.3546033500000004e-10
371.165 0.283 -0.349 2.66538755e-09 4.128274500000001e-10 -4.129062e-10
371.852 0.283 -0.404 2.4873257500000002e-09 3.7796080000000005e-10 -3.7803500000000003e-10
372.452 0.318 -0.317 2.7283035500000005e-09 4.0680570000000004e-10 -4.0688760000000004e-10
373.238 0.458 -0.468 1.87310375e-09 2.792874e-10 -2.7934305000000003e-10
374.109 0.36 -0.414 2.24059045e-09 3.34080145e-10 -3.3414647e-10
374.835 0.321 -0.366 2.4903949e-09 3.7842455e-10 -3.784984e-10
375.452 0.318 -0.296 2.7863584e-09 4.2340305e-10 -4.2348670000000004e-10
376.2 0.402 -0.43 2.0540443e-09 3.1212923e-10 -3.1219198500000004e-10
377.056 0.424 -0.454 1.9938415000000003e-09 2.9955383500000004e-10 -2.9961652000000005e-10
377.859 0.336 -0.379 2.4258857e-09 3.6174180000000004e-10 -3.618195e-10
378.506 0.385 -0.311 2.4942018500000005e-09 3.7193520000000003e-10 -3.720164e-10
379.349 0.431 -0.459 1.9504191e-09 2.90839955e-10 -2.909025e-10
380.165 0.422 -0.386 2.0867819000000003e-09 3.2321282e-10 -3.23275085e-10
380.983 0.421 -0.396 2.12463195e-09 3.1679161500000006e-10 -3.1685479000000003e-10
381.871 0.43 -0.467 1.93489835e-09 2.8849079e-10 -2.8854525e-10
382.815 0.446 -0.515 1.8059356000000001e-09 2.6925363500000004e-10 -2.6930113e-10
383.643 0.399 -0.382 2.2214237500000003e-09 3.31192995e-10 -3.3124812000000007e-10
384.434 0.35 -0.392 2.3436539000000003e-09 3.4941368e-10 -3.4947051999999997e-10
385.231 0.537 -0.447 1.7719954e-09 2.6923204000000005e-10 -2.6927411000000005e-10
386.381 0.495 -0.613 1.5956818500000002e-09 2.3789857e-10 -2.37937e-10
387.352 0.467 -0.476 1.89060795e-09 2.8399700000000003e-10 -2.84042045e-10
388.361 0.535 -0.542 1.64313975e-09 2.4497354000000004e-10 -2.45012845e-10
389.412 0.629 -0.516 1.45553905e-09 2.3431233000000003e-10 -2.3434547500000003e-10
390.767 0.633 -0.725 1.2657344e-09 1.9602401e-10 -1.9605593e-10
392.076 0.633 -0.677 1.3314031500000001e-09 2.02300525e-10 -2.02336785e-10
393.236 0.501 -0.527 1.6708146000000002e-09 2.5877187e-10 -2.58818595e-10
394.431 0.621 -0.694 1.3068079500000001e-09 2.0240034500000003e-10 -2.0243814500000004e-10
395.678 0.742 -0.626 1.2203296000000001e-09 1.9268655e-10 -1.92722075e-10
396.872 0.683 -0.452 1.4625975000000001e-09 2.309447e-10 -2.309881e-10
398.09 0.629 -0.535 1.49055935e-09 2.222668e-10 -2.2231454000000002e-10
399.395 0.626 -0.677 1.312731e-09 1.9949139000000001e-10 -1.99533075e-10
400.512 0.601 -0.492 1.5876644e-09 2.3675218000000003e-10 -2.368037e-10
401.908 0.785 -0.795 1.066464e-09 1.65190865e-10 -1.65224255e-10
403.723 0.829 -1.03 9.1954275e-10 1.3974117500000001e-10 -1.39770505e-10
405.374 0.87 -0.822 1.00994285e-09 1.5347514e-10 -1.5350692000000003e-10
407.128 1.05 -0.884 8.663774000000001e-10 1.3419105e-10 -1.34217195e-10
409.143 1.218 -0.965 7.788021500000001e-10 1.1834221000000002e-10 -1.1836534500000002e-10
411.102 0.757 -0.741 1.1513194000000001e-09 1.7166257500000002e-10 -1.7169572000000002e-10
412.674 0.808 -0.814 1.0629514e-09 1.5848252e-10 -1.5851171000000002e-10
414.457 0.681 -0.976 1.02641945e-09 1.55958495e-10 -1.55986005e-10
416.075 0.94 -0.937 9.0649195e-10 1.3774152e-10 -1.37767525e-10
417.719 0.762 -0.704 1.1648801500000003e-09 1.7701278000000002e-10 -1.7704827000000002e-10
419.305 1.064 -0.824 9.1777105e-10 1.3685427e-10 -1.368836e-10
421.681 0.804 -1.313 8.1828565e-10 1.22018085e-10 -1.2204402000000002e-10
423.638 0.859 -1.152 8.49443e-10 1.2908164500000002e-10 -1.2910789500000001e-10
425.353 0.967 -0.856 9.364502e-10 1.42302755e-10 -1.42331595e-10
427.283 0.852 -0.963 9.524536e-10 1.4202202e-10 -1.4205184000000002e-10
428.971 0.757 -0.837 1.0808021e-09 1.6115781500000003e-10 -1.6119120500000003e-10
431.077 1.223 -1.348 6.7017055e-10 9.9921115e-11 -9.9939805e-11
433.161 0.907 -0.862 9.603629e-10 1.4591514e-10 -1.4593803e-10
435.124 0.949 -1.056 8.59278e-10 1.2811134e-10 -1.28133215e-10
437.324 1.06 -1.251 7.0673785e-10 1.1378024e-10 -1.1379977e-10
439.418 1.053 -1.034 8.2356785e-10 1.27561e-10 -1.2758592000000002e-10
441.396 1.226 -0.925 8.225150500000001e-10 1.2263923e-10 -1.22663345e-10
443.255 0.691 -0.633 1.31752215e-09 2.00188205e-10 -2.00222925e-10
445.363 1.317 -1.418 6.2853315e-10 9.734228000000001e-11 -9.735873e-11
447.762 1.169 -1.082 7.734587e-10 1.17526325e-10 -1.17548305e-10
449.677 0.973 -0.746 1.0080889e-09 1.50311175e-10 -1.5034138e-10
451.388 0.801 -0.738 1.07761465e-09 1.701504e-10 -1.7018137500000003e-10
453.229 1.018 -1.041 8.296540000000001e-10 1.26071855e-10 -1.2609702e-10
454.976 0.648 -0.729 1.25814675e-09 1.8760388500000002e-10 -1.87643225e-10
456.107 0.652 -0.483 1.52635595e-09 2.2759828e-10 -2.2764623e-10
457.36 0.84 -0.602 1.2022248e-09 1.7926769000000002e-10 -1.7930563000000002e-10
458.924 0.619 -0.724 1.2712616e-09 1.9318281500000003e-10 -1.9322233000000002e-10
460.251 0.618 -0.707 1.30582865e-09 1.9471406500000003e-10 -1.94754875e-10
461.825 0.926 -0.956 8.539174e-10 1.4020394500000001e-10 -1.40227745e-10
463.575 0.672 -0.824 1.1567514000000002e-09 1.7247720000000002e-10 -1.7251178e-10
465.249 0.829 -1.002 9.319233e-10 1.4160433e-10 -1.4163065e-10
466.7 1.018 -0.622 1.0551352e-09 1.5731779e-10 -1.5734698000000002e-10
468.38 0.795 -0.662 1.17088335e-09 1.7790615500000002e-10 -1.77936465e-10
469.968 0.933 -0.792 9.976109500000001e-10 1.5157989000000003e-10 -1.5160614e-10
471.753 0.814 -0.852 1.07441145e-09 1.6140264e-10 -1.614326e-10
473.335 0.653 -0.769 1.2487083e-09 1.86184985e-10 -1.8622138500000002e-10
474.765 0.712 -0.777 1.17501265e-09 1.78544695e-10 -1.78578785e-10
476.105 0.608 -0.628 1.4355551000000003e-09 2.1404677e-10 -2.1408933000000002e-10
477.454 0.563 -0.741 1.3611346000000003e-09 2.02950755e-10 -2.0299121500000002e-10
478.742 0.859 -0.724 1.1210346e-09 1.6715121500000002e-10 -1.6718464e-10
480.606 1.052 -1.005 8.541508500000001e-10 1.27358455e-10 -1.27384075e-10
482.463 0.743 -0.805 1.1011864500000001e-09 1.67329715e-10 -1.6736237e-10
484.164 0.81 -0.959 9.638156500000002e-10 1.46455925e-10 -1.4648459e-10
485.978 0.947 -1.004 8.606899e-10 1.3330422000000003e-10 -1.33328965e-10
488.001 0.862 -1.075 8.797449500000001e-10 1.33677495e-10 -1.33702765e-10
489.836 0.938 -0.973 9.049327e-10 1.3492724e-10 -1.3495363000000002e-10
491.623 0.772 -0.849 1.0675969500000002e-09 1.59181505e-10 -1.5921283e-10
493.672 1.283 -1.277 6.4727005e-10 1.0219867e-10 -1.0221673000000001e-10
496.071 0.983 -1.117 8.246322000000001e-10 1.22956575e-10 -1.22981215e-10
498.233 1.161 -1.179 7.399854e-10 1.1033624000000002e-10 -1.1035853500000001e-10
500.714 1.302 -1.321 6.413172500000001e-10 9.9329825e-11 -9.934876e-11
502.922 0.891 -0.906 9.483026000000001e-10 1.44102595e-10 -1.4413157500000003e-10
505.017 0.945 -1.204 7.926562000000001e-10 1.2044875500000002e-10 -1.2047259e-10
506.86 0.887 -0.897 9.408531999999999e-10 1.4571851000000002e-10 -1.4574518e-10
509.216 1.284 -1.47 6.1855815e-10 9.398756500000001e-11 -9.400457500000001e-11
512.043 1.582 -1.542 5.3768855e-10 8.3272595e-11 -8.3286525e-11
515.19 1.947 -1.565 4.8626095e-10 7.388521e-11 -7.389844000000002e-11
518.303 1.433 -1.166 6.474860000000001e-10 1.0028564000000001e-10 -1.0030482e-10
521.075 1.088 -1.338 6.935348000000001e-10 1.0741598e-10 -1.07436105e-10
3811.68 10.665 -19.423 8.5680735e-11 1.9309076500000002e-11 -1.9309076500000002e-11
3851.654 20.837 -29.309 5.179559e-11 1.1636184e-11 -1.1636184e-11
3912.92 29.776 -40.429 3.6665055e-11 8.275841000000001e-12 -8.275841000000001e-12
3962.399 17.907 -19.703 7.504945000000001e-11 1.6068818500000002e-11 -1.6068818500000002e-11
3999.835 25.602 -19.53 5.8054255e-11 1.3062661500000001e-11 -1.3062661500000001e-11
4053.127 17.441 -27.691 5.708059e-11 1.2803469000000001e-11 -1.2803469000000001e-11
4087.857 20.321 -17.289 6.941256000000001e-11 1.5618368500000002e-11 -1.5618368500000002e-11
4132.927 27.905 -24.749 5.1421195e-11 1.1287962e-11 -1.1287962e-11
4195.146 25.861 -34.315 4.2833385000000005e-11 9.637845e-12 -9.637845e-12
4243.808 22.331 -22.801 5.723497500000001e-11 1.2818088499999999e-11 -1.2818088499999999e-11
4299.707 34.127 -33.568 5.9511445e-11 1.0731679e-11 -1.0731679e-11
5649.773 18.251 -29.388 3.02045905e-11 6.496749e-12 -6.496749e-12
5689.071 19.071 -21.047 3.2938706500000004e-11 7.389137000000001e-12 -7.389137000000001e-12
5732.065 23.716 -23.923 2.82773015e-11 6.227963000000001e-12 -6.227963000000001e-12
5769.567 11.286 -13.787 5.2067295000000003e-11 1.16613945e-11 -1.16613945e-11
5799.768 21.203 -18.914 3.39670275e-11 7.469535500000001e-12 -7.469535500000001e-12
5836.611 9.433 -15.64 5.995206000000001e-11 1.2536006e-11 -1.2536006e-11
5869.606 21.569 -23.563 3.0468564000000004e-11 6.689858e-12 -6.689858e-12
5916.009 15.283 -24.834 3.576468000000001e-11 7.6474685e-12 -7.6474685e-12
5947.462 16.425 -16.17 4.167702e-11 9.1508515e-12 -9.1508515e-12
5978.674 15.301 -14.787 4.3814295000000006e-11 9.797172e-12 -9.797172e-12
6015.635 18.457 -21.66 3.447752e-11 7.535178e-12 -7.535178e-12
6050.759 15.928 -16.667 3.9942280000000004e-11 8.9457865e-12 -8.9457865e-12
6082.476 21.821 -15.788 3.4686743e-11 7.831918500000001e-12 -7.831918500000001e-12
6120.335 24.079 -16.038 3.2332090000000004e-11 7.2530535e-12 -7.2530535e-12
6169.698 22.355 -25.284 3.0212857499999997e-11 6.4985270000000005e-12 -6.4985270000000005e-12
6205.598 16.543 -13.545 4.587096500000001e-11 1.0056165e-11 -1.0056165e-11
6241.055 26.214 -18.914 3.0036664e-11 6.615455e-12 -6.615455e-12
29058.826 3630.818 -2228.948 6.946842e-12 1.4015396500000001e-12 -1.4015396500000001e-12
34031.004 110.651 -122.528 2.5130441000000003e-12 6.578617500000001e-13 -6.578617500000001e-13
34283.539 146.454 -141.884 3.1376639e-12 6.601360500000001e-13 -6.601360500000001e-13
38333.299 59.562 -55.775 6.7202940000000005e-12 1.5136061500000003e-12 -1.5136061500000003e-12
38465.293 123.138 -72.433 3.954755e-12 8.961435000000001e-13 -8.961435000000001e-13
38654.846 68.98 -66.415 5.719871500000001e-12 1.2882821e-12 -1.2882821e-12
38830.007 111.954 -106.182 2.66370965e-12 6.9668795e-13 -6.9668795e-13
39018.538 51.296 -76.577 6.146742000000001e-12 1.3777617000000002e-12 -1.3777617000000002e-12
39163.2 79.638 -93.366 4.504507e-12 1.0170062000000002e-12 -1.0170062000000002e-12
39335.811 85.047 -92.972 3.3096203000000004e-12 8.600473e-13 -8.600473e-13
39524.264 69.598 -103.407 4.5033555000000005e-12 1.01062115e-12 -1.01062115e-12
39709.412 102.586 -115.55 3.5728490000000003e-12 8.047095e-13 -8.047095e-13
39965.49 117.298 -153.492 2.2587176499999997e-12 5.776806000000001e-13 -5.776806000000001e-13
40189.81 86.041 -107.022 4.026792000000001e-12 9.0914915e-13 -9.0914915e-13
40394.877 154.261 -119.026 2.786371e-12 6.383765500000001e-13 -6.383765500000001e-13
45438.127 89.389 -163.849 2.3141419e-12 6.043390500000001e-13 -6.043390500000001e-13
45613.823 101.742 -86.306 3.1256974000000004e-12 8.1374055e-13 -8.1374055e-13
45843.134 100.596 -127.57 2.5653971e-12 6.7065145e-13 -6.7065145e-13
46204.432 331.018 -260.702 1.7938585000000001e-12 3.5441455000000005e-13 -3.5441455000000005e-13
51198.064 89.414 -166.332 2.3206018500000003e-12 6.054258000000001e-13 -6.054258000000001e-13
51396.964 93.606 -109.486 3.1062297e-12 7.841452500000001e-13 -7.841452500000001e-13
51723.181 178.588 -232.611 1.43137155e-12 3.7657445e-13 -3.7657445e-13
52078.802 224.131 -177.033 1.9923029e-12 4.584062000000001e-13 -4.584062000000001e-13
57013.521 146.936 -236.682 1.63496235e-12 4.26902e-13 -4.26902e-13
57324.783 139.059 -164.326 2.08193685e-12 5.4200335e-13 -5.4200335e-13
57769.652 293.431 -305.81 1.88860525e-12 3.6704955000000003e-13 -3.6704955000000003e-13
125153.865 370.269 -507.288 7.573762000000001e-13 1.98832935e-13 -1.98832935e-13
126281.593 609.018 -757.459 8.4063595e-13 1.6791663000000002e-13 -1.6791663000000002e-13
130777.525 532.991 -464.918 6.358569e-13 1.68824285e-13 -1.68824285e-13
132995.467 3287.226 -1684.95 7.883599500000001e-13 1.4068796e-13 -1.4068796e-13
160590.35 4940.569 -6285.327 4.765299e-13 1.0107132000000001e-13 -1.0107132000000001e-13
216315.038 2133.141 -4256.434 4.551778e-13 1.0801469e-13 -1.0801469e-13
240693.176 735.858 -918.96 4.1799310000000004e-13 1.04178165e-13 -1.04178165e-13
247452.238 4356.534 -1888.394 2.99621595e-13 8.237792500000001e-14 -8.237792500000001e-14
252405.995 423.247 -597.224 6.418468000000001e-13 1.64049025e-13 -1.64049025e-13
332038.134 7851.879 -5889.598 2.9037582e-13 5.466937e-14 -5.466937e-14
701496.416 57503.64 -47107.394 1.43604825e-13 3.04552955e-14 -3.04552955e-14
840340.207 17467.11 -19302.223 1.2840989e-13 3.40377555e-14 -3.40377555e-14
931868.706 17562.059 -18854.524 9.707110000000001e-14 2.6746937e-14 -2.6746937e-14
1067779.846 54271.441 -49507.293 9.9592185e-14 2.5022354e-14 -2.5022354e-14
1254845.173 46064.755 -63980.568 1.2841335500000001e-13 3.3258456e-14 -3.3258456e-14
1434473.158 118676.381 -71446.185 7.9301705e-14 2.22760475e-14 -2.22760475e-14
2009049.344 585399.765 -250175.914 2.4546949e-14 9.4946215e-15 -7.8218665e-15
