! WT data
74.781	0.596	-0.520	2.312400e+02	7.146079e+01	-4.147014e+01
75.898	0.471	-0.521	2.623435e+02	7.112015e+01	-4.665271e+01
76.812	0.357	-0.442	3.229183e+02	1.022275e+02	-5.793417e+01
77.571	0.445	-0.402	3.134230e+02	9.353286e+01	-5.512367e+01
78.458	0.443	-0.443	2.995773e+02	9.290568e+01	-5.336515e+01
79.344	0.443	-0.443	3.052033e+02	9.236542e+01	-5.549732e+01
80.285	0.498	-0.498	2.539051e+02	5.736636e+01	-6.824539e+01
81.364	0.448	-0.580	2.581114e+02	5.048578e+01	-8.220268e+01
82.340	0.557	-0.528	2.399800e+02	1.250638e+02	-4.197125e+01
83.467	0.509	-0.569	2.429967e+02	1.125884e+02	-4.393696e+01
84.491	0.541	-0.516	2.571131e+02	7.950784e+01	-4.894404e+01
85.485	0.412	-0.453	3.221665e+02	7.577362e+01	-5.896128e+01
86.437	0.750	-0.540	2.179997e+02	5.418465e+01	-3.599990e+01
87.727	0.457	-0.540	2.848808e+02	6.819864e+01	-4.789754e+01
88.816	0.501	-0.633	2.481159e+02	5.933482e+01	-3.512455e+01
89.870	0.505	-0.553	2.631367e+02	6.069221e+01	-3.394969e+01
90.953	0.603	-0.578	2.357926e+02	4.808236e+01	-3.170635e+01
92.294	0.702	-0.738	1.983366e+02	3.222510e+01	-2.718373e+01
93.677	0.598	-0.681	2.218863e+02	3.591650e+01	-2.928447e+01
94.930	0.628	-0.655	2.154219e+02	3.243697e+01	-2.886713e+01
96.225	0.545	-0.667	1.918813e+02	2.591823e+01	-2.611653e+01
97.278	0.603	-0.509	2.150168e+02	2.858212e+01	-2.791654e+01
98.581	0.704	-0.700	1.687546e+02	2.226125e+01	-2.232506e+01
99.967	0.804	-0.682	1.550117e+02	2.276246e+01	-2.032313e+01
101.398	0.568	-0.627	1.999816e+02	2.922815e+01	-2.611658e+01
102.850	0.698	-0.884	1.497721e+02	2.199699e+01	-2.003317e+01
104.184	0.659	-0.637	1.828948e+02	2.708924e+01	-2.361350e+01
105.485	0.602	-0.642	1.869401e+02	2.814457e+01	-2.476436e+01
106.789	0.626	-0.703	1.709450e+02	2.246373e+01	-2.215561e+01
108.088	0.786	-0.673	1.586194e+02	2.034633e+01	-2.009913e+01
109.606	0.807	-0.732	1.503694e+02	1.986594e+01	-1.901569e+01
111.303	0.758	-0.890	1.378498e+02	1.994572e+01	-1.782498e+01
112.876	0.730	-0.816	1.482854e+02	1.940718e+01	-1.878852e+01
114.236	0.643	-0.629	1.802216e+02	2.421158e+01	-2.293815e+01
115.771	0.898	-0.892	1.268876e+02	1.736536e+01	-1.630500e+01
117.422	0.732	-0.753	1.513100e+02	2.090558e+01	-1.967942e+01
118.820	0.469	-0.666	2.058629e+02	2.640630e+01	-2.594594e+01
120.129	0.847	-0.839	1.359674e+02	1.895427e+01	-1.725944e+01
121.716	0.650	-0.740	1.666038e+02	2.322081e+01	-2.089262e+01
123.095	0.772	-0.729	1.541673e+02	2.196364e+01	-1.948061e+01
124.580	0.641	-0.713	1.725867e+02	2.226034e+01	-2.160159e+01
125.888	0.631	-0.667	1.782453e+02	2.366471e+01	-2.251418e+01
127.331	0.698	-0.811	1.477902e+02	2.164206e+01	-1.976021e+01
128.910	0.828	-0.882	1.343675e+02	1.861701e+01	-1.736878e+01
130.550	0.953	-0.812	1.314009e+02	1.732645e+01	-1.677734e+01
132.328	0.872	-0.825	1.379173e+02	1.823319e+01	-1.720270e+01
133.978	0.744	-0.778	1.510261e+02	2.062837e+01	-1.947654e+01
135.612	0.938	-0.891	1.279913e+02	1.707930e+01	-1.607569e+01
137.362	0.779	-0.811	1.485421e+02	2.138324e+01	-1.848398e+01
138.975	0.676	-0.834	1.525581e+02	2.093611e+01	-1.924908e+01
140.556	0.885	-0.905	1.227631e+02	1.761822e+01	-1.644076e+01
142.271	0.957	-0.830	1.290083e+02	1.665959e+01	-1.635617e+01
143.936	0.672	-0.709	1.669105e+02	2.361041e+01	-2.100639e+01
145.551	0.701	-0.942	1.388717e+02	1.879120e+01	-1.776356e+01
147.098	0.812	-0.846	1.376796e+02	1.908069e+01	-1.765580e+01
148.946	0.886	-1.035	1.201675e+02	1.733479e+01	-1.538113e+01
150.648	0.671	-0.816	1.576731e+02	2.314949e+01	-2.088622e+01
152.029	0.718	-0.711	1.672651e+02	2.392485e+01	-2.132062e+01
153.462	0.702	-0.714	1.687341e+02	2.492391e+01	-2.197821e+01
155.198	0.955	-1.034	1.179028e+02	1.766774e+01	-1.562593e+01
157.085	0.815	-0.932	1.355028e+02	2.013873e+01	-1.792645e+01
158.763	0.800	-0.863	1.438164e+02	2.066651e+01	-1.849730e+01
160.360	0.867	-0.796	1.547180e+02	2.188316e+01	-1.938043e+01
162.002	0.872	-0.775	1.576762e+02	2.177851e+01	-1.973095e+01
163.763	1.065	-0.889	1.317498e+02	1.781043e+01	-1.672543e+01
165.677	0.851	-0.849	1.479704e+02	2.119893e+01	-1.969309e+01
167.564	0.949	-1.035	1.249165e+02	1.806319e+01	-1.646920e+01
169.517	0.808	-1.005	1.407644e+02	1.893365e+01	-1.848698e+01
171.174	0.767	-0.849	1.586505e+02	2.153745e+01	-2.056579e+01
172.867	0.764	-0.926	1.516364e+02	2.081154e+01	-1.949075e+01
174.549	1.021	-0.918	1.321616e+02	1.995993e+01	-1.721109e+01
176.268	0.560	-0.698	2.037581e+02	2.847511e+01	-2.762399e+01
177.584	1.052	-0.756	1.377936e+02	2.009416e+01	-1.925173e+01
179.554	0.786	-0.918	1.433132e+02	2.137776e+01	-2.029750e+01
181.161	0.908	-0.821	1.475522e+02	2.075427e+01	-1.996675e+01
182.838	0.975	-0.769	1.467624e+02	2.310192e+01	-1.972193e+01
184.780	0.938	-0.967	1.335145e+02	2.302564e+01	-1.816757e+01
186.643	0.860	-0.925	1.425652e+02	2.450086e+01	-1.968262e+01
188.448	0.896	-0.945	1.394543e+02	2.252222e+01	-2.091076e+01
189.994	0.820	-0.649	1.698679e+02	2.970734e+01	-2.378560e+01
191.407	0.478	-0.593	2.409482e+02	4.042424e+01	-3.384437e+01
192.394	0.579	-0.509	2.362282e+02	3.890857e+01	-3.493272e+01
193.443	0.511	-0.470	2.648432e+02	4.510749e+01	-3.843162e+01
194.633	0.735	-0.679	1.818511e+02	3.060015e+01	-2.554689e+01
196.107	0.753	-0.738	1.741392e+02	2.716445e+01	-2.415945e+01
197.444	0.625	-0.585	2.086176e+02	3.513418e+01	-2.963002e+01
198.607	0.491	-0.538	2.477759e+02	4.059257e+01	-3.670710e+01
199.672	0.446	-0.575	2.566003e+02	4.373418e+01	-3.413581e+01
200.548	0.467	-0.430	2.885180e+02	4.736365e+01	-3.861766e+01
201.694	0.630	-0.679	1.926547e+02	3.868881e+01	-2.595797e+01
202.885	0.498	-0.561	2.394887e+02	3.896904e+01	-3.270561e+01
203.888	0.472	-0.505	2.595603e+02	3.980726e+01	-3.566434e+01
204.690	0.306	-0.330	4.029300e+02	6.616140e+01	-5.990723e+01
205.326	0.328	-0.330	3.887725e+02	6.360079e+01	-5.422917e+01
206.037	0.332	-0.383	3.578259e+02	5.359621e+01	-4.813123e+01
206.769	0.357	-0.401	3.428050e+02	5.335135e+01	-4.560009e+01
207.505	0.341	-0.378	3.594013e+02	6.234198e+01	-4.789426e+01
208.212	0.347	-0.366	3.553512e+02	5.971473e+01	-4.836564e+01
208.882	0.301	-0.324	4.021240e+02	6.721900e+01	-5.476585e+01
209.550	0.372	-0.366	3.401097e+02	5.683943e+01	-5.175071e+01
210.218	0.312	-0.297	4.206024e+02	7.024008e+01	-6.320892e+01
210.832	0.283	-0.302	4.290165e+02	7.301048e+01	-6.051739e+01
211.397	0.286	-0.281	4.424713e+02	7.792244e+01	-6.063981e+01
212.078	0.308	-0.395	3.641695e+02	6.299943e+01	-4.980183e+01
212.650	0.270	-0.264	4.704848e+02	7.886100e+01	-7.042835e+01
213.232	0.318	-0.312	4.446507e+02	8.075241e+01	-7.099470e+01
213.979	0.376	-0.430	3.910490e+02	8.249920e+01	-6.156371e+01
214.683	0.295	-0.327	5.107283e+02	1.073935e+02	-8.016516e+01
215.315	0.353	-0.337	4.399728e+02	9.645726e+01	-7.290831e+01
216.036	0.326	-0.368	4.335905e+02	9.953529e+01	-7.405263e+01
216.710	0.291	-0.348	4.934412e+02	1.431751e+02	-7.875660e+01
217.293	0.286	-0.292	5.401096e+02	1.597096e+02	-8.655297e+01
217.939	0.312	-0.360	4.643784e+02	1.265866e+02	-7.562059e+01
218.571	0.299	-0.320	5.136730e+02	1.519096e+02	-8.103723e+01
219.160	0.253	-0.289	5.808150e+02	1.797966e+02	-9.205720e+01
219.657	0.263	-0.244	6.272101e+02	2.080022e+02	-9.897901e+01
220.200	0.279	-0.280	5.641564e+02	1.693077e+02	-9.114338e+01
220.755	0.297	-0.276	5.451424e+02	1.358464e+02	-9.027814e+01
221.364	0.250	-0.312	5.656791e+02	1.436116e+02	-9.197044e+01
221.938	0.315	-0.324	4.889579e+02	1.305722e+02	-7.993705e+01
222.519	0.241	-0.266	6.367417e+02	1.964340e+02	-9.904822e+01
223.005	0.290	-0.246	6.029046e+02	1.900110e+02	-9.349664e+01
223.550	0.254	-0.255	6.670118e+02	2.216140e+02	-1.072204e+02
224.129	0.309	-0.325	5.823040e+02	1.781015e+02	-9.216346e+01
224.757	0.296	-0.320	5.954184e+02	1.455993e+02	-9.820512e+01
225.339	0.287	-0.286	6.049264e+02	1.322624e+02	-9.491409e+01
225.900	0.234	-0.275	7.424194e+02	1.536079e+02	-1.078888e+02
226.416	0.256	-0.281	6.821634e+02	1.437492e+02	-1.067531e+02
226.904	0.275	-0.232	7.561015e+02	1.578837e+02	-1.160488e+02
227.520	0.378	-0.341	4.960340e+02	1.120700e+02	-8.338332e+01
228.222	0.244	-0.324	6.340744e+02	1.751393e+02	-1.038011e+02
228.765	0.271	-0.300	6.242919e+02	1.691840e+02	-1.033853e+02
229.316	0.266	-0.280	6.588592e+02	1.473692e+02	-1.046334e+02
229.843	0.248	-0.260	6.679675e+02	1.468256e+02	-1.146415e+02
230.394	0.272	-0.303	6.204274e+02	1.745507e+02	-1.018441e+02
230.984	0.271	-0.317	6.280522e+02	1.912563e+02	-9.847708e+01
231.518	0.260	-0.263	7.007388e+02	2.304014e+02	-1.121289e+02
232.148	0.280	-0.369	5.387885e+02	1.611204e+02	-8.901000e+01
232.795	0.333	-0.368	5.086340e+02	1.293058e+02	-8.522989e+01
233.388	0.290	-0.260	6.545979e+02	1.494756e+02	-1.049817e+02
234.015	0.363	-0.336	5.079131e+02	1.150242e+02	-8.607899e+01
234.652	0.380	-0.275	5.326056e+02	1.392843e+02	-8.878730e+01
235.384	0.399	-0.352	4.774661e+02	1.293734e+02	-7.724638e+01
236.086	0.312	-0.304	5.664700e+02	1.608941e+02	-9.297592e+01
236.685	0.301	-0.286	6.105787e+02	1.707036e+02	-9.817858e+01
237.334	0.407	-0.349	4.611750e+02	1.341716e+02	-7.818623e+01
238.052	0.326	-0.311	5.577207e+02	1.798214e+02	-8.952076e+01
238.815	0.306	-0.436	4.788100e+02	1.205008e+02	-7.914990e+01
239.478	0.313	-0.357	5.053308e+02	1.093658e+02	-7.579018e+01
240.093	0.244	-0.302	6.563223e+02	1.336914e+02	-8.830323e+01
240.740	0.349	-0.402	4.601137e+02	1.079552e+02	-7.299293e+01
241.540	0.364	-0.452	4.270123e+02	1.155010e+02	-7.074020e+01
242.327	0.400	-0.422	4.163149e+02	9.532597e+01	-6.043118e+01
243.182	0.431	-0.455	4.082760e+02	8.728934e+01	-5.237023e+01
244.103	0.467	-0.491	3.575042e+02	8.647166e+01	-5.374524e+01
244.975	0.451	-0.405	4.017338e+02	1.224297e+02	-6.202060e+01
245.979	0.468	-0.553	3.091419e+02	7.478806e+01	-5.100817e+01
246.908	0.388	-0.461	3.720153e+02	7.898670e+01	-5.925053e+01
247.817	0.537	-0.521	2.900242e+02	7.274093e+01	-4.910184e+01
248.826	0.480	-0.472	3.347148e+02	8.475659e+01	-5.485211e+01
249.898	0.564	-0.592	2.754961e+02	7.406637e+01	-4.463829e+01
251.119	0.472	-0.656	2.850149e+02	9.152875e+01	-4.418321e+01
252.200	0.683	-0.610	2.440803e+02	6.746271e+01	-3.928536e+01
253.514	0.462	-0.630	2.863546e+02	8.307866e+01	-4.580109e+01
254.548	0.672	-0.571	2.538588e+02	8.137378e+01	-4.000636e+01
255.722	0.562	-0.502	3.290004e+02	8.098055e+01	-5.114513e+01
257.024	0.541	-0.740	2.818724e+02	6.877169e+01	-4.552961e+01
258.426	0.845	-0.861	2.116247e+02	4.517784e+01	-3.385883e+01
259.986	0.504	-0.715	2.962768e+02	7.331135e+01	-4.912798e+01
261.180	0.692	-0.690	2.325738e+02	4.638350e+01	-3.464672e+01
262.343	0.499	-0.471	2.537563e+02	4.426390e+01	-3.593611e+01
263.309	0.536	-0.468	2.452065e+02	4.261793e+01	-3.535147e+01
264.409	0.585	-0.564	2.202841e+02	3.618145e+01	-2.945097e+01
265.528	0.548	-0.534	2.296582e+02	3.655508e+01	-3.142048e+01
266.545	0.654	-0.469	2.255236e+02	3.209040e+01	-3.050785e+01
267.827	0.615	-0.629	2.016712e+02	3.397205e+01	-2.713136e+01
269.091	0.542	-0.648	2.067251e+02	3.148065e+01	-2.874313e+01
270.237	0.549	-0.604	2.216655e+02	3.301850e+01	-2.940620e+01
271.441	0.656	-0.655	1.861406e+02	3.272399e+01	-2.693201e+01
272.718	0.665	-0.622	1.957419e+02	3.263825e+01	-2.997763e+01
274.062	0.576	-0.679	1.950357e+02	3.223893e+01	-3.129855e+01
275.372	0.626	-0.735	1.849959e+02	3.218885e+01	-2.515260e+01
276.600	0.599	-0.602	2.148697e+02	3.228756e+01	-2.868291e+01
277.912	0.828	-0.713	1.649681e+02	2.192184e+01	-2.230467e+01
279.566	0.727	-0.826	1.651812e+02	2.266161e+01	-2.219579e+01
281.042	0.822	-0.749	1.542009e+02	2.681991e+01	-2.316302e+01
282.625	0.657	-0.761	1.804014e+02	3.000911e+01	-2.466485e+01
283.945	0.709	-0.663	1.902529e+02	2.866093e+01	-2.500243e+01
285.434	0.716	-0.780	1.712011e+02	2.893757e+01	-2.331936e+01
286.829	0.797	-0.679	1.718414e+02	2.951805e+01	-2.421539e+01
288.427	0.751	-0.800	1.666670e+02	2.782437e+01	-2.351692e+01
290.060	1.105	-0.882	1.276893e+02	2.266920e+01	-1.827641e+01
291.951	0.657	-0.786	1.775360e+02	2.965254e+01	-2.666453e+01
293.332	0.724	-0.724	1.670456e+02	2.687996e+01	-2.433243e+01
294.970	0.979	-0.914	1.323499e+02	2.235188e+01	-1.833643e+01
296.825	0.822	-0.876	1.490072e+02	2.452111e+01	-2.034440e+01
298.433	0.800	-0.787	1.563741e+02	2.760029e+01	-2.149204e+01
299.961	0.682	-0.727	1.794866e+02	2.876569e+01	-2.595059e+01
301.554	0.927	-0.911	1.350300e+02	1.980161e+01	-1.888086e+01
303.356	0.970	-0.875	1.382528e+02	2.806407e+01	-1.846242e+01
305.301	1.014	-0.975	1.316848e+02	1.951119e+01	-1.872590e+01
307.313	1.156	-0.998	1.227031e+02	1.788219e+01	-1.646572e+01
309.651	1.312	-1.182	1.011039e+02	1.630217e+01	-1.436166e+01
311.660	0.762	-0.697	1.635250e+02	2.544960e+01	-2.312617e+01
312.791	0.364	-0.369	1.102904e+02	1.367335e+01	-1.386312e+01
313.454	0.358	-0.298	1.231425e+02	1.528419e+01	-1.551393e+01
314.193	0.325	-0.381	1.144576e+02	1.417773e+01	-1.436225e+01
314.839	0.286	-0.321	1.332566e+02	1.647610e+01	-1.666054e+01
315.410	0.350	-0.285	1.259972e+02	1.578856e+01	-1.596214e+01
316.065	0.296	-0.306	1.330744e+02	1.667421e+01	-1.685641e+01
316.640	0.339	-0.279	1.296227e+02	1.628138e+01	-1.649880e+01
317.291	0.284	-0.312	1.356406e+02	1.679863e+01	-1.701443e+01
317.878	0.307	-0.304	1.324771e+02	1.638647e+01	-1.657654e+01
318.496	0.331	-0.311	1.220445e+02	1.573280e+01	-1.591991e+01
319.200	0.351	-0.373	1.116453e+02	1.384576e+01	-1.404241e+01
319.868	0.313	-0.317	1.283604e+02	1.594374e+01	-1.619546e+01
320.484	0.257	-0.303	9.688573e+01	1.460740e+01	-1.476644e+01
321.040	0.264	-0.299	9.512410e+01	1.462115e+01	-1.476568e+01
321.579	0.338	-0.276	1.290417e+02	1.642968e+01	-1.664726e+01
322.204	0.370	-0.287	1.249830e+02	1.539463e+01	-1.562224e+01
322.850	0.236	-0.276	1.630648e+02	1.998433e+01	-2.032501e+01
323.459	0.346	-0.372	1.120156e+02	1.411881e+01	-1.435703e+01
324.060	0.265	-0.255	1.549803e+02	1.953126e+01	-1.985780e+01
324.710	0.376	-0.386	1.024866e+02	1.345172e+01	-1.366872e+01
325.462	0.315	-0.376	1.178290e+02	1.462778e+01	-1.485081e+01
326.106	0.304	-0.330	1.284202e+02	1.592674e+01	-1.615352e+01
326.715	0.308	-0.305	1.325149e+02	1.643781e+01	-1.667514e+01
327.375	0.330	-0.352	1.193671e+02	1.481813e+01	-1.504345e+01
327.996	0.309	-0.291	1.342855e+02	1.687817e+01	-1.711475e+01
328.601	0.352	-0.297	1.201785e+02	1.568249e+01	-1.584343e+01
329.242	0.238	-0.288	1.528941e+02	1.918845e+01	-1.942897e+01
329.786	0.281	-0.306	9.925133e+01	1.448962e+01	-1.464723e+01
330.344	0.332	-0.277	1.336771e+02	1.658305e+01	-1.682356e+01
331.040	0.404	-0.364	1.058277e+02	1.311687e+01	-1.329569e+01
331.844	0.302	-0.399	1.148587e+02	1.445761e+01	-1.468170e+01
332.523	0.304	-0.378	1.169476e+02	1.491990e+01	-1.514798e+01
333.119	0.297	-0.292	1.367200e+02	1.717718e+01	-1.741105e+01
333.759	0.292	-0.343	1.219930e+02	1.591793e+01	-1.607996e+01
334.427	0.336	-0.376	1.133840e+02	1.400626e+01	-1.415067e+01
335.110	0.332	-0.348	1.139160e+02	1.486550e+01	-1.501828e+01
335.732	0.320	-0.290	1.322286e+02	1.636042e+01	-1.655478e+01
336.382	0.371	-0.330	9.498365e+01	1.342960e+01	-1.356119e+01
337.090	0.344	-0.336	1.187268e+02	1.472092e+01	-1.492697e+01
337.772	0.372	-0.339	9.869646e+01	1.319138e+01	-1.332542e+01
338.444	0.254	-0.299	9.646866e+01	1.479229e+01	-1.490254e+01
339.038	0.370	-0.340	1.136681e+02	1.407501e+01	-1.425325e+01
339.717	0.339	-0.309	1.220722e+02	1.555083e+01	-1.576537e+01
340.386	0.340	-0.330	1.178630e+02	1.500162e+01	-1.519550e+01
341.049	0.316	-0.323	1.237724e+02	1.574812e+01	-1.594600e+01
341.743	0.314	-0.378	1.154081e+02	1.452867e+01	-1.475579e+01
342.309	0.328	-0.252	1.377142e+02	1.733482e+01	-1.760383e+01
342.975	0.390	-0.338	1.108910e+02	1.375984e+01	-1.396291e+01
343.722	0.359	-0.358	1.114016e+02	1.399711e+01	-1.418843e+01
344.359	0.265	-0.278	9.840248e+01	1.512462e+01	-1.527368e+01
344.923	0.285	-0.299	1.369287e+02	1.723222e+01	-1.749585e+01
345.529	0.248	-0.321	9.235729e+01	1.448112e+01	-1.461598e+01
346.049	0.241	-0.272	1.559466e+02	1.958279e+01	-1.983920e+01
346.624	0.306	-0.334	1.260344e+02	1.560149e+01	-1.579428e+01
347.222	0.288	-0.292	1.377685e+02	1.726072e+01	-1.744767e+01
347.796	0.322	-0.286	1.286344e+02	1.654574e+01	-1.670642e+01
348.447	0.296	-0.328	1.292661e+02	1.597203e+01	-1.614040e+01
349.097	0.379	-0.354	1.078951e+02	1.369848e+01	-1.384140e+01
349.775	0.344	-0.299	1.244170e+02	1.561265e+01	-1.580620e+01
350.455	0.425	-0.336	1.049375e+02	1.317215e+01	-1.333937e+01
351.259	0.324	-0.379	1.125387e+02	1.431284e+01	-1.448678e+01
351.950	0.406	-0.368	1.032473e+02	1.295118e+01	-1.310682e+01
352.727	0.312	-0.371	1.181573e+02	1.465572e+01	-1.486621e+01
353.351	0.301	-0.311	1.305600e+02	1.646406e+01	-1.674985e+01
353.959	0.360	-0.307	9.809645e+01	1.366433e+01	-1.387494e+01
354.679	0.385	-0.360	1.080729e+02	1.343034e+01	-1.364900e+01
355.421	0.280	-0.357	1.245295e+02	1.568887e+01	-1.594624e+01
356.026	0.325	-0.325	1.221421e+02	1.539832e+01	-1.566132e+01
356.709	0.414	-0.358	1.042732e+02	1.305500e+01	-1.328685e+01
357.403	0.344	-0.280	1.257150e+02	1.606140e+01	-1.633033e+01
358.019	0.260	-0.272	1.506311e+02	1.872474e+01	-1.903534e+01
358.598	0.302	-0.319	8.667452e+01	1.305231e+01	-1.317848e+01
359.215	0.334	-0.315	1.208906e+02	1.536925e+01	-1.555017e+01
359.844	0.323	-0.295	9.360753e+01	1.373480e+01	-1.383900e+01
360.474	0.325	-0.307	1.242960e+02	1.576029e+01	-1.590486e+01
361.097	0.263	-0.299	9.428142e+01	1.444052e+01	-1.453207e+01
361.658	0.277	-0.297	1.394366e+02	1.721810e+01	-1.738941e+01
362.296	0.278	-0.361	1.241825e+02	1.554395e+01	-1.569809e+01
362.883	0.355	-0.309	1.207453e+02	1.491686e+01	-1.507182e+01
363.547	0.405	-0.310	7.411464e+01	1.135883e+01	-1.143779e+01
364.281	0.307	-0.328	9.979759e+01	1.383663e+01	-1.395745e+01
364.915	0.352	-0.327	1.179005e+02	1.457765e+01	-1.474102e+01
365.605	0.390	-0.337	1.110512e+02	1.373663e+01	-1.389633e+01
366.298	0.250	-0.303	9.871952e+01	1.484446e+01	-1.496596e+01
366.796	0.325	-0.248	9.534698e+01	1.434102e+01	-1.446211e+01
367.481	0.393	-0.360	9.838750e+01	1.275649e+01	-1.290767e+01
368.228	0.377	-0.354	1.100931e+02	1.382676e+01	-1.400977e+01
368.931	0.318	-0.326	1.249951e+02	1.570696e+01	-1.592356e+01
369.561	0.325	-0.312	1.263913e+02	1.589174e+01	-1.612030e+01
370.281	0.379	-0.395	1.029560e+02	1.312445e+01	-1.331450e+01
370.971	0.331	-0.311	1.253436e+02	1.576577e+01	-1.599836e+01
371.641	0.350	-0.339	1.181200e+02	1.465705e+01	-1.487356e+01
372.349	0.439	-0.358	9.996652e+01	1.273371e+01	-1.290831e+01
373.170	0.399	-0.382	1.030711e+02	1.295037e+01	-1.312732e+01
373.940	0.415	-0.372	1.023715e+02	1.285820e+01	-1.302960e+01
374.677	0.349	-0.322	9.953419e+01	1.357827e+01	-1.372783e+01
375.332	0.290	-0.306	9.164694e+01	1.379135e+01	-1.391471e+01
375.888	0.344	-0.266	9.811530e+01	1.427665e+01	-1.441521e+01
376.588	0.363	-0.356	1.123280e+02	1.411118e+01	-1.430172e+01
377.229	0.341	-0.278	8.714573e+01	1.338743e+01	-1.351217e+01
377.948	0.364	-0.378	1.115791e+02	1.374592e+01	-1.395142e+01
378.644	0.228	-0.332	9.844958e+01	1.496511e+01	-1.511769e+01
379.267	0.347	-0.395	1.077098e+02	1.373645e+01	-1.394143e+01
380.026	0.351	-0.412	1.036141e+02	1.339810e+01	-1.359917e+01
380.646	0.289	-0.268	9.837343e+01	1.483476e+01	-1.499943e+01
381.273	0.387	-0.339	9.726967e+01	1.295703e+01	-1.313502e+01
381.952	0.311	-0.292	8.808765e+01	1.381541e+01	-1.394791e+01
382.605	0.251	-0.341	8.688422e+01	1.418902e+01	-1.430980e+01
383.200	0.392	-0.344	1.096127e+02	1.377569e+01	-1.396736e+01
383.884	0.265	-0.292	9.837695e+01	1.481025e+01	-1.494898e+01
384.521	0.358	-0.372	1.106819e+02	1.389779e+01	-1.407881e+01
385.200	0.251	-0.322	9.562579e+01	1.438782e+01	-1.451421e+01
385.822	0.406	-0.370	1.051486e+02	1.302224e+01	-1.318926e+01
386.617	0.377	-0.390	9.680030e+01	1.254935e+01	-1.269671e+01
387.378	0.386	-0.384	1.054160e+02	1.305619e+01	-1.322447e+01
388.076	0.382	-0.312	9.957019e+01	1.334361e+01	-1.349103e+01
388.724	0.309	-0.266	9.913213e+01	1.460063e+01	-1.473456e+01
389.412	0.286	-0.379	8.073421e+01	1.239212e+01	-1.249705e+01
390.030	0.341	-0.331	7.988006e+01	1.226121e+01	-1.236522e+01
390.681	0.394	-0.310	1.152677e+02	1.427771e+01	-1.446310e+01
391.472	0.351	-0.396	1.086794e+02	1.346075e+01	-1.363463e+01
392.144	0.353	-0.322	7.966929e+01	1.222770e+01	-1.233026e+01
392.830	0.381	-0.333	1.115232e+02	1.418359e+01	-1.435575e+01
393.614	0.287	-0.404	7.782150e+01	1.194311e+01	-1.204228e+01
394.225	0.268	-0.324	9.067431e+01	1.391509e+01	-1.403011e+01
394.750	0.298	-0.257	9.529488e+01	1.492128e+01	-1.503941e+01
395.365	0.260	-0.316	9.882616e+01	1.455202e+01	-1.468193e+01
395.936	0.370	-0.311	1.191779e+02	1.475720e+01	-1.494397e+01
396.696	0.303	-0.389	1.173407e+02	1.453147e+01	-1.471714e+01
397.365	0.248	-0.367	1.304632e+02	1.637368e+01	-1.657899e+01
397.921	0.304	-0.308	1.319167e+02	1.633948e+01	-1.655115e+01
398.598	0.363	-0.372	1.087642e+02	1.365287e+01	-1.382657e+01
399.372	0.341	-0.411	1.061948e+02	1.333177e+01	-1.350281e+01
400.086	0.321	-0.373	1.139989e+02	1.450489e+01	-1.468741e+01
400.759	0.329	-0.352	1.172830e+02	1.472351e+01	-1.491213e+01
401.359	0.308	-0.270	1.382137e+02	1.734642e+01	-1.756393e+01
401.998	0.346	-0.332	1.178987e+02	1.479278e+01	-1.497426e+01
402.648	0.317	-0.304	1.300266e+02	1.609523e+01	-1.629366e+01
403.341	0.393	-0.376	1.039802e+02	1.303961e+01	-1.319282e+01
404.130	0.380	-0.396	1.056371e+02	1.297426e+01	-1.312865e+01
404.878	0.342	-0.368	1.142774e+02	1.421659e+01	-1.437780e+01
405.582	0.429	-0.362	1.009426e+02	1.265278e+01	-1.279561e+01
406.266	0.314	-0.255	9.736333e+01	1.448618e+01	-1.461023e+01
406.958	0.370	-0.377	1.058579e+02	1.346756e+01	-1.363552e+01
407.671	0.317	-0.343	1.223163e+02	1.516872e+01	-1.538368e+01
408.298	0.300	-0.310	1.296103e+02	1.652010e+01	-1.675712e+01
408.920	0.321	-0.322	8.314552e+01	1.278746e+01	-1.292156e+01
409.541	0.341	-0.301	1.205956e+02	1.581761e+01	-1.606159e+01
410.255	0.304	-0.373	8.019835e+01	1.210848e+01	-1.225787e+01
410.859	0.281	-0.301	9.319864e+01	1.406788e+01	-1.423794e+01
411.514	0.368	-0.374	1.088127e+02	1.352647e+01	-1.375095e+01
412.262	0.383	-0.380	1.046959e+02	1.317347e+01	-1.337267e+01
412.914	0.279	-0.268	1.473224e+02	1.827703e+01	-1.854334e+01
413.535	0.438	-0.342	1.025459e+02	1.288069e+01	-1.305298e+01
414.343	0.345	-0.370	1.128717e+02	1.397760e+01	-1.415577e+01
415.048	0.404	-0.360	1.046961e+02	1.312818e+01	-1.328123e+01
415.821	0.340	-0.370	1.114153e+02	1.415722e+01	-1.431647e+01
416.507	0.289	-0.346	8.536475e+01	1.283798e+01	-1.294475e+01
417.055	0.296	-0.259	9.767936e+01	1.469291e+01	-1.481806e+01
417.608	0.346	-0.257	9.653410e+01	1.418648e+01	-1.431630e+01
418.297	0.357	-0.342	7.637540e+01	1.172498e+01	-1.182618e+01
419.060	0.323	-0.407	1.111379e+02	1.377602e+01	-1.396477e+01
419.740	0.344	-0.357	1.134567e+02	1.444774e+01	-1.464146e+01
420.325	0.374	-0.241	8.723429e+01	1.340229e+01	-1.352847e+01
421.072	0.319	-0.373	1.149167e+02	1.463657e+01	-1.483576e+01
421.730	0.350	-0.338	1.167040e+02	1.466582e+01	-1.486879e+01
422.484	0.306	-0.404	1.143529e+02	1.417957e+01	-1.437891e+01
423.066	0.297	-0.276	9.373433e+01	1.439642e+01	-1.452734e+01
423.684	0.363	-0.322	1.173103e+02	1.473619e+01	-1.493427e+01
424.342	0.286	-0.294	9.116894e+01	1.428448e+01	-1.440695e+01
424.934	0.275	-0.307	9.088714e+01	1.423926e+01	-1.436026e+01
425.522	0.378	-0.313	7.898162e+01	1.188805e+01	-1.199705e+01
426.269	0.377	-0.369	1.088948e+02	1.349641e+01	-1.367974e+01
426.956	0.294	-0.311	9.077669e+01	1.378442e+01	-1.391030e+01
427.602	0.374	-0.352	7.511066e+01	1.130755e+01	-1.141341e+01
428.330	0.423	-0.354	1.044092e+02	1.294406e+01	-1.312350e+01
429.105	0.301	-0.352	8.224115e+01	1.263171e+01	-1.274708e+01
429.689	0.290	-0.283	9.722129e+01	1.448219e+01	-1.462358e+01
430.295	0.325	-0.316	8.376781e+01	1.286746e+01	-1.298629e+01
430.919	0.263	-0.299	9.543273e+01	1.465964e+01	-1.479537e+01
431.420	0.334	-0.238	9.250787e+01	1.449899e+01	-1.462813e+01
432.095	0.476	-0.342	9.809873e+01	1.232786e+01	-1.249857e+01
432.944	0.401	-0.373	1.026744e+02	1.307608e+01	-1.325280e+01
433.714	0.249	-0.368	8.823729e+01	1.328816e+01	-1.341712e+01
434.270	0.316	-0.307	9.525908e+01	1.376012e+01	-1.390540e+01
434.962	0.392	-0.377	1.044581e+02	1.312838e+01	-1.331155e+01
435.681	0.344	-0.327	1.196959e+02	1.504480e+01	-1.525603e+01
436.347	0.242	-0.322	9.873448e+01	1.471256e+01	-1.486128e+01
436.963	0.300	-0.374	8.078741e+01	1.216950e+01	-1.229095e+01
437.681	0.307	-0.418	7.409577e+01	1.138708e+01	-1.149770e+01
438.273	0.332	-0.285	8.690672e+01	1.335684e+01	-1.348758e+01
438.883	0.293	-0.278	9.394521e+01	1.443989e+01	-1.458255e+01
439.495	0.344	-0.319	8.084817e+01	1.242800e+01	-1.255202e+01
440.148	0.360	-0.309	9.958344e+01	1.360775e+01	-1.378077e+01
440.836	0.373	-0.328	7.787089e+01	1.173507e+01	-1.185720e+01
441.515	0.314	-0.305	8.816500e+01	1.328412e+01	-1.342005e+01
442.196	0.431	-0.368	1.017406e+02	1.262502e+01	-1.281194e+01
442.907	0.303	-0.280	8.930571e+01	1.428749e+01	-1.441311e+01
443.534	0.266	-0.323	9.269213e+01	1.396003e+01	-1.409652e+01
444.153	0.280	-0.354	8.618296e+01	1.297773e+01	-1.310259e+01
444.812	0.301	-0.379	7.910741e+01	1.215026e+01	-1.226111e+01
445.457	0.351	-0.344	7.846828e+01	1.181394e+01	-1.192548e+01
446.113	0.270	-0.305	9.777642e+01	1.469060e+01	-1.483295e+01
446.720	0.348	-0.337	7.969172e+01	1.200324e+01	-1.212178e+01
447.357	0.282	-0.289	9.482120e+01	1.469535e+01	-1.483555e+01
447.938	0.294	-0.298	9.213611e+01	1.388367e+01	-1.402697e+01
448.521	0.291	-0.289	9.269367e+01	1.425117e+01	-1.439573e+01
449.130	0.244	-0.319	9.778476e+01	1.487026e+01	-1.502826e+01
449.777	0.353	-0.403	7.219083e+01	1.088608e+01	-1.100657e+01
450.479	0.352	-0.349	7.552088e+01	1.185247e+01	-1.197439e+01
451.142	0.305	-0.311	9.862923e+01	1.423222e+01	-1.439795e+01
451.725	0.343	-0.278	9.903075e+01	1.403641e+01	-1.419917e+01
452.372	0.325	-0.305	8.614417e+01	1.297393e+01	-1.310084e+01
453.019	0.312	-0.322	8.566010e+01	1.289542e+01	-1.301585e+01
453.615	0.303	-0.284	9.240921e+01	1.390633e+01	-1.403101e+01
454.227	0.287	-0.309	9.167981e+01	1.391221e+01	-1.402977e+01
454.885	0.367	-0.371	7.348350e+01	1.105014e+01	-1.114101e+01
455.562	0.315	-0.310	8.688046e+01	1.306254e+01	-1.316778e+01
456.309	0.379	-0.433	6.687501e+01	1.005752e+01	-1.014138e+01
457.034	0.292	-0.346	8.494440e+01	1.277886e+01	-1.288927e+01
457.662	0.347	-0.336	8.117999e+01	1.208473e+01	-1.219466e+01
458.394	0.413	-0.384	6.704296e+01	1.029477e+01	-1.038615e+01
459.170	0.335	-0.364	7.759543e+01	1.168448e+01	-1.179679e+01
459.899	0.357	-0.393	7.226312e+01	1.088488e+01	-1.099294e+01
460.738	0.346	-0.482	6.604904e+01	1.003829e+01	-1.013891e+01
461.449	0.341	-0.365	7.464281e+01	1.170520e+01	-1.181587e+01
462.094	0.381	-0.304	7.974517e+01	1.201600e+01	-1.213949e+01
462.827	0.319	-0.351	8.020845e+01	1.232886e+01	-1.245107e+01
463.436	0.331	-0.290	8.797055e+01	1.325627e+01	-1.339341e+01
464.082	0.287	-0.316	8.920118e+01	1.371208e+01	-1.384897e+01
464.755	0.368	-0.385	7.148707e+01	1.098941e+01	-1.109948e+01
465.387	0.314	-0.264	9.161649e+01	1.436993e+01	-1.450885e+01
466.046	0.304	-0.345	8.411465e+01	1.267796e+01	-1.281191e+01
466.723	0.284	-0.373	8.069192e+01	1.265890e+01	-1.278384e+01
467.313	0.322	-0.306	8.697420e+01	1.311171e+01	-1.325308e+01
467.934	0.302	-0.299	9.083408e+01	1.369502e+01	-1.384414e+01
468.710	0.289	-0.474	7.048762e+01	1.084193e+01	-1.095689e+01
469.310	0.335	-0.311	9.773536e+01	1.373546e+01	-1.391136e+01
470.090	0.368	-0.445	6.718130e+01	1.013213e+01	-1.024579e+01
470.748	0.366	-0.290	8.194750e+01	1.260351e+01	-1.273601e+01
471.421	0.350	-0.307	8.194988e+01	1.259716e+01	-1.272268e+01
472.083	0.322	-0.311	8.488330e+01	1.304072e+01	-1.316311e+01
472.740	0.383	-0.335	7.576723e+01	1.140524e+01	-1.151085e+01
473.546	0.348	-0.422	6.535982e+01	1.088581e+01	-1.096289e+01
474.289	0.396	-0.396	6.878745e+01	1.034341e+01	-1.042791e+01
475.055	0.383	-0.369	7.127206e+01	1.092833e+01	-1.100941e+01
475.749	0.429	-0.311	7.358154e+01	1.105822e+01	-1.114252e+01
476.506	0.329	-0.328	9.829276e+01	1.373564e+01	-1.385989e+01
477.155	0.382	-0.320	9.581989e+01	1.323937e+01	-1.336527e+01
478.012	0.345	-0.475	6.639986e+01	9.985419e+00	-1.006802e+01
478.828	0.488	-0.471	5.679076e+01	8.542536e+00	-8.615382e+00
479.693	0.369	-0.376	7.195238e+01	1.104428e+01	-1.113790e+01
480.408	0.348	-0.346	7.730276e+01	1.186816e+01	-1.197144e+01
481.156	0.340	-0.400	7.247222e+01	1.113191e+01	-1.123425e+01
481.902	0.474	-0.406	6.090585e+01	9.359575e+00	-9.450015e+00
482.671	0.271	-0.295	9.694436e+01	1.473966e+01	-1.489339e+01
483.200	0.347	-0.257	8.874571e+01	1.364959e+01	-1.379361e+01
483.939	0.274	-0.391	8.067957e+01	1.241601e+01	-1.255427e+01
484.538	0.282	-0.325	8.984462e+01	1.356192e+01	-1.372619e+01
485.128	0.285	-0.309	9.034288e+01	1.391573e+01	-1.408372e+01
485.783	0.310	-0.369	8.020012e+01	1.210977e+01	-1.226022e+01
486.384	0.355	-0.291	8.312431e+01	1.279625e+01	-1.294289e+01
487.162	0.299	-0.423	7.545914e+01	1.138037e+01	-1.150782e+01
487.840	0.489	-0.379	5.993751e+01	9.595447e+00	-9.686404e+00
488.602	0.293	-0.273	9.634285e+01	1.451415e+01	-1.466046e+01
489.232	0.357	-0.337	7.855618e+01	1.182961e+01	-1.194379e+01
489.903	0.341	-0.313	8.325122e+01	1.253150e+01	-1.264723e+01
490.618	0.345	-0.374	7.583345e+01	1.140985e+01	-1.151007e+01
491.422	0.321	-0.460	6.978796e+01	1.049737e+01	-1.058667e+01
492.236	0.337	-0.492	6.621232e+01	1.004357e+01	-1.012441e+01
493.163	0.499	-0.590	4.930620e+01	7.561500e+00	-7.618842e+00
494.017	0.429	-0.356	6.845685e+01	1.049547e+01	-1.057215e+01
494.774	0.223	-0.328	9.887672e+01	1.485561e+01	-1.496480e+01
495.427	0.375	-0.429	6.781278e+01	1.018770e+01	-1.026185e+01
496.190	0.254	-0.388	8.490695e+01	1.275963e+01	-1.285626e+01
496.760	0.296	-0.316	8.775852e+01	1.345738e+01	-1.355834e+01
497.483	0.409	-0.427	6.423291e+01	9.853219e+00	-9.930529e+00
498.274	0.369	-0.381	7.263388e+01	1.092613e+01	-1.101977e+01
499.044	0.364	-0.401	7.020668e+01	1.077795e+01	-1.087097e+01
499.776	0.363	-0.368	7.457755e+01	1.122775e+01	-1.133334e+01
500.472	0.381	-0.333	7.643742e+01	1.151140e+01	-1.162336e+01
501.176	0.369	-0.323	7.760695e+01	1.192316e+01	-1.203537e+01
501.886	0.308	-0.341	8.457727e+01	1.284958e+01	-1.297360e+01
502.628	0.331	-0.434	7.128234e+01	1.073637e+01	-1.084216e+01
503.300	0.371	-0.341	7.662845e+01	1.154192e+01	-1.165598e+01
504.008	0.279	-0.337	8.725116e+01	1.340638e+01	-1.353413e+01
504.681	0.364	-0.394	7.192138e+01	1.083359e+01	-1.094133e+01
505.396	0.301	-0.352	8.348145e+01	1.257486e+01	-1.269988e+01
506.077	0.459	-0.379	6.551211e+01	9.952986e+00	-1.004897e+01
506.890	0.394	-0.355	7.167697e+01	1.101050e+01	-1.111247e+01
507.620	0.345	-0.336	7.999480e+01	1.204405e+01	-1.215804e+01
508.391	0.418	-0.426	6.463650e+01	9.730288e+00	-9.820950e+00
509.144	0.320	-0.335	8.325471e+01	1.253087e+01	-1.264541e+01
509.915	0.415	-0.451	6.196182e+01	9.512558e+00	-9.594991e+00
510.818	0.493	-0.488	5.560429e+01	8.368605e+00	-8.444560e+00
511.650	0.443	-0.340	6.858148e+01	1.053249e+01	-1.062748e+01
512.429	0.362	-0.335	7.579881e+01	1.188010e+01	-1.198587e+01
513.109	0.406	-0.318	7.414103e+01	1.139212e+01	-1.150082e+01
513.855	0.322	-0.340	8.235964e+01	1.240897e+01	-1.253549e+01
514.455	0.337	-0.279	8.855003e+01	1.334502e+01	-1.348453e+01
515.099	0.423	-0.306	7.508346e+01	1.131890e+01	-1.144070e+01
515.950	0.347	-0.428	7.085052e+01	1.068481e+01	-1.080394e+01
516.749	0.381	-0.451	6.401388e+01	1.005122e+01	-1.015948e+01
517.525	0.406	-0.395	6.554015e+01	1.050541e+01	-1.061849e+01
518.323	0.392	-0.392	7.004790e+01	1.057866e+01	-1.071197e+01
519.130	0.410	-0.415	6.557050e+01	1.010627e+01	-1.023477e+01
519.885	0.397	-0.345	7.407880e+01	1.119893e+01	-1.135194e+01
520.596	0.382	-0.314	7.900573e+01	1.194411e+01	-1.210766e+01
521.296	0.339	-0.317	8.245310e+01	1.270425e+01	-1.286155e+01
521.945	0.339	-0.311	8.335546e+01	1.283395e+01	-1.298321e+01
522.632	0.294	-0.348	8.557014e+01	1.290691e+01	-1.305316e+01
523.472	0.464	-0.546	5.356490e+01	8.234889e+00	-8.317973e+00
524.287	0.415	-0.350	7.184055e+01	1.082013e+01	-1.092642e+01
525.175	0.375	-0.473	6.280634e+01	9.838431e+00	-9.920586e+00
525.966	0.392	-0.415	6.735058e+01	1.013333e+01	-1.022214e+01
526.673	0.297	-0.315	8.877335e+01	1.335472e+01	-1.346994e+01
527.326	0.387	-0.356	7.085397e+01	1.109374e+01	-1.118098e+01
528.015	0.344	-0.302	8.472724e+01	1.285445e+01	-1.296033e+01
528.637	0.345	-0.277	8.461817e+01	1.324581e+01	-1.334693e+01
529.330	0.469	-0.348	6.653157e+01	1.000409e+01	-1.008570e+01
530.148	0.311	-0.349	7.982935e+01	1.249338e+01	-1.258594e+01
530.800	0.364	-0.340	7.711744e+01	1.159436e+01	-1.168748e+01
531.655	0.446	-0.492	5.794679e+01	8.713143e+00	-8.784144e+00
532.525	0.392	-0.424	6.653158e+01	1.000511e+01	-1.008777e+01
533.317	0.426	-0.399	6.482216e+01	9.945475e+00	-1.002538e+01
534.127	0.358	-0.384	7.323363e+01	1.101547e+01	-1.110897e+01
534.937	0.443	-0.452	5.979556e+01	9.176198e+00	-9.251880e+00
535.803	0.285	-0.423	7.672862e+01	1.154271e+01	-1.164224e+01
536.457	0.365	-0.368	7.406827e+01	1.114216e+01	-1.123789e+01
537.151	0.340	-0.330	7.969236e+01	1.222928e+01	-1.232986e+01
537.879	0.435	-0.387	6.403283e+01	1.002579e+01	-1.010468e+01
538.653	0.336	-0.339	8.048463e+01	1.210608e+01	-1.220878e+01
539.300	0.342	-0.312	8.289035e+01	1.246759e+01	-1.257302e+01
540.073	0.360	-0.430	6.663001e+01	1.043145e+01	-1.051252e+01
540.851	0.392	-0.418	6.501837e+01	1.017875e+01	-1.025748e+01
541.560	0.370	-0.318	7.882088e+01	1.185406e+01	-1.195286e+01
542.189	0.298	-0.259	9.745597e+01	1.465610e+01	-1.477772e+01
542.855	0.409	-0.367	6.890691e+01	1.057118e+01	-1.065511e+01
543.664	0.477	-0.400	6.187502e+01	9.304398e+00	-9.380804e+00
544.536	0.376	-0.396	7.028498e+01	1.056849e+01	-1.065474e+01
545.498	0.331	-0.585	5.518433e+01	9.256054e+00	-9.317204e+00
546.215	0.445	-0.386	6.531923e+01	9.826392e+00	-9.911186e+00
547.041	0.414	-0.381	6.980596e+01	1.050661e+01	-1.060260e+01
547.872	0.430	-0.417	6.471373e+01	1.014275e+01	-1.023309e+01
548.697	0.437	-0.395	6.786810e+01	1.022599e+01	-1.033071e+01
549.604	0.338	-0.470	6.996102e+01	1.054803e+01	-1.066291e+01
550.397	0.462	-0.455	6.167566e+01	9.302986e+00	-9.408582e+00
551.317	0.393	-0.459	6.630954e+01	1.000248e+01	-1.011656e+01
552.214	0.440	-0.503	5.902473e+01	9.081603e+00	-9.180795e+00
553.011	0.280	-0.357	8.604565e+01	1.350651e+01	-1.364778e+01
553.602	0.366	-0.312	8.210822e+01	1.263243e+01	-1.276955e+01
554.372	0.342	-0.403	7.748948e+01	1.156250e+01	-1.169549e+01
555.126	0.431	-0.413	6.700902e+01	1.010568e+01	-1.021856e+01
556.072	0.437	-0.515	5.936879e+01	8.947282e+00	-9.040876e+00
556.865	0.384	-0.356	7.635366e+01	1.149981e+01	-1.161271e+01
557.619	0.300	-0.369	8.170054e+01	1.254432e+01	-1.265447e+01
558.237	0.270	-0.319	8.991907e+01	1.408030e+01	-1.419254e+01
558.935	0.294	-0.428	7.216836e+01	1.152796e+01	-1.161121e+01
559.606	0.362	-0.376	7.395158e+01	1.111399e+01	-1.119887e+01
560.278	0.399	-0.311	7.459453e+01	1.166651e+01	-1.174538e+01
560.967	0.339	-0.289	8.562677e+01	1.312615e+01	-1.322032e+01
561.677	0.413	-0.371	6.959033e+01	1.046091e+01	-1.054316e+01
562.535	0.377	-0.445	6.542487e+01	1.003750e+01	-1.011770e+01
563.420	0.346	-0.507	6.393696e+01	9.620214e+00	-9.705013e+00
564.234	0.416	-0.468	6.081804e+01	9.339904e+00	-9.423837e+00
565.049	0.457	-0.399	6.284074e+01	9.655224e+00	-9.746786e+00
565.865	0.447	-0.359	6.672597e+01	1.025292e+01	-1.035092e+01
566.893	0.451	-0.581	5.291266e+01	7.967942e+00	-8.044779e+00
567.684	0.311	-0.341	8.258551e+01	1.268339e+01	-1.279801e+01
568.343	0.348	-0.348	7.574575e+01	1.186738e+01	-1.196855e+01
569.068	0.399	-0.377	6.865807e+01	1.054075e+01	-1.063225e+01
569.917	0.481	-0.451	5.800422e+01	8.727451e+00	-8.804281e+00
570.766	0.346	-0.367	7.579594e+01	1.140162e+01	-1.149915e+01
571.565	0.341	-0.453	6.814806e+01	1.024852e+01	-1.033351e+01
572.363	0.277	-0.458	7.359226e+01	1.106443e+01	-1.115335e+01
573.041	0.370	-0.401	7.019316e+01	1.055112e+01	-1.063366e+01
573.651	0.303	-0.240	9.814748e+01	1.504831e+01	-1.515906e+01
574.337	0.344	-0.383	7.206946e+01	1.127309e+01	-1.135078e+01
575.187	0.422	-0.507	5.822531e+01	8.747016e+00	-8.810350e+00
576.010	0.421	-0.401	6.578771e+01	9.882880e+00	-9.954228e+00
576.963	0.442	-0.531	5.556485e+01	8.347742e+00	-8.408578e+00
577.918	0.371	-0.513	6.115438e+01	9.188082e+00	-9.255633e+00
578.881	0.518	-0.592	4.895631e+01	7.355927e+00	-7.410533e+00
579.917	0.334	-0.518	6.321030e+01	9.690065e+00	-9.759831e+00
580.723	0.375	-0.471	6.458326e+01	9.706978e+00	-9.782033e+00
581.515	0.557	-0.417	5.620037e+01	8.450463e+00	-8.519244e+00
582.637	0.454	-0.565	5.203187e+01	8.148368e+00	-8.214105e+00
583.503	0.403	-0.412	6.658861e+01	1.031192e+01	-1.040217e+01
584.262	0.476	-0.356	6.568808e+01	9.892852e+00	-9.989378e+00
585.124	0.449	-0.385	6.554711e+01	9.876813e+00	-9.978501e+00
586.050	0.542	-0.478	5.365027e+01	8.081242e+00	-8.161449e+00
587.106	0.549	-0.513	5.149348e+01	7.750735e+00	-7.821917e+00
588.051	0.313	-0.397	7.704668e+01	1.158999e+01	-1.168936e+01
588.742	0.389	-0.378	7.291183e+01	1.084521e+01	-1.093511e+01
589.469	0.404	-0.338	7.134166e+01	1.116177e+01	-1.124119e+01
590.228	0.377	-0.356	7.400742e+01	1.111855e+01	-1.119968e+01
590.964	0.341	-0.358	7.524313e+01	1.176771e+01	-1.184702e+01
591.712	0.413	-0.407	6.514182e+01	9.985752e+00	-1.005724e+01
592.417	0.317	-0.292	8.915348e+01	1.339790e+01	-1.349947e+01
593.141	0.413	-0.407	6.613980e+01	9.941018e+00	-1.001797e+01
593.945	0.394	-0.391	6.913935e+01	1.039344e+01	-1.047547e+01
594.813	0.503	-0.474	5.470028e+01	8.390131e+00	-8.455161e+00
595.768	0.406	-0.453	6.122331e+01	9.582793e+00	-9.655072e+00
596.589	0.388	-0.414	6.760766e+01	1.016564e+01	-1.024833e+01
597.524	0.465	-0.547	5.358640e+01	8.057073e+00	-8.122304e+00
598.375	0.352	-0.386	7.347096e+01	1.104648e+01	-1.113554e+01
599.208	0.493	-0.480	5.490015e+01	8.420489e+00	-8.485454e+00
600.139	0.413	-0.438	6.202485e+01	9.707033e+00	-9.779028e+00
600.976	0.372	-0.425	6.782351e+01	1.040749e+01	-1.049265e+01
601.861	0.447	-0.513	5.454575e+01	8.722227e+00	-8.794590e+00
602.699	0.479	-0.390	6.321902e+01	9.525569e+00	-9.623191e+00
603.527	0.275	-0.350	8.656663e+01	1.331633e+01	-1.345879e+01
604.237	0.378	-0.435	6.750643e+01	1.018877e+01	-1.031091e+01
605.121	0.549	-0.506	5.202431e+01	7.859806e+00	-7.962029e+00
606.132	0.449	-0.462	5.843631e+01	9.184293e+00	-9.292356e+00
607.044	0.435	-0.464	6.108992e+01	9.219931e+00	-9.330048e+00
607.910	0.412	-0.431	6.312153e+01	9.907537e+00	-1.001055e+01
608.705	0.418	-0.382	6.855774e+01	1.033336e+01	-1.044274e+01
609.512	0.454	-0.389	6.410443e+01	9.850581e+00	-9.945224e+00
610.304	0.304	-0.338	8.416909e+01	1.292725e+01	-1.304473e+01
611.080	0.445	-0.472	5.960341e+01	8.972192e+00	-9.055360e+00
611.975	0.412	-0.451	6.298522e+01	9.479773e+00	-9.566134e+00
612.764	0.312	-0.376	7.893503e+01	1.187871e+01	-1.198527e+01
613.484	0.393	-0.408	6.788406e+01	1.021447e+01	-1.030487e+01
614.225	0.359	-0.349	7.675368e+01	1.154772e+01	-1.164855e+01
614.942	0.422	-0.357	6.764042e+01	1.059150e+01	-1.067570e+01
615.769	0.444	-0.404	6.307649e+01	9.678668e+00	-9.757464e+00
616.647	0.478	-0.434	5.864930e+01	8.997828e+00	-9.069555e+00
617.534	0.453	-0.408	6.311535e+01	9.490180e+00	-9.567379e+00
618.340	0.324	-0.354	8.017801e+01	1.205413e+01	-1.215056e+01
619.168	0.506	-0.503	5.387625e+01	8.098685e+00	-8.162288e+00
620.094	0.481	-0.421	6.025219e+01	9.055756e+00	-9.125521e+00
621.042	0.506	-0.467	5.708878e+01	8.488988e+00	-8.556735e+00
622.083	0.556	-0.534	4.991569e+01	7.504770e+00	-7.565144e+00
623.041	0.456	-0.402	6.254551e+01	9.595398e+00	-9.671710e+00
623.939	0.356	-0.442	6.817105e+01	1.025412e+01	-1.034131e+01
624.755	0.446	-0.459	6.013517e+01	9.047355e+00	-9.126270e+00
625.638	0.344	-0.437	6.867192e+01	1.054143e+01	-1.063147e+01
626.638	0.361	-0.657	5.189700e+01	8.128802e+00	-8.195955e+00
627.370	0.347	-0.370	7.595434e+01	1.143038e+01	-1.153315e+01
628.128	0.656	-0.411	5.101569e+01	7.677750e+00	-7.747172e+00
629.132	0.378	-0.348	7.388954e+01	1.134469e+01	-1.144398e+01
629.899	0.420	-0.389	6.625701e+01	1.017320e+01	-1.026260e+01
630.784	0.448	-0.465	5.876602e+01	9.021328e+00	-9.098895e+00
631.643	0.400	-0.411	6.712456e+01	1.009691e+01	-1.018296e+01
632.391	0.275	-0.347	8.766730e+01	1.318242e+01	-1.329020e+01
633.360	0.534	-0.694	4.322801e+01	6.763388e+00	-6.811660e+00
634.322	0.417	-0.428	6.474826e+01	9.728010e+00	-9.799500e+00
635.308	0.461	-0.569	5.231576e+01	8.016528e+00	-8.070885e+00
636.214	0.483	-0.446	5.891742e+01	8.852573e+00	-8.918231e+00
637.168	0.343	-0.470	6.628194e+01	1.016597e+01	-1.024416e+01
637.955	0.520	-0.444	5.674333e+01	8.535248e+00	-8.607878e+00
639.116	0.523	-0.641	4.631676e+01	7.112767e+00	-7.176527e+00
640.042	0.378	-0.403	7.005800e+01	1.055314e+01	-1.065833e+01
640.893	0.471	-0.474	5.791958e+01	8.725887e+00	-8.814095e+00
641.830	0.592	-0.466	5.168889e+01	7.784750e+00	-7.860936e+00
642.967	0.450	-0.545	5.395888e+01	8.286968e+00	-8.361879e+00
643.941	0.360	-0.524	6.033823e+01	9.264269e+00	-9.345536e+00
644.814	0.459	-0.512	5.576462e+01	8.390986e+00	-8.465372e+00
645.627	0.365	-0.354	7.422945e+01	1.139177e+01	-1.148629e+01
646.546	0.583	-0.554	4.764962e+01	7.166972e+00	-7.227540e+00
647.617	0.552	-0.488	4.890601e+01	7.974989e+00	-8.030823e+00
648.560	0.394	-0.390	6.904202e+01	1.038029e+01	-1.046370e+01
649.434	0.452	-0.480	5.810599e+01	8.734620e+00	-8.803338e+00
650.476	0.428	-0.589	5.162375e+01	8.076686e+00	-8.134044e+00
651.451	0.447	-0.547	5.446875e+01	8.185990e+00	-8.248529e+00
652.210	0.361	-0.311	8.054909e+01	1.210510e+01	-1.219715e+01
653.027	0.346	-0.456	6.649330e+01	1.019409e+01	-1.026822e+01
653.782	0.472	-0.409	6.172401e+01	9.275386e+00	-9.345277e+00
654.627	0.399	-0.374	6.958679e+01	1.066759e+01	-1.074441e+01
655.515	0.477	-0.489	5.476608e+01	8.567043e+00	-8.626622e+00
656.457	0.448	-0.465	5.887075e+01	9.027284e+00	-9.094726e+00
657.442	0.469	-0.538	5.417635e+01	8.145436e+00	-8.211045e+00
658.304	0.419	-0.392	6.014195e+01	1.044598e+01	-1.051109e+01
659.080	0.430	-0.357	6.937453e+01	1.043558e+01	-1.052475e+01
659.985	0.462	-0.476	5.818566e+01	8.754929e+00	-8.832181e+00
660.889	0.449	-0.442	6.120429e+01	9.210951e+00	-9.294073e+00
661.701	0.329	-0.363	7.763675e+01	1.192040e+01	-1.202510e+01
662.532	0.527	-0.501	5.305138e+01	7.985826e+00	-8.059771e+00
663.573	0.557	-0.514	5.093621e+01	7.668533e+00	-7.740665e+00
664.685	0.484	-0.555	5.233913e+01	7.880960e+00	-7.956330e+00
665.603	0.516	-0.434	5.718826e+01	8.611115e+00	-8.693464e+00
666.723	0.542	-0.604	4.312693e+01	7.338645e+00	-7.391912e+00
667.725	0.506	-0.460	5.623986e+01	8.463474e+00	-8.539491e+00
668.690	0.297	-0.459	6.968646e+01	1.091293e+01	-1.100075e+01
669.451	0.467	-0.464	5.839162e+01	8.783277e+00	-8.858111e+00
670.491	0.530	-0.574	4.851202e+01	7.442746e+00	-7.502231e+00
671.435	0.416	-0.415	6.684561e+01	9.944922e+00	-1.002940e+01
672.339	0.420	-0.488	6.121045e+01	9.106719e+00	-9.184240e+00
673.375	0.653	-0.617	4.277086e+01	6.432553e+00	-6.486306e+00
674.542	0.584	-0.513	4.875468e+01	7.480431e+00	-7.540677e+00
675.647	0.499	-0.520	5.363574e+01	8.068036e+00	-8.136918e+00
676.590	0.519	-0.444	5.595017e+01	8.588440e+00	-8.661655e+00
677.596	0.483	-0.487	5.639022e+01	8.488610e+00	-8.567403e+00
678.500	0.527	-0.421	5.766044e+01	8.683052e+00	-8.766945e+00
679.574	0.483	-0.547	5.307936e+01	7.997280e+00	-8.078737e+00
680.625	0.485	-0.569	5.191378e+01	7.821740e+00	-7.901486e+00
681.636	0.494	-0.526	5.363522e+01	8.074182e+00	-8.149429e+00
682.536	0.413	-0.407	6.565931e+01	1.007531e+01	-1.015767e+01
683.394	0.396	-0.445	6.497392e+01	9.766722e+00	-9.843264e+00
684.286	0.514	-0.495	5.338432e+01	8.181348e+00	-8.237886e+00
685.156	0.325	-0.357	8.024353e+01	1.204761e+01	-1.212788e+01
685.925	0.534	-0.444	5.531888e+01	8.304059e+00	-8.358029e+00
687.066	0.595	-0.606	4.412214e+01	6.756889e+00	-6.798727e+00
688.152	0.466	-0.492	5.535754e+01	8.477063e+00	-8.529146e+00
689.073	0.487	-0.456	5.705358e+01	8.563129e+00	-8.617506e+00
689.951	0.490	-0.390	6.016590e+01	9.212692e+00	-9.268636e+00
690.903	0.551	-0.461	5.314411e+01	7.977470e+00	-8.029196e+00
691.936	0.508	-0.483	5.346880e+01	8.191572e+00	-8.245515e+00
693.047	0.568	-0.603	4.456833e+01	6.970237e+00	-7.017157e+00
694.117	0.463	-0.501	5.494948e+01	8.425572e+00	-8.488103e+00
695.107	0.411	-0.527	5.651258e+01	8.669116e+00	-8.737319e+00
695.912	0.434	-0.395	6.488931e+01	9.760959e+00	-9.844425e+00
696.952	0.422	-0.606	5.316909e+01	8.001944e+00	-8.074415e+00
697.829	0.403	-0.454	6.386010e+01	9.615031e+00	-9.706271e+00
698.738	0.319	-0.506	6.633637e+01	9.993044e+00	-1.009316e+01
699.626	0.509	-0.569	5.002609e+01	7.690795e+00	-7.768339e+00
700.575	0.487	-0.440	5.818698e+01	8.947209e+00	-9.039268e+00
701.537	0.420	-0.474	5.934587e+01	9.305791e+00	-9.393153e+00
702.373	0.364	-0.415	6.815296e+01	1.068221e+01	-1.077779e+01
703.327	0.474	-0.590	4.991871e+01	7.820133e+00	-7.885954e+00
704.231	0.470	-0.430	5.991222e+01	9.194572e+00	-9.270881e+00
705.266	0.481	-0.565	5.076751e+01	7.946274e+00	-8.006253e+00
706.305	0.673	-0.558	4.380872e+01	6.719734e+00	-6.772007e+00
707.401	0.440	-0.423	6.123157e+01	9.583540e+00	-9.655278e+00
708.299	0.451	-0.458	5.979851e+01	8.991321e+00	-9.064332e+00
709.263	0.521	-0.512	5.180064e+01	7.945893e+00	-8.007999e+00
710.254	0.484	-0.470	5.529000e+01	8.653879e+00	-8.718931e+00
711.298	0.469	-0.561	5.277633e+01	7.935436e+00	-7.999844e+00
712.196	0.586	-0.428	5.279994e+01	8.098816e+00	-8.161753e+00
713.273	0.508	-0.491	5.437197e+01	8.174834e+00	-8.240664e+00
714.417	0.471	-0.635	4.764451e+01	7.456344e+00	-7.511513e+00
715.360	0.455	-0.472	5.776576e+01	8.860155e+00	-8.928655e+00
716.243	0.458	-0.428	6.136189e+01	9.228783e+00	-9.306123e+00
717.196	0.564	-0.495	5.058178e+01	7.763956e+00	-7.829711e+00
718.089	0.343	-0.329	8.127225e+01	1.223422e+01	-1.234782e+01
718.861	0.389	-0.429	6.580193e+01	1.010814e+01	-1.020189e+01
719.598	0.407	-0.348	7.138888e+01	1.097125e+01	-1.107800e+01
720.510	0.542	-0.506	5.333713e+01	7.952392e+00	-8.037445e+00
721.580	0.439	-0.527	5.659789e+01	8.531099e+00	-8.621788e+00
722.580	0.606	-0.562	4.685009e+01	7.062493e+00	-7.138287e+00
723.816	0.507	-0.630	4.736917e+01	7.284873e+00	-7.360941e+00
724.922	0.465	-0.599	5.139235e+01	7.749052e+00	-7.834096e+00
725.961	0.492	-0.574	5.130656e+01	7.736061e+00	-7.820905e+00
727.084	0.467	-0.631	4.905817e+01	7.544607e+00	-7.623372e+00
727.877	0.410	-0.326	7.423485e+01	1.119130e+01	-1.131207e+01
728.726	0.356	-0.439	7.147793e+01	1.065964e+01	-1.077623e+01
729.646	0.510	-0.564	5.190341e+01	7.823438e+00	-7.906548e+00
730.745	0.577	-0.588	4.713938e+01	7.245163e+00	-7.316323e+00
731.900	0.514	-0.578	5.028712e+01	7.722675e+00	-7.792093e+00
732.854	0.587	-0.440	5.433159e+01	8.173757e+00	-8.244604e+00
733.916	0.423	-0.475	5.926821e+01	9.466255e+00	-9.533530e+00
734.766	0.426	-0.426	6.544997e+01	9.835102e+00	-9.909024e+00
735.751	0.657	-0.560	4.514078e+01	6.918313e+00	-6.966432e+00
736.954	0.438	-0.546	5.497876e+01	8.599283e+00	-8.658069e+00
737.895	0.493	-0.503	5.598094e+01	8.412434e+00	-8.475893e+00
738.999	0.576	-0.610	4.649606e+01	6.988370e+00	-7.042335e+00
740.011	0.429	-0.436	6.267258e+01	9.421129e+00	-9.495295e+00
741.015	0.491	-0.575	5.084962e+01	7.644083e+00	-7.704476e+00
741.933	0.396	-0.427	6.578484e+01	9.888864e+00	-9.966604e+00
742.783	0.431	-0.453	6.035967e+01	9.256012e+00	-9.325578e+00
743.923	0.564	-0.709	4.189760e+01	6.424572e+00	-6.472534e+00
745.027	0.523	-0.539	5.102011e+01	7.668177e+00	-7.727232e+00
746.094	0.593	-0.544	4.550789e+01	7.264454e+00	-7.312083e+00
747.345	0.626	-0.659	4.091367e+01	6.396120e+00	-6.436679e+00
748.494	0.628	-0.523	4.636594e+01	7.100580e+00	-7.144618e+00
749.535	0.516	-0.413	5.659087e+01	8.840264e+00	-8.889871e+00
750.512	0.455	-0.461	5.915662e+01	8.874744e+00	-8.927277e+00
751.620	0.431	-0.653	5.002679e+01	7.507735e+00	-7.554697e+00
752.593	0.503	-0.543	5.181236e+01	7.778587e+00	-7.830013e+00
753.496	0.360	-0.400	7.027307e+01	1.076731e+01	-1.083946e+01
754.417	0.696	-0.560	4.250168e+01	6.514651e+00	-6.560760e+00
755.752	0.484	-0.640	4.820521e+01	7.245891e+00	-7.302475e+00
756.680	0.374	-0.443	6.537262e+01	1.002632e+01	-1.010326e+01
757.835	0.561	-0.782	3.974363e+01	6.096649e+00	-6.144528e+00
758.903	0.550	-0.506	5.051505e+01	7.750287e+00	-7.812466e+00
760.043	0.474	-0.589	5.095963e+01	7.665486e+00	-7.730928e+00
761.019	0.434	-0.502	5.725657e+01	8.786638e+00	-8.859180e+00
761.850	0.422	-0.397	6.547239e+01	1.004733e+01	-1.013016e+01
762.839	0.733	-0.567	4.183114e+01	6.292509e+00	-6.346387e+00
764.174	0.675	-0.602	4.194556e+01	6.436704e+00	-6.489547e+00
765.235	0.527	-0.385	5.780809e+01	9.051089e+00	-9.122231e+00
766.121	0.426	-0.358	6.829407e+01	1.047828e+01	-1.056259e+01
767.042	0.421	-0.495	5.937539e+01	8.928552e+00	-9.001906e+00
767.976	0.663	-0.513	4.486501e+01	7.021560e+00	-7.073719e+00
769.229	0.664	-0.590	4.206493e+01	6.582042e+00	-6.629645e+00
770.365	0.439	-0.472	5.882211e+01	9.019170e+00	-9.085900e+00
771.365	0.615	-0.561	4.425643e+01	7.068098e+00	-7.117837e+00
772.667	0.539	-0.687	4.383680e+01	6.725390e+00	-6.779060e+00
773.845	0.717	-0.639	3.902987e+01	6.111878e+00	-6.160847e+00
775.239	0.695	-0.677	3.857372e+01	6.042540e+00	-6.093076e+00
776.577	0.584	-0.643	4.444316e+01	6.687215e+00	-6.746280e+00
777.633	0.427	-0.472	6.072472e+01	9.134372e+00	-9.212349e+00
778.654	0.395	-0.594	5.515531e+01	8.294259e+00	-8.362703e+00
779.693	0.505	-0.645	4.747088e+01	7.136761e+00	-7.193738e+00
780.714	0.541	-0.516	5.162589e+01	7.759996e+00	-7.820527e+00
781.841	0.451	-0.587	5.164105e+01	7.918360e+00	-7.977202e+00
782.775	0.469	-0.483	5.692750e+01	8.555831e+00	-8.621514e+00
783.684	0.546	-0.440	5.497521e+01	8.261969e+00	-8.324955e+00
784.643	0.494	-0.413	5.971917e+01	8.974425e+00	-9.042355e+00
785.603	0.452	-0.466	5.813418e+01	8.912240e+00	-8.976740e+00
786.720	0.785	-0.665	3.680580e+01	5.642474e+00	-5.683285e+00
787.873	0.456	-0.368	6.578014e+01	9.884788e+00	-9.959152e+00
788.886	0.354	-0.557	6.080672e+01	9.039132e+00	-9.108585e+00
789.705	0.425	-0.466	5.895708e+01	9.222495e+00	-9.286488e+00
790.626	0.521	-0.495	5.333937e+01	8.015313e+00	-8.075613e+00
791.661	0.341	-0.515	6.236372e+01	9.560809e+00	-9.630163e+00
792.646	0.450	-0.644	4.898128e+01	7.509374e+00	-7.564034e+00
793.675	0.534	-0.578	4.758049e+01	7.443464e+00	-7.495686e+00
794.810	0.477	-0.601	4.983580e+01	7.640797e+00	-7.696827e+00
795.939	0.654	-0.652	3.988478e+01	6.369161e+00	-6.413230e+00
797.044	0.532	-0.451	5.545026e+01	8.337358e+00	-8.404900e+00
797.954	0.339	-0.378	7.608725e+01	1.144316e+01	-1.153875e+01
798.641	0.391	-0.348	7.388713e+01	1.111483e+01	-1.121024e+01
799.390	0.472	-0.358	6.565994e+01	9.879342e+00	-9.966305e+00
800.440	0.730	-0.577	4.108908e+01	6.307682e+00	-6.361905e+00
801.814	0.625	-0.644	4.300606e+01	6.467186e+00	-6.520489e+00
803.135	0.476	-0.696	4.498534e+01	7.037248e+00	-7.086392e+00
804.068	0.417	-0.457	6.203043e+01	9.317363e+00	-9.383569e+00
804.904	0.531	-0.419	5.703549e+01	8.564008e+00	-8.621856e+00
806.036	0.580	-0.601	4.586894e+01	6.886741e+00	-6.932692e+00
807.066	0.473	-0.450	5.779959e+01	8.855313e+00	-8.913872e+00
808.015	0.483	-0.476	5.565380e+01	8.528118e+00	-8.586031e+00
809.026	0.542	-0.527	4.991322e+01	7.650052e+00	-7.703566e+00
810.043	0.403	-0.475	5.979336e+01	9.353225e+00	-9.418041e+00
810.979	0.575	-0.532	4.896616e+01	7.358932e+00	-7.415069e+00
812.051	0.415	-0.498	5.757857e+01	9.008693e+00	-9.073027e+00
812.815	0.426	-0.349	6.985584e+01	1.050020e+01	-1.058213e+01
813.765	0.475	-0.523	5.353174e+01	8.209558e+00	-8.271851e+00
814.810	0.548	-0.571	4.784051e+01	7.337497e+00	-7.393910e+00
816.027	0.687	-0.669	3.949067e+01	6.057565e+00	-6.104855e+00
817.380	0.648	-0.665	4.139914e+01	6.225760e+00	-6.277290e+00
818.573	0.494	-0.545	5.231676e+01	7.868630e+00	-7.934801e+00
819.666	0.264	-0.599	6.299537e+01	9.476001e+00	-9.556967e+00
820.564	0.654	-0.634	4.092616e+01	6.408614e+00	-6.459743e+00
821.616	0.400	-0.399	6.804748e+01	1.023825e+01	-1.032804e+01
822.554	0.594	-0.537	4.731376e+01	7.262768e+00	-7.324713e+00
823.783	0.505	-0.635	4.622599e+01	7.241032e+00	-7.301359e+00
824.713	0.470	-0.425	6.061007e+01	9.122527e+00	-9.205871e+00
825.688	0.514	-0.505	5.235637e+01	8.038447e+00	-8.108661e+00
826.736	0.516	-0.534	5.162719e+01	7.767779e+00	-7.835989e+00
827.910	0.688	-0.658	3.963075e+01	6.080829e+00	-6.130088e+00
829.285	0.687	-0.686	3.945627e+01	5.932201e+00	-5.979917e+00
830.542	0.388	-0.569	5.661681e+01	8.509579e+00	-8.575347e+00
831.567	0.611	-0.638	4.339002e+01	6.520405e+00	-6.569639e+00
832.747	0.526	-0.568	4.803351e+01	7.512693e+00	-7.563778e+00
834.070	0.610	-0.797	3.676534e+01	5.867557e+00	-5.904728e+00
835.123	0.505	-0.443	5.696531e+01	8.728560e+00	-8.787318e+00
836.292	0.571	-0.664	4.538096e+01	6.816088e+00	-6.864108e+00
837.509	0.524	-0.646	4.714100e+01	7.224316e+00	-7.274019e+00
838.669	0.778	-0.635	3.906648e+01	5.987545e+00	-6.029370e+00
840.012	0.371	-0.566	5.976305e+01	8.979512e+00	-9.045991e+00
840.843	0.466	-0.459	6.056578e+01	9.101994e+00	-9.171231e+00
841.832	0.513	-0.523	5.248035e+01	8.212973e+00	-8.273564e+00
842.992	0.631	-0.648	4.380250e+01	6.588345e+00	-6.644041e+00
844.154	0.388	-0.530	6.103487e+01	9.184924e+00	-9.267275e+00
845.040	0.672	-0.499	4.714156e+01	7.239297e+00	-7.304055e+00
846.244	0.610	-0.532	4.651955e+01	7.288815e+00	-7.351372e+00
847.393	0.511	-0.538	5.189752e+01	7.810439e+00	-7.881037e+00
848.494	0.487	-0.589	5.061057e+01	7.614998e+00	-7.682049e+00
849.676	0.491	-0.696	4.590610e+01	6.905490e+00	-6.964615e+00
850.860	0.588	-0.693	4.252701e+01	6.398045e+00	-6.453693e+00
852.209	0.555	-0.761	4.229827e+01	6.299495e+00	-6.359676e+00
853.319	0.504	-0.555	5.068466e+01	7.788390e+00	-7.863170e+00
854.422	0.553	-0.598	4.661108e+01	7.166749e+00	-7.240000e+00
855.365	0.474	-0.390	6.300310e+01	9.500247e+00	-9.605024e+00
856.293	0.470	-0.454	5.808920e+01	8.930957e+00	-9.021596e+00
857.272	0.520	-0.510	5.275782e+01	7.947123e+00	-8.026316e+00
858.358	0.550	-0.565	4.798289e+01	7.368720e+00	-7.434863e+00
859.485	0.663	-0.577	4.316395e+01	6.625019e+00	-6.680772e+00
860.743	0.756	-0.595	3.963804e+01	6.080549e+00	-6.128398e+00
862.273	0.793	-0.774	3.414940e+01	5.235938e+00	-5.274505e+00
863.549	0.365	-0.483	6.403937e+01	9.620698e+00	-9.690607e+00
864.542	0.717	-0.628	3.979547e+01	6.097597e+00	-6.138549e+00
865.862	0.696	-0.603	4.184410e+01	6.285223e+00	-6.329863e+00
867.180	0.705	-0.622	4.041799e+01	6.199143e+00	-6.246877e+00
868.539	0.677	-0.654	3.920382e+01	6.267640e+00	-6.318303e+00
869.844	0.632	-0.628	4.338284e+01	6.537277e+00	-6.604826e+00
870.974	0.404	-0.498	6.058108e+01	9.130203e+00	-9.225937e+00
872.054	0.681	-0.677	3.964759e+01	6.091649e+00	-6.149375e+00
873.183	0.525	-0.448	5.445755e+01	8.531878e+00	-8.604406e+00
874.232	0.490	-0.524	5.388523e+01	8.106740e+00	-8.177138e+00
875.384	0.542	-0.661	4.543653e+01	6.832581e+00	-6.888796e+00
876.588	0.681	-0.662	4.068157e+01	6.117888e+00	-6.168565e+00
877.710	0.501	-0.442	5.698024e+01	8.742871e+00	-8.813678e+00
878.725	0.627	-0.513	4.623317e+01	7.238965e+00	-7.296041e+00
879.852	0.370	-0.500	6.248910e+01	9.401141e+00	-9.482773e+00
880.815	0.485	-0.593	5.042440e+01	7.586242e+00	-7.652286e+00
881.918	0.653	-0.618	4.279782e+01	6.438365e+00	-6.493936e+00
883.167	0.534	-0.597	4.659615e+01	7.295850e+00	-7.353426e+00
884.225	0.603	-0.523	4.827420e+01	7.261068e+00	-7.322586e+00
885.322	0.504	-0.494	5.364722e+01	8.231132e+00	-8.297463e+00
886.392	0.545	-0.566	4.896983e+01	7.363970e+00	-7.424622e+00
887.525	0.642	-0.589	4.415810e+01	6.639279e+00	-6.692846e+00
888.803	0.538	-0.636	4.644542e+01	6.981903e+00	-7.036957e+00
889.991	0.764	-0.649	3.864573e+01	5.808627e+00	-5.853644e+00
891.390	0.733	-0.636	3.990186e+01	5.999569e+00	-6.048201e+00
892.622	0.485	-0.499	5.548749e+01	8.347391e+00	-8.419474e+00
893.794	0.511	-0.688	4.552686e+01	6.852606e+00	-6.915495e+00
894.873	0.582	-0.568	4.678320e+01	7.187080e+00	-7.254244e+00
895.956	0.602	-0.501	4.949118e+01	7.454219e+00	-7.527641e+00
897.183	0.727	-0.625	3.976517e+01	6.108200e+00	-6.164531e+00
898.590	0.647	-0.680	4.051143e+01	6.221157e+00	-6.276822e+00
900.016	0.740	-0.779	3.469622e+01	5.546399e+00	-5.590620e+00
901.360	0.595	-0.604	4.604550e+01	6.923550e+00	-6.979910e+00
902.497	0.500	-0.541	5.305070e+01	7.970741e+00	-8.029532e+00
903.550	0.610	-0.553	4.602155e+01	7.193535e+00	-7.238074e+00
904.690	0.530	-0.530	5.207201e+01	7.813297e+00	-7.860869e+00
905.826	0.665	-0.605	4.346699e+01	6.521073e+00	-6.559775e+00
907.047	0.550	-0.557	4.989496e+01	7.489111e+00	-7.537068e+00
908.305	0.716	-0.708	3.703724e+01	5.909850e+00	-5.946215e+00
909.542	0.580	-0.521	4.999802e+01	7.513256e+00	-7.569829e+00
910.794	0.532	-0.673	4.489064e+01	6.748012e+00	-6.801053e+00
912.019	0.581	-0.693	4.180479e+01	6.409809e+00	-6.457132e+00
913.123	0.460	-0.522	5.339359e+01	8.352238e+00	-8.410219e+00
914.439	0.786	-0.857	3.292568e+01	4.946785e+00	-4.983053e+00
915.844	0.743	-0.620	3.967471e+01	5.960938e+00	-6.004812e+00
917.305	0.543	-0.718	4.286393e+01	6.443040e+00	-6.493371e+00
918.485	0.509	-0.636	4.505446e+01	7.197516e+00	-7.250138e+00
919.619	0.516	-0.625	4.741125e+01	7.132565e+00	-7.194303e+00
920.638	0.627	-0.503	4.646698e+01	7.277219e+00	-7.336262e+00
921.957	0.592	-0.693	4.154026e+01	6.373626e+00	-6.425062e+00
923.056	0.489	-0.507	5.437844e+01	8.175918e+00	-8.241869e+00
924.151	0.499	-0.606	4.903667e+01	7.370367e+00	-7.427423e+00
925.222	0.599	-0.572	4.627896e+01	6.953869e+00	-7.005714e+00
926.316	0.673	-0.496	4.565068e+01	6.996800e+00	-7.045799e+00
927.682	0.634	-0.692	4.087466e+01	6.139799e+00	-6.183588e+00
928.855	0.474	-0.540	5.181155e+01	8.100748e+00	-8.153030e+00
930.027	0.738	-0.698	3.716541e+01	5.694013e+00	-5.731670e+00
931.350	0.555	-0.585	4.750085e+01	7.134176e+00	-7.184132e+00
932.440	0.714	-0.535	4.205989e+01	6.577319e+00	-6.620990e+00
933.792	0.645	-0.638	4.222544e+01	6.344705e+00	-6.391926e+00
935.130	0.487	-0.693	4.592003e+01	6.901692e+00	-6.954887e+00
936.317	0.497	-0.701	4.455529e+01	6.833615e+00	-6.886142e+00
937.717	0.700	-0.903	3.327987e+01	5.106256e+00	-5.147508e+00
939.012	0.643	-0.595	4.308212e+01	6.612788e+00	-6.668770e+00
940.162	0.586	-0.507	4.808758e+01	7.533283e+00	-7.596699e+00
941.251	0.690	-0.503	4.537316e+01	6.826299e+00	-6.885734e+00
942.461	0.502	-0.520	5.198963e+01	7.974515e+00	-8.036479e+00
943.503	0.548	-0.541	4.800891e+01	7.510280e+00	-7.562771e+00
944.761	0.687	-0.710	3.626391e+01	5.907366e+00	-5.942659e+00
946.041	0.457	-0.593	5.134870e+01	7.712558e+00	-7.767026e+00
947.405	0.661	-0.908	3.434959e+01	5.162488e+00	-5.202092e+00
948.620	0.504	-0.553	5.100332e+01	7.669991e+00	-7.733395e+00
949.901	0.605	-0.777	3.840229e+01	5.895181e+00	-5.945811e+00
951.199	0.651	-0.693	4.012686e+01	6.041426e+00	-6.098516e+00
952.302	0.519	-0.453	5.546985e+01	8.354284e+00	-8.436138e+00
953.433	0.796	-0.613	3.819727e+01	5.754865e+00	-5.813293e+00
955.104	0.807	-0.875	3.152945e+01	4.847277e+00	-4.896228e+00
956.438	0.539	-0.527	4.897966e+01	7.676782e+00	-7.745239e+00
957.624	0.500	-0.647	4.619520e+01	7.088775e+00	-7.146921e+00
958.809	0.690	-0.685	3.913576e+01	5.881453e+00	-5.926220e+00
960.442	0.543	-0.942	3.623008e+01	5.439864e+00	-5.476452e+00
961.627	0.734	-0.641	3.913555e+01	5.877413e+00	-5.918203e+00
962.967	0.532	-0.606	4.734075e+01	7.112893e+00	-7.165411e+00
964.343	0.741	-0.844	3.313178e+01	5.184352e+00	-5.221956e+00
965.848	0.729	-0.764	3.573262e+01	5.481254e+00	-5.524190e+00
967.261	0.653	-0.684	4.047781e+01	6.085352e+00	-6.133863e+00
968.583	0.644	-0.669	4.124501e+01	6.199675e+00	-6.248086e+00
969.717	0.448	-0.490	5.775865e+01	8.680611e+00	-8.747117e+00
970.902	0.636	-0.737	3.883389e+01	5.953708e+00	-5.997086e+00
972.205	0.382	-0.666	5.167977e+01	7.766247e+00	-7.824992e+00
973.185	0.611	-0.598	4.341242e+01	6.791111e+00	-6.838456e+00
974.547	0.721	-0.751	3.647526e+01	5.591857e+00	-5.632357e+00
976.039	0.635	-0.771	3.821318e+01	5.859186e+00	-5.902513e+00
977.355	0.701	-0.681	3.885267e+01	5.959242e+00	-6.005305e+00
978.647	0.562	-0.591	4.658740e+01	7.147958e+00	-7.205579e+00
979.736	0.528	-0.528	5.168784e+01	7.776161e+00	-7.843693e+00
980.893	0.631	-0.629	4.263874e+01	6.544251e+00	-6.599167e+00
982.241	0.799	-0.717	3.597537e+01	5.410888e+00	-5.456452e+00
983.867	0.736	-0.828	3.487062e+01	5.242735e+00	-5.284888e+00
984.957	0.446	-0.355	6.697684e+01	1.027074e+01	-1.034793e+01
986.085	0.789	-0.682	3.644026e+01	5.588379e+00	-5.630730e+00
987.454	0.503	-0.579	5.032522e+01	7.567565e+00	-7.629667e+00
988.458	0.400	-0.502	6.078351e+01	9.222321e+00	-9.298799e+00
989.629	0.665	-0.771	3.734359e+01	5.731541e+00	-5.779633e+00
991.032	0.682	-0.738	3.834312e+01	5.770018e+00	-5.821645e+00
992.214	0.507	-0.500	5.405972e+01	8.135393e+00	-8.208471e+00
993.378	0.731	-0.657	3.863643e+01	5.931574e+00	-5.982973e+00
994.913	0.863	-0.804	3.263966e+01	4.912209e+00	-4.956637e+00
996.546	0.645	-0.770	3.783781e+01	5.807661e+00	-5.856662e+00
997.930	0.631	-0.740	3.961392e+01	5.958335e+00	-6.008700e+00
999.127	0.623	-0.566	4.572140e+01	6.875076e+00	-6.931297e+00
1000.541	0.736	-0.791	3.559711e+01	5.351515e+00	-5.394095e+00
1001.871	0.738	-0.594	4.016162e+01	6.159758e+00	-6.207119e+00
1003.392	0.600	-0.782	3.930802e+01	5.910166e+00	-5.957957e+00
1004.831	0.538	-0.839	3.886441e+01	5.961764e+00	-6.008569e+00
1006.044	0.465	-0.675	4.624425e+01	7.238888e+00	-7.294137e+00
1007.280	0.807	-0.771	3.240032e+01	5.284134e+00	-5.321824e+00
1008.882	0.577	-0.794	3.847243e+01	6.023816e+00	-6.071301e+00
1010.045	0.487	-0.586	5.072109e+01	7.630449e+00	-7.696444e+00
1011.027	0.535	-0.495	5.282358e+01	7.947473e+00	-8.016945e+00
1012.212	0.865	-0.650	3.589836e+01	5.401627e+00	-5.449458e+00
1013.784	0.545	-0.706	4.285004e+01	6.578371e+00	-6.635284e+00
1014.874	0.461	-0.546	5.403678e+01	8.132888e+00	-8.206905e+00
1015.949	0.651	-0.614	4.301663e+01	6.474119e+00	-6.532872e+00
1017.222	0.584	-0.622	4.442770e+01	6.820058e+00	-6.878540e+00
1018.299	0.644	-0.493	4.714116e+01	7.235679e+00	-7.296790e+00
1019.865	0.694	-0.922	3.317406e+01	5.091114e+00	-5.133344e+00
1021.227	0.814	-0.668	3.671489e+01	5.524780e+00	-5.573995e+00
1022.640	0.677	-0.599	4.265493e+01	6.422535e+00	-6.483725e+00
1024.018	0.685	-0.701	3.866863e+01	5.943107e+00	-6.001344e+00
1025.524	0.773	-0.821	3.413338e+01	5.144574e+00	-5.198842e+00
1026.870	0.650	-0.574	4.446367e+01	6.696395e+00	-6.761746e+00
1028.170	0.827	-0.649	3.694949e+01	5.560467e+00	-5.610393e+00
1029.729	0.627	-0.732	4.014150e+01	6.035487e+00	-6.084299e+00
1031.052	0.557	-0.696	4.356201e+01	6.548903e+00	-6.600990e+00
1032.197	0.482	-0.588	5.102771e+01	7.673891e+00	-7.737558e+00
1033.185	0.481	-0.506	5.525787e+01	8.312756e+00	-8.384447e+00
1034.582	0.819	-0.916	3.145422e+01	4.733986e+00	-4.776989e+00
1036.019	0.762	-0.619	3.892420e+01	5.977438e+00	-6.030948e+00
1037.601	0.865	-0.820	3.178181e+01	4.880235e+00	-4.923542e+00
1039.198	0.503	-0.732	4.298669e+01	6.600283e+00	-6.658335e+00
1040.351	0.680	-0.651	3.988289e+01	6.122791e+00	-6.175702e+00
1041.687	0.533	-0.655	4.534424e+01	6.819724e+00	-6.876860e+00
1042.707	0.577	-0.487	5.065197e+01	7.613835e+00	-7.673456e+00
1044.133	0.763	-0.849	3.343214e+01	5.022132e+00	-5.058223e+00
1045.402	0.658	-0.506	4.631413e+01	6.954072e+00	-7.000948e+00
1046.847	0.684	-0.787	3.662606e+01	5.499360e+00	-5.536384e+00
1047.983	0.604	-0.453	5.022383e+01	7.693914e+00	-7.744074e+00
1049.393	0.909	-0.806	3.124706e+01	4.787150e+00	-4.818684e+00
1051.007	0.744	-0.704	3.702157e+01	5.673175e+00	-5.711868e+00
1052.349	0.517	-0.598	4.732674e+01	7.403275e+00	-7.454728e+00
1053.391	0.491	-0.525	5.196997e+01	8.132166e+00	-8.191226e+00
1054.422	0.522	-0.540	4.970525e+01	7.780460e+00	-7.839643e+00
1055.485	0.553	-0.541	4.975161e+01	7.483525e+00	-7.547164e+00
1056.733	0.597	-0.694	4.308149e+01	6.409455e+00	-6.463927e+00
1058.268	1.106	-0.938	2.662990e+01	4.003712e+00	-4.035857e+00
1060.134	0.786	-0.760	3.498646e+01	5.258356e+00	-5.298844e+00
1061.455	0.603	-0.535	4.749798e+01	7.137510e+00	-7.191189e+00
1062.702	0.524	-0.643	4.564063e+01	6.995836e+00	-7.045395e+00
1063.855	0.576	-0.629	4.422538e+01	6.777978e+00	-6.825081e+00
1065.049	0.618	-0.619	4.307947e+01	6.601597e+00	-6.646730e+00
1066.302	0.724	-0.635	3.738735e+01	6.091165e+00	-6.128332e+00
1067.843	0.796	-0.817	3.301017e+01	5.059701e+00	-5.095420e+00
1069.367	0.524	-0.727	4.324175e+01	6.497985e+00	-6.546912e+00
1070.773	0.759	-0.883	3.304798e+01	4.967049e+00	-5.005334e+00
1072.108	0.675	-0.575	4.208691e+01	6.585729e+00	-6.633604e+00
1073.415	0.674	-0.632	4.093695e+01	6.279007e+00	-6.327620e+00
1074.812	0.667	-0.722	3.847318e+01	5.902087e+00	-5.948763e+00
1076.101	0.694	-0.623	4.060531e+01	6.228929e+00	-6.277945e+00
1077.777	1.068	-0.982	2.608309e+01	4.000090e+00	-4.030463e+00
1079.551	0.641	-0.706	3.786847e+01	6.171896e+00	-6.211878e+00
1080.858	0.835	-0.667	3.585859e+01	5.387259e+00	-5.426591e+00
1082.380	0.614	-0.687	3.993779e+01	6.243226e+00	-6.282490e+00
1083.795	0.721	-0.802	3.516702e+01	5.278477e+00	-5.312271e+00
1085.101	0.581	-0.584	4.595810e+01	6.895834e+00	-6.937736e+00
1086.249	0.624	-0.568	4.492919e+01	6.742089e+00	-6.783664e+00
1087.538	0.615	-0.664	4.123603e+01	6.314902e+00	-6.353998e+00
1088.722	0.523	-0.569	4.902788e+01	7.361339e+00	-7.410763e+00
1089.858	0.622	-0.613	4.337553e+01	6.514594e+00	-6.560213e+00
1091.170	0.537	-0.690	4.187897e+01	6.684442e+00	-6.727552e+00
1092.360	0.749	-0.653	3.878715e+01	5.828485e+00	-5.872270e+00
1093.675	0.584	-0.565	4.731343e+01	7.111617e+00	-7.166927e+00
1094.922	0.777	-0.663	3.720975e+01	5.707095e+00	-5.751054e+00
1096.500	0.646	-0.802	3.698121e+01	5.669831e+00	-5.711304e+00
1097.801	0.738	-0.655	3.844564e+01	5.891179e+00	-5.931145e+00
1099.087	0.771	-0.548	4.124758e+01	6.192164e+00	-6.232779e+00
1100.711	0.552	-0.853	3.752101e+01	5.862615e+00	-5.896772e+00
1101.900	0.580	-0.637	4.338413e+01	6.782631e+00	-6.825934e+00
1103.013	0.380	-0.533	6.108381e+01	9.080535e+00	-9.150519e+00
1104.128	0.722	-0.735	3.686435e+01	5.655652e+00	-5.700756e+00
1105.616	0.691	-0.766	3.742919e+01	5.632226e+00	-5.682358e+00
1107.109	1.036	-0.802	2.943921e+01	4.555066e+00	-4.590990e+00
1108.841	0.713	-0.696	3.753683e+01	5.872336e+00	-5.913633e+00
1109.988	0.534	-0.434	5.634975e+01	8.464951e+00	-8.525945e+00
1111.310	0.815	-0.788	3.402301e+01	5.111030e+00	-5.147894e+00
1112.926	0.759	-0.801	3.388927e+01	5.301128e+00	-5.337836e+00
1114.426	0.648	-0.741	3.863769e+01	5.924746e+00	-5.969024e+00
1116.014	0.722	-0.939	3.280362e+01	4.932220e+00	-4.972130e+00
1117.522	0.840	-0.786	3.301594e+01	5.065925e+00	-5.107016e+00
1119.221	0.844	-0.859	3.153193e+01	4.840017e+00	-4.881091e+00
1120.818	0.848	-0.753	3.301542e+01	5.171748e+00	-5.214911e+00
1122.383	0.727	-0.717	3.773282e+01	5.677922e+00	-5.728468e+00
1123.721	0.612	-0.611	4.462274e+01	6.713846e+00	-6.772752e+00
1124.902	0.694	-0.569	4.318421e+01	6.496704e+00	-6.552994e+00
1126.583	0.840	-0.987	2.940445e+01	4.513020e+00	-4.550877e+00
1128.116	0.608	-0.692	4.004584e+01	6.400839e+00	-6.451132e+00
1129.509	0.603	-0.785	3.871558e+01	5.943587e+00	-5.994949e+00
1130.724	0.525	-0.612	4.798248e+01	7.221107e+00	-7.286246e+00
1132.111	0.870	-0.863	3.100457e+01	4.759102e+00	-4.799523e+00
1133.819	0.609	-0.838	3.712904e+01	5.698064e+00	-5.745322e+00
1134.964	0.567	-0.536	4.715826e+01	7.535236e+00	-7.591976e+00
1136.190	0.690	-0.659	3.979225e+01	6.105815e+00	-6.155483e+00
1137.897	0.883	-1.017	2.867478e+01	4.313236e+00	-4.349956e+00
1139.546	0.755	-0.766	3.527793e+01	5.413649e+00	-5.458211e+00
1141.145	0.702	-0.844	3.417790e+01	5.353692e+00	-5.398218e+00
1142.507	0.776	-0.660	3.794848e+01	5.715196e+00	-5.770986e+00
1144.128	0.753	-0.845	3.360676e+01	5.167771e+00	-5.221126e+00
1145.555	0.626	-0.675	4.290552e+01	6.470621e+00	-6.542904e+00
1146.820	0.489	-0.639	4.947054e+01	7.451573e+00	-7.525446e+00
1148.042	0.697	-0.733	3.900978e+01	5.869592e+00	-5.921357e+00
1149.494	0.928	-0.755	3.315423e+01	4.982738e+00	-5.020874e+00
1151.311	0.727	-0.889	3.402113e+01	5.214047e+00	-5.250254e+00
1152.921	0.961	-0.884	2.887580e+01	4.610193e+00	-4.641144e+00
1154.727	0.928	-0.844	3.140732e+01	4.721741e+00	-4.759411e+00
1156.457	0.670	-0.803	3.620357e+01	5.552327e+00	-5.594652e+00
1157.797	0.955	-0.670	3.283259e+01	5.034169e+00	-5.071378e+00
1159.538	0.805	-0.786	3.404426e+01	5.115092e+00	-5.152839e+00
1161.039	0.705	-0.697	3.862393e+01	5.802903e+00	-5.845456e+00
1162.471	0.588	-0.726	4.056373e+01	6.218695e+00	-6.263788e+00
1163.722	0.855	-0.663	3.568043e+01	5.362774e+00	-5.404182e+00
1165.454	0.750	-0.878	3.229363e+01	5.054175e+00	-5.091807e+00
1167.122	0.894	-0.917	2.927290e+01	4.584328e+00	-4.621406e+00
1169.000	0.806	-0.984	3.008297e+01	4.621392e+00	-4.664468e+00
1170.498	0.841	-0.692	3.643852e+01	5.431033e+00	-5.487241e+00
1172.337	0.929	-0.998	2.751594e+01	4.309709e+00	-4.345110e+00
1174.081	0.690	-0.815	3.577284e+01	5.485048e+00	-5.525647e+00
1175.641	0.739	-0.870	3.398993e+01	5.105151e+00	-5.141082e+00
1177.210	0.666	-0.830	3.721314e+01	5.589700e+00	-5.629467e+00
1178.806	0.701	-0.930	3.428479e+01	5.150562e+00	-5.187914e+00
1180.272	0.746	-0.764	3.647172e+01	5.590677e+00	-5.630539e+00
1181.961	0.848	-0.944	3.122007e+01	4.693161e+00	-4.730176e+00
1183.401	0.492	-0.592	5.084438e+01	7.801096e+00	-7.863967e+00
1184.854	0.768	-0.961	3.234499e+01	4.867047e+00	-4.910242e+00
1186.371	0.920	-0.749	3.351665e+01	5.042701e+00	-5.086798e+00
1187.991	0.732	-0.700	3.750648e+01	5.753714e+00	-5.799143e+00
1189.569	0.846	-0.846	3.202948e+01	4.814147e+00	-4.851429e+00
1191.142	0.670	-0.727	3.880206e+01	5.830783e+00	-5.874642e+00
1192.548	0.799	-0.736	3.369731e+01	5.379778e+00	-5.415697e+00
1194.005	0.701	-0.658	3.986879e+01	5.991212e+00	-6.036407e+00
1195.511	0.654	-0.805	3.714618e+01	5.581460e+00	-5.622957e+00
1197.015	0.877	-0.850	2.994917e+01	4.778687e+00	-4.807940e+00
1198.609	0.645	-0.716	4.066692e+01	6.103758e+00	-6.142606e+00
1200.076	0.825	-0.823	3.268677e+01	5.105288e+00	-5.133151e+00
1201.755	0.582	-0.853	3.867427e+01	5.802073e+00	-5.836525e+00
1203.179	0.948	-0.842	3.102408e+01	4.655099e+00	-4.683440e+00
1204.857	0.717	-0.730	3.722994e+01	5.816881e+00	-5.850528e+00
1206.513	0.784	-0.940	3.220856e+01	4.834030e+00	-4.864604e+00
1207.992	0.718	-0.694	3.752835e+01	5.984794e+00	-6.018306e+00
1209.404	0.947	-0.695	3.411054e+01	5.119443e+00	-5.151779e+00
1211.076	0.692	-0.724	3.900820e+01	5.973822e+00	-6.010892e+00
1212.596	0.835	-0.828	3.270112e+01	5.111849e+00	-5.143888e+00
1214.245	0.734	-0.813	3.514348e+01	5.495598e+00	-5.531957e+00
1215.834	0.727	-0.854	3.546260e+01	5.328447e+00	-5.368018e+00
1217.299	0.920	-0.738	3.382680e+01	5.082771e+00	-5.120628e+00
1219.126	0.933	-0.907	3.039207e+01	4.566739e+00	-4.600817e+00
1220.904	0.809	-0.845	3.357324e+01	5.044028e+00	-5.080962e+00
1222.413	0.692	-0.700	3.932433e+01	6.025072e+00	-6.065209e+00
1224.042	0.950	-0.937	2.898392e+01	4.439057e+00	-4.466971e+00
1226.002	0.915	-1.010	2.885676e+01	4.329481e+00	-4.355449e+00
1227.787	0.923	-0.870	3.097501e+01	4.644412e+00	-4.669583e+00
1229.643	0.847	-0.932	3.059655e+01	4.678037e+00	-4.699998e+00
1231.385	0.732	-0.896	3.326126e+01	4.985704e+00	-5.011347e+00
1232.886	0.685	-0.769	3.725082e+01	5.588595e+00	-5.621856e+00
1234.435	0.978	-0.863	2.851773e+01	4.458309e+00	-4.486658e+00
1236.236	0.763	-0.824	3.360398e+01	5.150648e+00	-5.186939e+00
1237.862	0.858	-0.863	3.217176e+01	4.779648e+00	-4.813629e+00
1239.487	0.665	-0.767	3.723560e+01	5.703125e+00	-5.739252e+00
1241.030	0.892	-0.878	3.075224e+01	4.709903e+00	-4.739536e+00
1242.702	0.800	-0.780	3.336273e+01	5.434092e+00	-5.465896e+00
1244.250	0.617	-0.748	4.048676e+01	6.204885e+00	-6.247895e+00
1245.550	0.776	-0.683	3.845061e+01	5.777602e+00	-5.820698e+00
1247.146	0.825	-0.820	3.408593e+01	5.122154e+00	-5.160746e+00
1248.773	1.025	-0.802	3.070051e+01	4.613679e+00	-4.648694e+00
1250.617	0.938	-0.818	3.191564e+01	4.796051e+00	-4.832217e+00
1252.315	0.689	-0.761	3.600375e+01	5.629994e+00	-5.667113e+00
1253.571	0.675	-0.567	4.269243e+01	6.540554e+00	-6.583579e+00
1254.884	0.859	-0.638	3.597611e+01	5.400808e+00	-5.436239e+00
1256.794	0.676	-1.052	3.115942e+01	4.679232e+00	-4.711399e+00
1258.558	0.928	-1.088	2.670444e+01	4.012579e+00	-4.042470e+00
1260.254	1.021	-0.768	3.007520e+01	4.521239e+00	-4.557077e+00
1261.921	0.639	-0.646	4.168059e+01	6.390557e+00	-6.437531e+00
1263.259	0.758	-0.699	3.647629e+01	5.822332e+00	-5.860108e+00
1264.847	0.826	-0.830	3.310190e+01	5.071842e+00	-5.105765e+00
1266.512	0.742	-0.838	3.417295e+01	5.342491e+00	-5.376523e+00
1268.326	0.764	-1.072	3.032005e+01	4.553913e+00	-4.585927e+00
1269.996	0.848	-0.906	3.125553e+01	4.789835e+00	-4.822743e+00
1271.604	0.777	-0.760	3.512238e+01	5.493239e+00	-5.530507e+00
1273.209	1.127	-0.828	2.802243e+01	4.211178e+00	-4.243102e+00
1275.283	0.847	-0.947	2.939285e+01	4.599345e+00	-4.632754e+00
1277.083	0.893	-0.954	2.809920e+01	4.487666e+00	-4.519251e+00
1279.072	0.966	-1.096	2.635888e+01	3.962788e+00	-3.994425e+00
1281.002	0.783	-0.964	3.111015e+01	4.676131e+00	-4.712507e+00
1282.526	0.873	-0.741	3.266564e+01	5.108879e+00	-5.143422e+00
1284.188	0.810	-0.789	3.476453e+01	5.220503e+00	-5.256282e+00
1286.068	0.883	-1.069	2.772630e+01	4.333517e+00	-4.360031e+00
1287.879	1.110	-0.929	2.736612e+01	4.109286e+00	-4.137239e+00
1289.815	0.772	-0.826	3.387005e+01	5.295650e+00	-5.329886e+00
1291.235	0.522	-0.649	4.694367e+01	7.194402e+00	-7.244223e+00
1292.752	0.948	-0.995	2.871952e+01	4.315528e+00	-4.347838e+00
1294.364	0.663	-0.664	3.994212e+01	6.249590e+00	-6.294498e+00
1295.955	0.883	-0.928	2.931456e+01	4.495209e+00	-4.528884e+00
1297.640	0.826	-0.802	3.311394e+01	4.975435e+00	-5.012273e+00
1299.142	0.708	-0.676	3.894525e+01	5.849586e+00	-5.890917e+00
1300.783	0.741	-0.933	3.171287e+01	4.858016e+00	-4.889534e+00
1302.192	0.637	-0.667	4.071247e+01	6.235726e+00	-6.275297e+00
1303.572	0.831	-0.744	3.423632e+01	5.139095e+00	-5.172296e+00
1305.038	0.786	-0.635	3.687880e+01	5.762382e+00	-5.796062e+00
1306.881	0.835	-1.056	2.820275e+01	4.319806e+00	-4.347347e+00
1308.652	1.037	-0.936	2.703303e+01	4.142421e+00	-4.170562e+00
1310.500	0.860	-0.811	3.143803e+01	4.917768e+00	-4.951895e+00
1312.310	0.770	-0.950	3.147762e+01	4.731271e+00	-4.767981e+00
1313.761	0.739	-0.681	3.756894e+01	5.761797e+00	-5.805789e+00
1315.282	0.802	-0.782	3.376030e+01	5.178657e+00	-5.219173e+00
1316.956	0.851	-0.873	3.114681e+01	4.778751e+00	-4.817133e+00
1318.615	0.764	-0.808	3.361930e+01	5.264132e+00	-5.305825e+00
1320.449	1.048	-1.069	2.458544e+01	3.929358e+00	-3.959903e+00
1322.654	0.805	-1.157	2.736318e+01	4.199637e+00	-4.234776e+00
1324.290	0.767	-0.831	3.309486e+01	5.182265e+00	-5.223563e+00
1325.598	0.626	-0.541	4.671314e+01	7.027852e+00	-7.088997e+00
1326.888	0.644	-0.664	4.188783e+01	6.305003e+00	-6.363006e+00
1328.463	0.926	-0.932	2.949671e+01	4.442731e+00	-4.486514e+00
1330.184	0.776	-0.795	3.382264e+01	5.304942e+00	-5.356129e+00
1331.938	0.714	-0.978	3.238120e+01	4.875407e+00	-4.921639e+00
1333.542	0.886	-0.890	2.992477e+01	4.684707e+00	-4.720874e+00
1335.196	0.798	-0.768	3.446585e+01	5.283455e+00	-5.321377e+00
1336.795	0.940	-0.802	3.134279e+01	4.709340e+00	-4.744232e+00
1338.635	0.892	-0.900	3.032141e+01	4.556634e+00	-4.591143e+00
1340.240	0.565	-0.714	4.118559e+01	6.443734e+00	-6.489622e+00
1341.587	0.812	-0.782	3.356418e+01	5.147181e+00	-5.186060e+00
1343.230	0.744	-0.830	3.450153e+01	5.187249e+00	-5.228960e+00
1344.874	0.971	-0.899	2.861381e+01	4.389579e+00	-4.424291e+00
1346.716	0.861	-0.872	3.087607e+01	4.737960e+00	-4.776766e+00
1348.334	0.759	-0.757	3.713128e+01	5.587018e+00	-5.636362e+00
1350.203	0.881	-1.110	2.827166e+01	4.255176e+00	-4.294010e+00
1351.856	0.797	-0.773	3.586848e+01	5.398152e+00	-5.446986e+00
1353.600	1.056	-0.947	2.809609e+01	4.227589e+00	-4.264992e+00
1355.249	0.498	-0.593	5.160808e+01	7.763955e+00	-7.831174e+00
1356.464	0.783	-0.717	3.696126e+01	5.671082e+00	-5.716871e+00
1357.923	0.776	-0.676	3.748383e+01	5.866635e+00	-5.910476e+00
1359.326	0.824	-0.628	3.823054e+01	5.746529e+00	-5.791370e+00
1360.807	0.945	-0.656	3.413901e+01	5.233168e+00	-5.270548e+00
1362.521	0.799	-0.770	3.483635e+01	5.337127e+00	-5.372370e+00
1364.390	0.893	-1.069	2.742927e+01	4.285765e+00	-4.310710e+00
1366.207	0.841	-0.924	3.049836e+01	4.765228e+00	-4.792892e+00
1367.939	0.927	-0.892	3.052484e+01	4.583790e+00	-4.615159e+00
1369.997	0.897	-1.131	2.576797e+01	4.030810e+00	-4.058778e+00
1372.007	1.265	-1.113	2.265499e+01	3.403758e+00	-3.428764e+00
1374.023	0.748	-0.750	3.597397e+01	5.402472e+00	-5.439838e+00
1375.592	0.745	-0.821	3.390083e+01	5.192505e+00	-5.225536e+00
1377.641	0.857	-1.305	2.417730e+01	3.777439e+00	-3.799223e+00
1379.289	0.752	-0.791	3.498860e+01	5.249347e+00	-5.280719e+00
1380.953	0.826	-0.912	3.021123e+01	4.718999e+00	-4.745095e+00
1382.619	0.777	-0.840	3.095537e+01	5.146494e+00	-5.173827e+00
1384.324	0.964	-0.928	2.819917e+01	4.321172e+00	-4.350585e+00
1386.017	0.711	-0.730	3.757401e+01	5.644787e+00	-5.685811e+00
1387.664	0.778	-0.935	3.160392e+01	4.745454e+00	-4.777561e+00
1389.355	0.841	-0.914	3.086699e+01	4.632572e+00	-4.661770e+00
1391.449	1.191	-1.253	2.257079e+01	3.456409e+00	-3.477722e+00
1393.541	0.836	-0.900	3.182430e+01	4.876947e+00	-4.910407e+00
1395.289	0.751	-0.912	3.372845e+01	5.069253e+00	-5.108257e+00
1396.853	0.878	-0.813	3.269553e+01	5.011448e+00	-5.046801e+00
1398.736	0.880	-1.006	2.840426e+01	4.531537e+00	-4.558647e+00
1400.729	1.085	-1.113	2.543012e+01	3.816652e+00	-3.840758e+00
1402.719	0.998	-0.906	2.915172e+01	4.374876e+00	-4.402195e+00
1404.625	0.919	-0.908	3.037186e+01	4.557832e+00	-4.586148e+00
1406.208	0.559	-0.664	4.540347e+01	6.815397e+00	-6.859467e+00
1407.694	0.799	-0.927	3.215713e+01	4.829869e+00	-4.863861e+00
1409.289	1.048	-0.797	3.007899e+01	4.520744e+00	-4.555520e+00
1411.229	0.793	-0.891	3.277470e+01	4.927360e+00	-4.966718e+00
1413.297	1.155	-1.275	2.226839e+01	3.346495e+00	-3.371890e+00
1415.573	1.076	-1.121	2.463052e+01	3.700801e+00	-3.728219e+00
1417.392	0.987	-0.743	3.082281e+01	4.727785e+00	-4.764500e+00
1419.383	0.967	-1.004	2.703947e+01	4.151145e+00	-4.187086e+00
1421.264	0.988	-0.914	2.802567e+01	4.303216e+00	-4.341151e+00
1423.173	0.993	-0.921	2.816140e+01	4.235840e+00	-4.271728e+00
1424.961	0.871	-0.795	3.237035e+01	4.866106e+00	-4.904513e+00
1426.709	0.891	-0.877	2.910158e+01	4.645780e+00	-4.676512e+00
1428.569	0.895	-0.969	2.891126e+01	4.342565e+00	-4.373334e+00
1430.209	0.695	-0.745	3.688690e+01	5.650693e+00	-5.687433e+00
1431.619	0.735	-0.715	3.661525e+01	5.607680e+00	-5.642787e+00
1433.625	0.988	-1.271	2.300934e+01	3.668857e+00	-3.688892e+00
1435.228	0.741	-0.615	3.967501e+01	6.073196e+00	-6.108270e+00
1436.832	0.991	-0.863	2.901361e+01	4.445074e+00	-4.474459e+00
1438.601	0.708	-0.778	3.620639e+01	5.554792e+00	-5.599178e+00
1440.158	0.723	-0.849	3.419970e+01	5.253410e+00	-5.301967e+00
1441.661	0.887	-0.780	3.275937e+01	4.928650e+00	-4.971641e+00
1443.603	0.815	-1.054	2.861187e+01	4.473616e+00	-4.502642e+00
1445.323	0.814	-0.905	3.145725e+01	4.913656e+00	-4.940858e+00
1447.049	0.783	-0.912	3.238173e+01	4.957633e+00	-4.987065e+00
1448.691	0.855	-0.859	3.253641e+01	4.884493e+00	-4.916595e+00
1450.421	0.829	-0.875	3.343381e+01	4.967424e+00	-5.003010e+00
1452.027	0.823	-0.777	3.380090e+01	5.286657e+00	-5.322625e+00
1453.794	0.703	-0.944	3.330657e+01	5.107301e+00	-5.145506e+00
1455.436	0.658	-0.939	3.321365e+01	5.304934e+00	-5.342720e+00
1456.876	0.909	-0.781	3.288423e+01	4.941898e+00	-4.979455e+00
1458.420	0.701	-0.635	4.159821e+01	6.247866e+00	-6.291821e+00
1459.801	0.814	-0.680	3.662909e+01	5.610460e+00	-5.646222e+00
1461.453	0.677	-0.837	3.671008e+01	5.511073e+00	-5.547305e+00
1463.236	0.939	-1.107	2.470587e+01	4.195843e+00	-4.218082e+00
1464.901	0.847	-0.726	3.474900e+01	5.324143e+00	-5.359688e+00
1466.799	0.950	-1.051	2.725425e+01	4.174588e+00	-4.201265e+00
1468.723	1.174	-0.974	2.462411e+01	3.926476e+00	-3.948053e+00
1470.864	1.077	-0.967	2.668486e+01	4.083825e+00	-4.106542e+00
1472.909	0.797	-0.968	3.138173e+01	4.705971e+00	-4.732004e+00
1474.463	0.796	-0.757	3.512117e+01	5.372422e+00	-5.399995e+00
1476.098	1.159	-0.839	2.691395e+01	4.201217e+00	-4.221887e+00
1478.112	0.951	-0.855	3.025471e+01	4.629125e+00	-4.653917e+00
1480.068	0.847	-1.005	2.904706e+01	4.536446e+00	-4.560863e+00
1481.936	0.861	-1.021	2.902484e+01	4.443337e+00	-4.469378e+00
1484.068	1.142	-1.271	2.299344e+01	3.451384e+00	-3.473603e+00
1485.790	0.708	-0.580	4.292217e+01	6.444043e+00	-6.486778e+00
1487.688	1.181	-1.191	2.235151e+01	3.423414e+00	-3.445085e+00
1489.550	0.601	-0.680	4.074748e+01	6.368147e+00	-6.406595e+00
1491.071	1.079	-0.921	2.569522e+01	4.098153e+00	-4.121519e+00
1493.153	0.973	-1.003	2.722861e+01	4.086057e+00	-4.111370e+00
1495.105	0.896	-0.979	2.870115e+01	4.306173e+00	-4.332035e+00
1497.047	0.740	-1.045	3.019990e+01	4.622972e+00	-4.649824e+00
1498.770	0.966	-0.983	2.846287e+01	4.271015e+00	-4.297226e+00
1500.625	0.876	-0.889	3.097234e+01	4.741968e+00	-4.770227e+00
1502.642	1.168	-1.141	2.403337e+01	3.606398e+00	-3.628582e+00
1504.894	0.635	-1.084	3.131905e+01	4.892464e+00	-4.919920e+00
1506.460	0.983	-0.931	2.899180e+01	4.349578e+00	-4.375509e+00
1508.229	1.230	-0.785	2.638802e+01	4.038385e+00	-4.060837e+00
1510.465	0.929	-1.006	2.728974e+01	4.175731e+00	-4.198337e+00
1512.274	1.149	-0.879	2.644355e+01	3.966464e+00	-3.989355e+00
1514.332	0.990	-0.909	2.782668e+01	4.259398e+00	-4.283872e+00
1516.087	0.979	-0.766	3.072988e+01	4.611544e+00	-4.640181e+00
1517.856	1.008	-0.789	2.996239e+01	4.497784e+00	-4.527067e+00
1519.720	0.910	-0.857	3.079635e+01	4.624613e+00	-4.656308e+00
1521.690	0.901	-1.060	2.733207e+01	4.189314e+00	-4.218825e+00
1523.449	0.732	-0.858	3.214219e+01	5.239589e+00	-5.274505e+00
1525.008	0.831	-0.827	3.182182e+01	4.981162e+00	-5.019083e+00
1526.634	0.988	-0.795	2.959939e+01	4.631908e+00	-4.665798e+00
1528.502	0.762	-0.880	3.313238e+01	4.977494e+00	-5.013647e+00
1530.106	1.209	-0.842	2.652498e+01	3.983037e+00	-4.010185e+00
1532.211	0.784	-0.896	3.239768e+01	4.867322e+00	-4.902875e+00
1534.094	1.182	-1.099	2.349589e+01	3.603728e+00	-3.631504e+00
1536.614	1.176	-1.338	2.164426e+01	3.255116e+00	-3.282230e+00
1538.781	0.984	-0.991	2.755082e+01	4.141968e+00	-4.175021e+00
1540.806	0.910	-1.042	2.699927e+01	4.224358e+00	-4.254600e+00
1542.580	0.873	-0.864	3.129128e+01	4.703304e+00	-4.739839e+00
1544.039	0.844	-0.586	3.798523e+01	5.709558e+00	-5.754013e+00
1545.717	0.828	-0.834	3.269788e+01	4.914141e+00	-4.951732e+00
1547.447	0.875	-0.902	3.057108e+01	4.592171e+00	-4.624999e+00
1549.119	0.755	-0.797	3.502274e+01	5.258176e+00	-5.293145e+00
! PC data
4804.204	11.942	-10.624	8.388985e+00	1.771802e+00	-1.771802e+00
4825.992	10.213	-9.846	8.680042e+00	1.903803e+00	-1.903803e+00
4846.856	11.914	-10.652	7.223802e+00	1.634893e+00	-1.634893e+00
4869.674	14.170	-10.903	6.539273e+00	1.468094e+00	-1.468094e+00
4893.244	8.151	-9.400	9.330069e+00	2.097445e+00	-2.097445e+00
4917.688	8.780	-16.293	6.496339e+00	1.472238e+00	-1.472238e+00
4936.745	9.782	-10.277	8.157016e+00	1.833737e+00	-1.833737e+00
4961.313	12.794	-14.786	5.896005e+00	1.334386e+00	-1.334386e+00
4985.158	11.515	-11.051	7.950415e+00	1.713714e+00	-1.713714e+00
5007.406	11.833	-10.733	8.376837e+00	1.754823e+00	-1.754823e+00
5029.647	9.651	-10.408	9.409890e+00	1.968941e+00	-1.968941e+00
5050.899	13.471	-11.602	1.014224e+01	1.834212e+00	-1.834212e+00
5078.451	10.993	-14.080	1.109666e+01	1.915068e+00	-1.915068e+00
5101.798	7.704	-12.355	8.550024e+00	1.877681e+00	-1.877681e+00
5123.616	8.452	-14.113	8.372624e+00	1.755985e+00	-1.755985e+00
5142.803	9.324	-10.735	9.383732e+00	1.965753e+00	-1.965753e+00
5162.362	9.824	-10.235	9.845136e+00	2.014103e+00	-2.014103e+00
5187.510	12.255	-15.325	7.747502e+00	1.527236e+00	-1.527236e+00
5216.530	18.335	-16.765	8.586944e+00	1.418838e+00	-1.418838e+00
6009.198	14.798	-15.289	6.091770e+00	1.385553e+00	-1.385553e+00
6037.280	16.804	-13.283	6.157567e+00	1.389506e+00	-1.389506e+00
6065.864	15.801	-11.780	6.707948e+00	1.513705e+00	-1.513705e+00
6102.528	16.746	-20.864	5.677524e+00	1.191923e+00	-1.191923e+00
6137.442	19.442	-18.167	4.877738e+00	1.107962e+00	-1.107962e+00
6173.178	11.286	-16.294	6.657681e+00	1.510278e+00	-1.510278e+00
6206.959	17.622	-22.495	4.829890e+00	1.069847e+00	-1.069847e+00
6239.994	19.689	-15.413	5.220396e+00	1.188932e+00	-1.188932e+00
6272.992	11.764	-13.309	7.795692e+00	1.716018e+00	-1.716018e+00
6299.169	15.676	-14.412	6.125413e+00	1.385883e+00	-1.385883e+00
6337.506	12.441	-22.662	6.302886e+00	1.306364e+00	-1.306364e+00
6379.842	17.743	-29.896	4.063045e+00	8.988584e-01	-8.988584e-01
6422.726	34.231	-25.140	5.654566e+00	1.279353e+00	-1.279353e+00
6473.248	13.797	-16.291	6.446634e+00	1.422608e+00	-1.422608e+00
6504.084	20.571	-17.039	4.922300e+00	1.110758e+00	-1.110758e+00
6558.384	18.295	-33.730	7.364071e+00	1.666131e+00	-1.666131e+00
6596.480	17.808	-19.801	4.906105e+00	1.111473e+00	-1.111473e+00
6642.583	38.713	-28.295	4.588163e+00	1.042186e+00	-1.042186e+00
6703.431	20.489	-22.135	4.533451e+00	1.002925e+00	-1.002925e+00
6770.725	22.968	-46.805	4.546509e+00	1.004555e+00	-1.004555e+00
6837.020	31.184	-43.328	4.033761e+00	8.968774e-01	-8.968774e-01
6908.543	36.931	-40.339	3.650432e+00	8.335811e-01	-8.335811e-01
6960.764	12.291	-15.289	6.735319e+00	1.515907e+00	-1.515907e+00
7006.853	28.326	-33.798	5.560066e+00	1.219339e+00	-1.219339e+00
7051.757	40.689	-16.578	6.431054e+00	1.422728e+00	-1.422728e+00
7115.535	24.551	-23.088	4.062269e+00	9.009459e-01	-9.009459e-01
7177.589	21.867	-37.503	5.938963e+00	1.317166e+00	-1.317166e+00
7235.605	41.457	-36.149	4.415471e+00	9.121635e-01	-9.121635e-01
10504.357	18.923	-21.194	2.400122e+00	5.197861e-01	-5.197861e-01
10534.671	8.668	-11.390	4.997026e+00	1.049756e+00	-1.049756e+00
10560.383	20.566	-17.044	2.315311e+00	5.229347e-01	-5.229347e-01
10596.992	16.552	-16.043	2.665999e+00	6.030086e-01	-6.030086e-01
10625.576	13.041	-12.032	3.492506e+00	7.854245e-01	-7.854245e-01
10661.834	16.900	-23.217	2.303571e+00	5.061143e-01	-5.061143e-01
10693.776	10.031	-15.042	3.522041e+00	7.932032e-01	-7.932032e-01
10715.885	12.995	-12.078	3.809886e+00	8.154393e-01	-8.154393e-01
10744.340	9.614	-15.459	3.681750e+00	8.078087e-01	-8.078087e-01
10766.864	12.163	-12.910	3.408204e+00	7.697749e-01	-7.697749e-01
10794.009	10.091	-14.982	3.657335e+00	8.068546e-01	-8.068546e-01
10824.781	16.928	-20.682	2.317563e+00	5.257126e-01	-5.257126e-01
10861.817	14.995	-20.107	2.862723e+00	5.991462e-01	-5.991462e-01
10895.842	13.565	-19.030	2.943141e+00	6.332211e-01	-6.332211e-01
10933.218	21.321	-23.811	2.141592e+00	4.607667e-01	-4.607667e-01
10969.328	12.791	-14.790	3.202200e+00	7.211715e-01	-7.211715e-01
11000.920	13.794	-18.801	2.690899e+00	6.042864e-01	-6.042864e-01
11032.636	17.177	-17.922	2.484296e+00	5.602953e-01	-5.602953e-01
12437.356	36.471	-36.174	1.404579e+00	3.583942e-01	-3.583942e-01
12499.270	18.862	-25.442	3.985390e+00	9.276436e-01	-9.276436e-01
12532.348	38.836	-14.216	2.700148e+00	6.441014e-01	-6.441014e-01
12610.229	35.528	-39.046	2.187584e+00	4.226798e-01	-4.226798e-01
12866.508	19.898	-15.204	4.133354e+00	9.222035e-01	-9.222035e-01
16203.658	25.954	-19.178	1.966575e+00	4.426502e-01	-4.426502e-01
16257.365	22.393	-27.753	1.850578e+00	4.063740e-01	-4.063740e-01
16305.958	11.410	-26.200	2.328728e+00	5.255573e-01	-5.255573e-01
16336.525	28.482	-19.157	1.934663e+00	4.264508e-01	-4.264508e-01
16381.553	16.049	-16.546	2.664796e+00	5.990175e-01	-5.990175e-01
16434.450	28.342	-36.848	1.332131e+00	3.018428e-01	-3.018428e-01
16479.088	11.285	-16.296	3.184311e+00	7.167465e-01	-7.167465e-01
16513.314	22.190	-22.941	2.226807e+00	4.686083e-01	-4.686083e-01
16558.442	19.687	-22.938	2.056032e+00	4.652490e-01	-4.652490e-01
16601.562	34.234	-23.434	1.520604e+00	3.431766e-01	-3.431766e-01
16661.743	19.186	-25.946	1.915985e+00	4.352960e-01	-4.352960e-01
16708.377	25.205	-27.448	1.665716e+00	3.779321e-01	-3.779321e-01
16769.574	16.661	-35.992	1.717865e+00	3.830228e-01	-3.830228e-01
16816.193	17.681	-29.958	1.822692e+00	4.135481e-01	-4.135481e-01
16863.203	23.325	-29.329	1.630398e+00	3.734053e-01	-3.734053e-01
16914.208	47.535	-27.680	1.844880e+00	3.369911e-01	-3.369911e-01
137668.616	112.933	-172.900	6.933657e-02	1.808114e-02	-1.808114e-02
137987.356	157.754	-205.806	5.421131e-02	1.419190e-02	-1.419190e-02
138401.868	232.167	-256.758	4.004081e-02	1.060607e-02	-1.060607e-02
138886.872	313.808	-252.836	5.622760e-02	1.163698e-02	-1.163698e-02
298740.471	468.308	-622.367	2.149781e-02	5.181530e-03	-5.181530e-03
