col1	col2	col3	col4	col5	col6	col7
125.121	0.336	-0.429	4.731751e+03	5.155932e+02	-5.126416e+02 4
125.772	0.287	-0.315	6.081753e+03	6.519870e+02	-6.473992e+02 4
126.429	0.408	-0.370	4.472565e+03	5.062848e+02	-5.034456e+02 4
127.217	0.425	-0.381	4.490920e+03	4.872108e+02	-4.835135e+02 4
127.996	0.349	-0.354	5.231225e+03	5.577348e+02	-5.536499e+02 4
128.714	0.373	-0.369	4.865850e+03	5.299918e+02	-5.249918e+02 4
129.515	0.382	-0.428	4.377550e+03	4.881171e+02	-4.819780e+02 4
130.248	0.444	-0.352	4.467813e+03	5.006540e+02	-4.907536e+02 4
131.221	0.617	-0.529	3.002295e+03	3.538054e+02	-3.444556e+02 4
132.236	0.457	-0.399	4.295913e+03	4.807711e+02	-4.619773e+02 4
133.348	0.615	-0.655	2.804532e+03	3.234086e+02	-3.121397e+02 4
134.519	0.551	-0.556	3.133741e+03	3.669051e+02	-3.613946e+02 4
135.548	0.492	-0.478	3.539352e+03	3.906305e+02	-4.496564e+02 4
136.535	0.459	-0.495	3.603705e+03	3.956732e+02	-4.943449e+02 4
137.621	0.587	-0.628	2.791413e+03	3.085451e+02	-3.550012e+02 4
138.817	0.701	-0.608	2.556278e+03	2.854870e+02	-3.199047e+02 4
140.263	0.827	-0.744	2.136397e+03	2.374848e+02	-2.788385e+02 4
141.919	0.812	-0.830	2.043792e+03	2.272229e+02	-2.657773e+02 4
143.547	0.735	-0.816	2.157594e+03	2.397361e+02	-3.059133e+02 4
145.022	0.851	-0.739	2.093276e+03	2.340379e+02	-2.972718e+02 4
146.576	0.886	-0.703	2.031694e+03	2.235400e+02	-2.903977e+02 4
148.303	0.852	-0.841	1.929471e+03	2.141681e+02	-2.800841e+02 4
150.135	0.962	-0.979	1.604320e+03	1.861189e+02	-2.386787e+02 4
151.845	0.696	-0.748	2.297248e+03	2.530206e+02	-3.278620e+02 4
153.350	0.846	-0.808	2.031827e+03	2.242133e+02	-2.767286e+02 4
155.045	0.896	-0.849	1.872183e+03	2.086886e+02	-2.439658e+02 4
156.819	0.952	-0.877	1.775216e+03	1.989878e+02	-2.298123e+02 4
158.845	1.258	-1.075	1.382317e+03	1.558890e+02	-1.778626e+02 4
161.141	0.723	-1.038	1.573632e+03	1.671988e+02	-1.882854e+02 4
162.228	0.354	-0.363	1.105003e+03	1.148748e+02	-1.120479e+02 4
162.853	0.322	-0.272	1.306818e+03	1.380324e+02	-1.357823e+02 4
163.550	0.385	-0.375	1.042897e+03	1.088971e+02	-1.057884e+02 4
164.294	0.363	-0.359	1.085953e+03	1.148803e+02	-1.115724e+02 4
165.044	0.376	-0.387	1.027732e+03	1.078971e+02	-1.054958e+02 4
165.687	0.282	-0.266	9.303488e+02	1.226955e+02	-1.202953e+02 4
166.353	0.382	-0.384	1.022990e+03	1.084344e+02	-1.051129e+02 4
167.122	0.350	-0.387	1.038281e+03	1.122693e+02	-1.099703e+02 4
167.815	0.348	-0.343	1.113553e+03	1.186248e+02	-1.171555e+02 4
168.418	0.289	-0.255	9.219854e+02	1.232113e+02	-1.214580e+02 4
168.993	0.256	-0.287	9.759061e+02	1.241665e+02	-1.217500e+02 4
169.533	0.298	-0.284	8.965633e+02	1.144911e+02	-1.127374e+02 4
170.159	0.385	-0.328	9.599388e+02	1.078523e+02	-1.053789e+02 4
170.875	0.274	-0.331	8.622843e+02	1.101918e+02	-1.083525e+02 4
171.527	0.373	-0.378	6.790216e+02	8.912911e+01	-8.776321e+01 4
172.206	0.285	-0.305	8.764064e+02	1.128364e+02	-1.111499e+02 4
172.877	0.423	-0.387	6.398412e+02	8.165029e+01	-8.039277e+01 4
173.656	0.377	-0.356	7.061316e+02	8.972771e+01	-8.870272e+01 4
174.345	0.355	-0.312	7.816516e+02	9.890131e+01	-9.735668e+01 4
175.060	0.381	-0.359	6.835286e+02	8.975588e+01	-8.838782e+01 4
175.760	0.321	-0.319	8.203103e+02	1.032127e+02	-1.012023e+02 4
176.462	0.363	-0.381	6.907507e+02	8.919678e+01	-8.766258e+01 4
177.189	0.361	-0.364	7.076800e+02	9.126334e+01	-8.978061e+01 4
177.927	0.398	-0.376	6.536734e+02	8.587524e+01	-8.449819e+01 4
178.776	0.359	-0.451	6.442177e+02	8.152971e+01	-8.021615e+01 4
179.622	0.533	-0.488	4.991999e+02	6.498165e+01	-6.395549e+01 4
180.518	0.451	-0.362	6.461972e+02	8.120542e+01	-7.971550e+01 4
181.416	0.501	-0.447	5.458280e+02	6.932877e+01	-6.856485e+01 4
182.454	0.550	-0.537	4.761478e+02	6.065223e+01	-5.981904e+01 4
183.407	0.534	-0.403	5.272200e+02	7.065486e+01	-7.010733e+01 4
184.515	0.606	-0.574	4.290540e+02	5.601173e+01	-5.544089e+01 4
185.654	0.518	-0.533	4.813245e+02	6.265922e+01	-6.219212e+01 4
186.662	0.276	-0.489	4.516305e+02	6.079051e+01	-5.905527e+01 4
187.203	0.244	-0.265	5.311354e+02	6.680483e+01	-6.243067e+01 4
187.747	0.263	-0.301	4.180254e+02	5.725222e+01	-5.415778e+01 4
188.286	0.274	-0.276	4.447229e+02	5.821376e+01	-5.499071e+01 4
188.797	0.266	-0.237	5.031832e+02	6.497269e+01	-6.151732e+01 4
189.334	0.235	-0.271	5.991041e+02	7.122095e+01	-6.723797e+01 4
189.873	0.267	-0.304	4.089962e+02	5.632134e+01	-5.361635e+01 4
190.408	0.260	-0.268	4.668203e+02	5.994571e+01	-5.705966e+01 4
190.976	0.250	-0.307	4.351210e+02	5.697758e+01	-5.442336e+01 4
191.555	0.291	-0.330	3.937512e+02	5.084679e+01	-4.867224e+01 4
192.170	0.304	-0.324	3.823423e+02	5.024480e+01	-4.836776e+01 4
192.795	0.350	-0.321	3.645071e+02	4.731466e+01	-4.506124e+01 4
193.419	0.237	-0.274	4.659949e+02	6.323085e+01	-5.966665e+01 4
194.012	0.282	-0.357	3.919632e+02	5.036080e+01	-4.755951e+01 4
194.632	0.338	-0.338	3.584029e+02	4.666409e+01	-4.482608e+01 4
195.289	0.313	-0.318	3.905629e+02	4.985580e+01	-4.772982e+01 4
195.877	0.310	-0.275	4.176874e+02	5.404638e+01	-5.163272e+01 4
196.458	0.345	-0.271	3.971658e+02	5.217699e+01	-4.911134e+01 4
197.227	0.416	-0.424	2.879360e+02	3.844432e+01	-3.643804e+01 4
197.966	0.349	-0.323	3.673947e+02	4.748350e+01	-4.541914e+01 4
198.588	0.256	-0.273	4.592486e+02	5.959680e+01	-5.808862e+01 4
199.164	0.359	-0.320	3.635476e+02	4.642142e+01	-4.493191e+01 4
200.028	0.418	-0.505	2.699702e+02	3.450677e+01	-3.299203e+01 4
200.853	0.369	-0.407	3.185215e+02	4.085060e+01	-3.937893e+01 4
201.533	0.279	-0.311	4.182987e+02	5.449544e+01	-5.172126e+01 4
202.235	0.363	-0.422	3.196519e+02	4.086518e+01	-3.921466e+01 4
203.062	0.473	-0.465	2.611688e+02	3.372000e+01	-3.265407e+01 4
204.025	0.433	-0.490	2.628070e+02	3.501433e+01	-3.325534e+01 4
204.990	0.497	-0.531	2.381246e+02	3.126377e+01	-2.978417e+01 4
205.959	0.448	-0.472	2.686175e+02	3.483866e+01	-3.320665e+01 4
206.822	0.522	-0.415	2.588173e+02	3.417646e+01	-3.274378e+01 4
207.703	0.353	-0.359	3.477591e+02	4.367421e+01	-4.297687e+01 4
208.540	0.444	-0.484	2.647880e+02	3.448889e+01	-3.311207e+01 4
209.438	0.413	-0.453	2.838182e+02	3.729539e+01	-3.549745e+01 4
210.370	0.479	-0.519	2.486025e+02	3.226711e+01	-3.073427e+01 4
211.372	0.491	-0.523	2.349429e+02	3.017295e+01	-2.871183e+01 4
212.225	0.426	-0.362	2.420084e+02	3.294697e+01	-2.992755e+01 4
213.076	0.415	-0.425	2.186949e+02	3.132698e+01	-2.840429e+01 4
213.840	0.363	-0.349	2.705217e+02	3.545818e+01	-3.306103e+01 4
214.540	0.364	-0.337	2.721113e+02	3.688070e+01	-3.365110e+01 4
215.352	0.420	-0.448	2.196962e+02	2.869622e+01	-2.718291e+01 4
216.187	0.368	-0.415	2.436677e+02	3.110603e+01	-3.016896e+01 4
217.077	0.441	-0.522	1.963305e+02	2.599212e+01	-2.458753e+01 4
217.953	0.397	-0.436	2.282757e+02	3.101765e+01	-2.870101e+01 4
218.754	0.464	-0.405	2.115209e+02	2.923317e+01	-2.747990e+01 4
219.623	0.401	-0.405	2.366750e+02	2.992303e+01	-2.929184e+01 4
220.666	0.557	-0.642	1.561096e+02	2.027662e+01	-1.980226e+01 4
221.757	0.509	-0.534	1.812514e+02	2.453192e+01	-2.269131e+01 4
222.746	0.386	-0.480	2.183950e+02	2.863331e+01	-2.735402e+01 4
223.620	0.494	-0.488	1.965427e+02	2.486766e+01	-2.404091e+01 4
224.691	0.475	-0.577	1.835757e+02	2.295840e+01	-2.244748e+01 4
225.602	0.427	-0.436	2.237026e+02	2.797807e+01	-2.735688e+01 4
226.640	0.556	-0.611	1.638644e+02	2.072573e+01	-2.028161e+01 4
227.676	0.502	-0.480	1.947349e+02	2.477867e+01	-2.411351e+01 4
228.735	0.735	-0.557	1.480629e+02	1.893536e+01	-1.832307e+01 4
230.021	0.459	-0.552	1.910092e+02	2.412510e+01	-2.336296e+01 4
231.124	0.615	-0.644	1.504154e+02	1.960869e+01	-1.884471e+01 4
232.442	0.699	-0.703	1.351448e+02	1.730407e+01	-1.693275e+01 4
233.640	0.575	-0.498	1.770388e+02	2.201772e+01	-2.163599e+01 4
234.697	0.533	-0.483	1.841296e+02	2.326861e+01	-2.278718e+01 4
235.887	0.599	-0.657	1.475359e+02	1.878226e+01	-1.847267e+01 4
237.016	0.591	-0.530	1.653339e+02	2.110610e+01	-2.070713e+01 4
238.422	0.754	-0.815	1.180956e+02	1.506193e+01	-1.478925e+01 4
239.763	0.533	-0.586	1.655967e+02	2.110872e+01	-2.073552e+01 4
241.006	0.838	-0.710	1.197246e+02	1.527614e+01	-1.499396e+01 4
242.459	0.483	-0.616	1.323382e+02	1.657692e+01	-1.646328e+01 4
243.241	0.257	-0.298	1.331259e+02	1.614391e+01	-1.614390e+01 4
243.762	0.241	-0.265	1.484019e+02	1.786552e+01	-1.786552e+01 4
244.288	0.325	-0.285	1.193133e+02	1.457646e+01	-1.457646e+01 4
244.923	0.286	-0.310	1.221626e+02	1.492456e+01	-1.492455e+01 4
245.542	0.281	-0.333	1.186218e+02	1.449198e+01	-1.449198e+01 4
246.073	0.278	-0.250	1.363963e+02	1.689192e+01	-1.689191e+01 4
246.615	0.241	-0.263	9.928422e+01	1.463868e+01	-1.463867e+01 4
247.159	0.260	-0.304	1.290992e+02	1.577201e+01	-1.577200e+01 4
247.749	0.280	-0.330	1.181043e+02	1.462655e+01	-1.462655e+01 4
248.333	0.316	-0.304	1.152154e+02	1.446556e+01	-1.446556e+01 4
248.934	0.291	-0.285	9.863698e+01	1.378425e+01	-1.378425e+01 4
249.518	0.298	-0.293	8.279090e+01	1.234175e+01	-1.234175e+01 4
250.150	0.356	-0.334	1.044065e+02	1.293016e+01	-1.293015e+01 4
250.797	0.261	-0.291	1.306767e+02	1.618357e+01	-1.618357e+01 4
251.304	0.290	-0.247	9.101515e+01	1.356775e+01	-1.356775e+01 4
251.898	0.321	-0.303	1.165941e+02	1.424426e+01	-1.424425e+01 4
252.546	0.273	-0.327	1.202069e+02	1.488694e+01	-1.488694e+01 4
253.128	0.322	-0.310	1.152804e+02	1.408376e+01	-1.408375e+01 4
253.750	0.367	-0.300	9.930365e+01	1.271455e+01	-1.271454e+01 4
254.408	0.341	-0.291	1.151500e+02	1.406783e+01	-1.406783e+01 4
255.055	0.274	-0.306	1.253932e+02	1.531924e+01	-1.531924e+01 4
255.674	0.316	-0.345	7.380510e+01	1.100223e+01	-1.100222e+01 4
256.286	0.221	-0.295	9.324571e+01	1.418534e+01	-1.418533e+01 4
256.800	0.247	-0.294	8.895464e+01	1.353254e+01	-1.353254e+01 4
257.328	0.305	-0.280	1.242500e+02	1.517957e+01	-1.517957e+01 4
257.920	0.243	-0.287	9.213252e+01	1.373432e+01	-1.373432e+01 4
258.454	0.268	-0.291	9.194785e+01	1.352648e+01	-1.352647e+01 4
259.068	0.383	-0.346	9.720436e+01	1.213158e+01	-1.213158e+01 4
259.715	0.304	-0.264	8.606751e+01	1.283020e+01	-1.283020e+01 4
260.299	0.291	-0.280	8.424054e+01	1.281539e+01	-1.281539e+01 4
260.936	0.351	-0.346	1.042811e+02	1.273998e+01	-1.273998e+01 4
261.580	0.334	-0.292	9.879833e+01	1.308618e+01	-1.308617e+01 4
262.179	0.256	-0.265	9.370474e+01	1.396869e+01	-1.396869e+01 4
262.689	0.306	-0.254	9.684492e+01	1.369596e+01	-1.369595e+01 4
263.289	0.250	-0.294	8.972383e+01	1.337525e+01	-1.337525e+01 4
263.877	0.295	-0.337	1.151500e+02	1.406783e+01	-1.406783e+01 4
264.512	0.377	-0.340	1.014360e+02	1.239240e+01	-1.239240e+01 4
265.215	0.333	-0.327	1.090691e+02	1.350760e+01	-1.350760e+01 4
265.811	0.298	-0.263	9.553150e+01	1.375921e+01	-1.375921e+01 4
266.380	0.237	-0.271	9.455142e+01	1.438397e+01	-1.438397e+01 4
266.871	0.299	-0.253	8.856787e+01	1.320293e+01	-1.320293e+01 4
267.486	0.325	-0.317	9.802698e+01	1.287159e+01	-1.287159e+01 4
268.079	0.239	-0.268	9.847780e+01	1.451978e+01	-1.451977e+01 4
268.583	0.310	-0.265	8.500310e+01	1.267153e+01	-1.267152e+01 4
269.164	0.272	-0.270	9.066192e+01	1.363548e+01	-1.363548e+01 4
269.714	0.295	-0.278	8.398047e+01	1.277583e+01	-1.277583e+01 4
270.354	0.403	-0.346	6.423219e+01	9.771552e+00	-9.771550e+00 4
271.019	0.251	-0.262	9.601333e+01	1.444033e+01	-1.444033e+01 4
271.533	0.292	-0.263	8.667228e+01	1.318533e+01	-1.318533e+01 4
272.143	0.275	-0.318	8.245045e+01	1.229100e+01	-1.229100e+01 4
272.685	0.322	-0.267	9.769507e+01	1.341947e+01	-1.341946e+01 4
273.338	0.311	-0.331	7.490790e+01	1.139563e+01	-1.139563e+01 4
274.005	0.402	-0.356	6.445072e+01	9.607757e+00	-9.607755e+00 4
274.698	0.408	-0.291	6.986277e+01	1.041454e+01	-1.041454e+01 4
275.449	0.285	-0.343	7.660749e+01	1.165419e+01	-1.165419e+01 4
276.064	0.243	-0.330	8.398263e+01	1.277616e+01	-1.277615e+01 4
276.646	0.333	-0.339	7.263689e+01	1.082808e+01	-1.082808e+01 4
277.238	0.259	-0.258	9.502594e+01	1.429183e+01	-1.429183e+01 4
277.746	0.345	-0.249	8.220582e+01	1.225453e+01	-1.225453e+01 4
278.410	0.320	-0.319	7.532704e+01	1.145940e+01	-1.145939e+01 4
279.046	0.353	-0.316	9.898695e+01	1.267400e+01	-1.267400e+01 4
279.651	0.315	-0.252	8.607130e+01	1.283077e+01	-1.283076e+01 4
280.247	0.298	-0.280	8.320740e+01	1.265822e+01	-1.265822e+01 4
280.885	0.270	-0.340	7.763308e+01	1.205463e+01	-1.205462e+01 4
281.504	0.336	-0.349	7.131613e+01	1.063119e+01	-1.063119e+01 4
282.221	0.336	-0.381	6.710276e+01	1.020825e+01	-1.020825e+01 4
282.906	0.290	-0.349	7.532715e+01	1.145941e+01	-1.145941e+01 4
283.596	0.368	-0.401	6.259818e+01	9.522972e+00	-9.522970e+00 4
284.236	0.331	-0.272	9.057034e+01	1.291150e+01	-1.291150e+01 4
284.870	0.382	-0.303	7.131613e+01	1.063119e+01	-1.063119e+01 4
285.593	0.391	-0.340	6.680342e+01	9.958476e+00	-9.958474e+00 4
286.424	0.366	-0.440	6.060725e+01	9.034806e+00	-9.034804e+00 4
287.156	0.331	-0.366	6.792491e+01	1.054717e+01	-1.054717e+01 4
287.914	0.356	-0.427	6.145639e+01	9.349273e+00	-9.349271e+00 4
288.596	0.369	-0.327	7.021962e+01	1.046773e+01	-1.046773e+01 4
289.414	0.370	-0.449	5.968503e+01	8.897329e+00	-8.897327e+00 4
290.125	0.367	-0.342	6.898262e+01	1.028333e+01	-1.028333e+01 4
290.841	0.293	-0.350	7.490527e+01	1.139523e+01	-1.139523e+01 4
291.544	0.325	-0.410	6.647728e+01	9.909858e+00	-9.909856e+00 4
292.406	0.495	-0.537	4.662210e+01	7.092553e+00	-7.092552e+00 4
293.267	0.438	-0.366	6.074134e+01	9.054794e+00	-9.054792e+00 4
294.159	0.427	-0.454	5.462791e+01	8.310465e+00	-8.310464e+00 4
295.010	0.349	-0.425	6.311514e+01	9.408659e+00	-9.408657e+00 4
295.799	0.329	-0.439	6.355351e+01	9.474008e+00	-9.474006e+00 4
296.510	0.459	-0.382	5.545525e+01	8.790813e+00	-8.790812e+00 4
297.354	0.384	-0.385	6.362645e+01	9.484881e+00	-9.484879e+00 4
298.149	0.422	-0.411	5.784589e+01	8.800013e+00	-8.800011e+00 4
298.959	0.372	-0.388	6.437156e+01	9.595956e+00	-9.595954e+00 4
299.766	0.392	-0.435	5.911103e+01	8.811761e+00	-8.811759e+00 4
300.637	0.483	-0.479	5.004045e+01	7.612582e+00	-7.612580e+00 4
301.548	0.580	-0.427	4.856295e+01	7.239346e+00	-7.239344e+00 4
302.479	0.480	-0.351	5.619353e+01	8.907846e+00	-8.907844e+00 4
303.488	0.541	-0.530	4.565886e+01	6.806428e+00	-6.806427e+00 4
304.536	0.392	-0.507	5.278644e+01	8.196518e+00	-8.196516e+00 4
305.323	0.426	-0.396	5.859714e+01	8.914299e+00	-8.914297e+00 4
306.155	0.340	-0.406	6.362082e+01	9.878846e+00	-9.878844e+00 4
306.970	0.655	-0.475	4.327021e+01	6.450349e+00	-6.450348e+00 4
308.143	0.445	-0.518	5.075135e+01	7.565572e+00	-7.565571e+00 4
309.071	0.410	-0.484	5.469418e+01	8.153335e+00	-8.153334e+00 4
309.993	0.485	-0.513	4.894203e+01	7.295855e+00	-7.295854e+00 4
310.920	0.414	-0.441	5.708213e+01	8.509310e+00	-8.509309e+00 4
311.895	0.451	-0.561	4.825392e+01	7.193278e+00	-7.193276e+00 4
312.924	0.534	-0.578	4.393037e+01	6.548760e+00	-6.548759e+00 4
313.877	0.398	-0.419	5.981803e+01	8.917155e+00	-8.917153e+00 4
314.901	0.527	-0.626	4.331270e+01	6.386116e+00	-6.386114e+00 4
315.877	0.553	-0.449	4.876817e+01	7.269938e+00	-7.269936e+00 4
316.883	0.427	-0.453	5.546708e+01	8.268553e+00	-8.268551e+00 4
317.823	0.498	-0.512	4.760804e+01	7.242543e+00	-7.242541e+00 4
318.733	0.450	-0.411	5.501423e+01	8.542441e+00	-8.542439e+00 4
319.686	0.480	-0.503	4.964819e+01	7.401123e+00	-7.401121e+00 4
320.615	0.439	-0.449	5.502093e+01	8.202046e+00	-8.202044e+00 4
321.560	0.638	-0.506	4.141113e+01	6.430194e+00	-6.430193e+00 4
322.614	0.413	-0.417	5.891732e+01	8.782885e+00	-8.782884e+00 4
323.572	0.339	-0.545	5.524235e+01	8.235052e+00	-8.235050e+00 4
324.481	0.540	-0.570	4.333521e+01	6.592524e+00	-6.592523e+00 4
325.441	0.454	-0.419	5.507366e+01	8.378277e+00	-8.378275e+00 4
326.591	0.476	-0.697	4.103365e+01	6.242390e+00	-6.242389e+00 4
327.568	0.460	-0.500	5.084342e+01	7.579298e+00	-7.579296e+00 4
328.705	0.591	-0.677	3.734634e+01	5.799025e+00	-5.799024e+00 4
329.794	0.380	-0.497	5.401289e+01	8.386956e+00	-8.386954e+00 4
330.714	0.584	-0.541	4.213348e+01	6.542358e+00	-6.542356e+00 4
331.903	0.640	-0.605	3.863238e+01	5.877088e+00	-5.877087e+00 4
333.180	0.523	-0.637	4.147648e+01	6.309757e+00	-6.309756e+00 4
334.301	0.701	-0.598	3.761226e+01	5.606910e+00	-5.606909e+00 4
335.425	0.597	-0.422	4.719487e+01	7.179688e+00	-7.179686e+00 4
336.559	0.455	-0.538	4.920602e+01	7.335209e+00	-7.335207e+00 4
337.574	0.490	-0.559	4.653722e+01	6.937367e+00	-6.937366e+00 4
338.641	0.633	-0.577	4.037778e+01	6.019171e+00	-6.019170e+00 4
339.851	0.503	-0.577	4.455001e+01	6.777330e+00	-6.777328e+00 4
340.942	0.523	-0.589	4.326697e+01	6.582143e+00	-6.582141e+00 4
342.064	0.587	-0.598	4.122545e+01	6.145534e+00	-6.145532e+00 4
343.271	0.524	-0.620	4.205577e+01	6.397884e+00	-6.397882e+00 4
344.304	0.606	-0.509	4.378971e+01	6.527791e+00	-6.527790e+00 4
345.577	0.639	-0.667	3.684177e+01	5.604686e+00	-5.604685e+00 4
346.748	0.473	-0.532	4.859495e+01	7.244115e+00	-7.244113e+00 4
347.780	0.512	-0.559	4.560822e+01	6.798879e+00	-6.798878e+00 4
348.975	0.657	-0.682	3.591217e+01	5.463266e+00	-5.463265e+00 4
350.356	0.598	-0.724	3.695353e+01	5.508713e+00	-5.508711e+00 4
351.642	0.647	-0.688	3.660869e+01	5.457308e+00	-5.457307e+00 4
352.982	0.652	-0.693	3.631815e+01	5.413996e+00	-5.413995e+00 4
354.206	0.678	-0.572	3.669891e+01	5.940269e+00	-5.940268e+00 4
355.520	0.721	-0.636	3.598546e+01	5.364402e+00	-5.364401e+00 4
356.874	0.597	-0.632	3.913491e+01	5.953538e+00	-5.953537e+00 4
357.997	0.673	-0.526	4.073668e+01	6.072672e+00	-6.072670e+00 4
359.350	0.637	-0.680	3.654355e+01	5.559318e+00	-5.559317e+00 4
360.732	0.547	-0.745	3.724799e+01	5.666484e+00	-5.666483e+00 4
361.832	0.542	-0.554	4.457187e+01	6.644389e+00	-6.644388e+00 4
363.118	0.562	-0.743	3.740635e+01	5.576215e+00	-5.576214e+00 4
364.284	0.645	-0.604	3.911150e+01	5.830405e+00	-5.830404e+00 4
365.465	0.501	-0.536	4.638418e+01	7.056360e+00	-7.056358e+00 4
366.641	0.563	-0.675	3.944867e+01	5.880667e+00	-5.880666e+00 4
367.740	0.602	-0.535	4.231922e+01	6.437962e+00	-6.437961e+00 4
368.982	0.740	-0.641	3.538180e+01	5.274413e+00	-5.274412e+00 4
370.494	0.695	-0.772	3.277819e+01	4.986499e+00	-4.986498e+00 4
371.752	0.608	-0.563	4.172804e+01	6.220455e+00	-6.220454e+00 4
373.174	0.707	-0.814	3.162895e+01	4.811666e+00	-4.811665e+00 4
374.405	0.532	-0.523	4.630193e+01	6.902292e+00	-6.902290e+00 4
375.598	0.616	-0.662	3.824101e+01	5.700640e+00	-5.700639e+00 4
376.843	0.641	-0.629	3.845525e+01	5.732577e+00	-5.732575e+00 4
378.259	0.589	-0.774	3.530382e+01	5.370720e+00	-5.370719e+00 4
379.532	0.675	-0.685	3.539627e+01	5.384783e+00	-5.384782e+00 4
380.840	0.483	-0.634	4.372141e+01	6.517610e+00	-6.517609e+00 4
381.876	0.659	-0.553	4.031709e+01	6.010124e+00	-6.010122e+00 4
383.070	0.542	-0.535	4.469506e+01	6.799395e+00	-6.799394e+00 4
384.323	0.534	-0.712	3.922112e+01	5.846745e+00	-5.846744e+00 4
385.725	0.753	-0.868	2.968222e+01	4.515514e+00	-4.515513e+00 4
387.377	0.851	-0.899	2.748054e+01	4.180575e+00	-4.180575e+00 4
388.878	0.696	-0.649	3.631578e+01	5.413643e+00	-5.413642e+00 4
390.087	0.558	-0.513	4.560595e+01	6.798540e+00	-6.798539e+00 4
391.523	0.689	-0.878	3.116321e+01	4.645542e+00	-4.645541e+00 4
392.982	0.605	-0.770	3.448207e+01	5.354270e+00	-5.354269e+00 4
394.334	0.581	-0.747	3.684576e+01	5.492647e+00	-5.492646e+00 4
395.695	0.654	-0.780	3.410290e+01	5.083765e+00	-5.083764e+00 4
396.940	0.621	-0.592	4.030342e+01	6.008086e+00	-6.008084e+00 4
398.246	0.667	-0.684	3.621465e+01	5.398567e+00	-5.398566e+00 4
399.717	0.713	-0.804	3.245370e+01	4.881011e+00	-4.881010e+00 4
401.189	0.914	-0.759	2.924141e+01	4.359056e+00	-4.359055e+00 4
402.908	0.795	-0.806	3.006903e+01	4.574358e+00	-4.574357e+00 4
404.651	0.848	-0.947	2.721138e+01	4.056438e+00	-4.056437e+00 4
406.269	0.852	-0.771	3.010559e+01	4.487881e+00	-4.487880e+00 4
407.781	0.714	-0.660	3.556512e+01	5.301742e+00	-5.301740e+00 4
409.214	0.841	-0.719	3.130706e+01	4.666987e+00	-4.666986e+00 4
410.833	1.012	-0.778	2.688071e+01	4.089324e+00	-4.089323e+00 4
412.626	0.722	-0.781	3.249266e+01	4.843725e+00	-4.843724e+00 4
414.126	0.598	-0.778	3.498397e+01	5.322062e+00	-5.322061e+00 4
415.449	0.653	-0.726	3.489389e+01	5.308358e+00	-5.308357e+00 4
416.854	0.664	-0.752	3.397335e+01	5.168317e+00	-5.168316e+00 4
418.362	0.914	-0.844	2.779057e+01	4.142778e+00	-4.142777e+00 4
420.183	0.672	-0.906	3.048792e+01	4.638084e+00	-4.638083e+00 4
421.597	0.913	-0.743	2.949238e+01	4.396470e+00	-4.396469e+00 4
423.265	0.712	-0.754	3.332171e+01	4.967313e+00	-4.967312e+00 4
424.775	0.826	-0.798	3.007332e+01	4.483070e+00	-4.483069e+00 4
426.455	0.815	-0.854	2.927173e+01	4.363577e+00	-4.363576e+00 4
427.991	0.697	-0.721	3.393047e+01	5.161793e+00	-5.161792e+00 4
429.648	0.890	-0.960	2.640084e+01	3.935609e+00	-3.935608e+00 4
431.316	0.711	-0.778	3.181394e+01	4.939971e+00	-4.939970e+00 4
432.780	0.707	-0.753	3.344322e+01	4.985426e+00	-4.985425e+00 4
434.169	0.653	-0.681	3.660918e+01	5.457380e+00	-5.457378e+00 4
435.736	0.854	-0.914	2.723168e+01	4.142717e+00	-4.142716e+00 4
437.531	0.988	-0.941	2.497372e+01	3.799216e+00	-3.799215e+00 4
439.387	0.803	-0.867	2.838847e+01	4.408075e+00	-4.408074e+00 4
440.913	0.780	-0.723	3.252810e+01	4.849008e+00	-4.849007e+00 4
442.373	0.681	-0.680	3.592975e+01	5.356097e+00	-5.356096e+00 4
444.187	0.817	-1.133	2.394345e+01	3.795536e+00	-3.795535e+00 4
445.888	0.828	-0.884	2.812613e+01	4.278788e+00	-4.278787e+00 4
447.352	0.894	-0.636	3.192488e+01	4.759085e+00	-4.759084e+00 4
449.475	1.149	-1.229	1.991537e+01	3.092398e+00	-3.092397e+00 4
451.662	0.818	-1.038	2.632349e+01	3.924078e+00	-3.924078e+00 4
453.152	0.766	-0.672	3.346674e+01	5.091248e+00	-5.091247e+00 4
454.892	0.965	-0.975	2.518870e+01	3.754914e+00	-3.754913e+00 4
456.727	0.853	-0.871	2.835394e+01	4.226761e+00	-4.226760e+00 4
458.688	0.935	-1.107	2.394324e+01	3.569251e+00	-3.569250e+00 4
460.586	0.957	-0.963	2.508998e+01	3.816902e+00	-3.816901e+00 4
462.414	0.737	-0.871	3.040579e+01	4.532632e+00	-4.532631e+00 4
464.218	1.058	-1.066	2.318501e+01	3.487008e+00	-3.487007e+00 4
466.176	0.939	-0.900	2.618191e+01	3.983017e+00	-3.983016e+00 4
468.045	0.687	-0.930	3.023846e+01	4.507689e+00	-4.507688e+00 4
469.710	0.946	-0.977	2.504349e+01	3.809831e+00	-3.809830e+00 4
471.398	0.839	-0.742	3.091876e+01	4.609102e+00	-4.609101e+00 4
472.988	0.931	-0.750	2.908652e+01	4.335967e+00	-4.335967e+00 4
474.789	0.854	-0.870	2.793811e+01	4.250184e+00	-4.250184e+00 4
476.768	1.004	-1.125	2.296305e+01	3.423133e+00	-3.423132e+00 4
478.981	0.839	-1.209	2.385597e+01	3.556243e+00	-3.556242e+00 4
481.187	1.051	-1.367	2.020322e+01	3.011722e+00	-3.011722e+00 4
482.875	1.095	-0.637	2.818912e+01	4.202190e+00	-4.202189e+00 4
485.194	0.809	-1.223	2.404220e+01	3.584003e+00	-3.584002e+00 4
487.260	0.931	-1.258	2.164866e+01	3.361538e+00	-3.361537e+00 4
489.357	0.981	-1.166	2.274752e+01	3.391004e+00	-3.391003e+00 4
491.135	0.822	-0.797	3.017171e+01	4.497738e+00	-4.497738e+00 4
493.095	0.930	-1.137	2.327192e+01	3.540324e+00	-3.540324e+00 4
495.446	1.153	-1.421	1.897462e+01	2.828572e+00	-2.828571e+00 4
497.712	1.093	-1.113	2.214215e+01	3.300761e+00	-3.300760e+00 4
500.107	1.228	-1.302	1.930832e+01	2.878317e+00	-2.878316e+00 4
502.365	0.959	-1.030	2.455855e+01	3.660976e+00	-3.660975e+00 4
504.136	0.608	-0.812	3.440657e+01	5.129034e+00	-5.129033e+00 4
505.811	1.101	-1.067	2.218389e+01	3.374803e+00	-3.374803e+00 4
507.977	1.058	-1.065	2.352607e+01	3.468733e+00	-3.468733e+00 4
509.766	0.833	-0.731	3.123462e+01	4.656187e+00	-4.656186e+00 4
511.352	0.697	-0.753	3.368549e+01	5.021542e+00	-5.021541e+00 4
512.942	0.801	-0.893	2.840277e+01	4.320873e+00	-4.320872e+00 4
514.920	0.978	-1.177	2.232818e+01	3.396755e+00	-3.396754e+00 4
516.793	0.956	-0.896	2.597447e+01	3.951460e+00	-3.951459e+00 4
518.649	0.855	-0.899	2.784380e+01	4.150714e+00	-4.150713e+00 4
520.555	1.160	-1.051	2.209895e+01	3.294321e+00	-3.294320e+00 4
522.768	1.029	-1.053	2.313825e+01	3.519989e+00	-3.519988e+00 4
524.979	1.178	-1.182	2.071327e+01	3.087755e+00	-3.087754e+00 4
527.331	1.170	-1.173	2.087054e+01	3.111200e+00	-3.111199e+00 4
529.467	1.032	-0.966	2.410664e+01	3.667308e+00	-3.667307e+00 4
531.693	0.983	-1.195	2.243544e+01	3.344481e+00	-3.344481e+00 4
533.646	1.054	-0.969	2.414572e+01	3.599435e+00	-3.599434e+00 4
535.738	1.315	-1.039	2.043797e+01	3.109199e+00	-3.109198e+00 4
538.200	1.016	-1.147	2.307875e+01	3.402780e+00	-3.402780e+00 4
540.354	1.098	-1.138	2.184064e+01	3.255814e+00	-3.255813e+00 4
542.533	0.946	-1.080	2.427695e+01	3.651235e+00	-3.651234e+00 4
544.570	0.770	-1.091	2.624870e+01	3.912929e+00	-3.912928e+00 4
546.355	0.987	-1.015	2.440546e+01	3.638155e+00	-3.638154e+00 4
548.086	0.855	-0.744	3.054077e+01	4.552753e+00	-4.552753e+00 4
549.955	1.108	-1.014	2.301458e+01	3.430815e+00	-3.430815e+00 4
552.335	1.099	-1.271	2.030167e+01	3.088464e+00	-3.088463e+00 4
554.625	1.173	-1.192	2.034746e+01	3.095430e+00	-3.095429e+00 4
556.722	0.791	-0.924	2.848141e+01	4.245762e+00	-4.245761e+00 4
558.405	0.949	-0.893	2.652760e+01	3.954505e+00	-3.954504e+00 4
560.445	0.989	-1.091	2.277801e+01	3.536899e+00	-3.536899e+00 4
562.450	0.966	-1.016	2.464646e+01	3.674081e+00	-3.674080e+00 4
564.491	0.754	-1.075	2.670918e+01	3.981574e+00	-3.981574e+00 4
566.035	0.927	-0.790	2.845288e+01	4.241509e+00	-4.241508e+00 4
568.294	1.217	-1.332	1.916053e+01	2.856286e+00	-2.856285e+00 4
570.690	1.209	-1.179	2.015106e+01	3.065552e+00	-3.065551e+00 4
573.245	1.243	-1.346	1.887071e+01	2.813082e+00	-2.813082e+00 4
576.012	1.397	-1.524	1.621672e+01	2.518083e+00	-2.518082e+00 4
578.751	1.218	-1.342	1.908023e+01	2.844316e+00	-2.844315e+00 4
580.900	0.983	-0.931	2.513237e+01	3.823352e+00	-3.823351e+00 4
583.089	1.259	-1.205	1.982415e+01	2.955213e+00	-2.955213e+00 4
585.348	0.923	-1.000	2.503822e+01	3.809029e+00	-3.809028e+00 4
587.665	1.111	-1.394	1.952151e+01	2.910099e+00	-2.910098e+00 4
589.719	1.227	-0.943	2.184984e+01	3.392776e+00	-3.392775e+00 4
592.150	1.182	-1.203	1.987829e+01	3.086641e+00	-3.086640e+00 4
595.186	1.751	-1.853	1.336221e+01	2.032773e+00	-2.032773e+00 4
598.163	0.882	-1.226	2.284575e+01	3.475492e+00	-3.475491e+00 4
600.567	0.931	-1.522	1.993254e+01	2.971371e+00	-2.971371e+00 4
602.372	0.898	-0.874	2.759736e+01	4.113976e+00	-4.113975e+00 4
604.577	1.206	-1.306	1.917296e+01	2.916755e+00	-2.916755e+00 4
606.824	0.969	-1.042	2.430202e+01	3.622735e+00	-3.622735e+00 4
609.034	1.111	-1.241	2.076913e+01	3.096082e+00	-3.096082e+00 4
611.074	0.791	-0.929	2.839353e+01	4.232663e+00	-4.232662e+00 4
613.512	1.537	-1.646	1.534743e+01	2.287862e+00	-2.287862e+00 4
615.994	0.949	-0.946	2.578071e+01	3.843166e+00	-3.843165e+00 4
617.869	1.084	-0.926	2.429731e+01	3.622032e+00	-3.622032e+00 4
620.053	1.341	-1.100	2.001163e+01	2.983161e+00	-2.983161e+00 4
622.770	1.247	-1.376	1.834578e+01	2.790917e+00	-2.790916e+00 4
625.086	1.064	-1.069	2.255352e+01	3.431035e+00	-3.431034e+00 4
627.235	1.184	-1.085	2.153423e+01	3.210137e+00	-3.210136e+00 4
629.498	0.996	-1.080	2.352738e+01	3.507259e+00	-3.507258e+00 4
631.968	1.193	-1.474	1.804012e+01	2.744418e+00	-2.744418e+00 4
634.381	1.483	-1.219	1.780260e+01	2.708284e+00	-2.708283e+00 4
637.178	1.186	-1.314	1.895237e+01	2.942866e+00	-2.942865e+00 4
639.540	1.349	-1.176	1.934917e+01	2.884407e+00	-2.884406e+00 4
642.128	1.172	-1.239	2.026307e+01	3.020644e+00	-3.020643e+00 4
644.486	1.437	-1.187	1.861455e+01	2.774896e+00	-2.774895e+00 4
647.036	1.184	-1.113	2.094668e+01	3.186589e+00	-3.186589e+00 4
649.928	1.339	-1.708	1.602854e+01	2.389396e+00	-2.389396e+00 4
652.394	1.167	-1.127	2.130098e+01	3.175365e+00	-3.175365e+00 4
654.796	1.199	-1.235	2.007088e+01	2.991993e+00	-2.991992e+00 4
657.163	1.280	-1.168	1.965309e+01	2.989796e+00	-2.989795e+00 4
660.435	1.724	-1.992	1.255908e+01	1.990877e+00	-1.990876e+00 4
663.459	1.361	-1.299	1.810814e+01	2.754765e+00	-2.754764e+00 4
666.033	1.592	-1.214	1.716669e+01	2.611544e+00	-2.611543e+00 4
669.266	2.099	-1.641	1.248132e+01	1.978550e+00	-1.978550e+00 4
672.738	0.985	-1.373	2.040893e+01	3.104782e+00	-3.104781e+00 4
675.173	1.245	-1.450	1.784940e+01	2.715403e+00	-2.715403e+00 4
677.790	1.191	-1.373	1.905352e+01	2.840334e+00	-2.840333e+00 4
680.374	1.103	-1.393	1.956956e+01	2.917261e+00	-2.917260e+00 4
682.721	1.087	-1.243	2.032631e+01	3.156208e+00	-3.156207e+00 4
684.835	0.849	-1.026	2.604938e+01	3.883216e+00	-3.883215e+00 4
686.949	1.446	-1.265	1.774393e+01	2.699359e+00	-2.699359e+00 4
689.699	1.461	-1.304	1.740139e+01	2.647249e+00	-2.647248e+00 4
692.125	1.226	-0.966	2.228607e+01	3.322215e+00	-3.322214e+00 4
694.461	1.063	-1.110	2.214747e+01	3.369264e+00	-3.369263e+00 4
697.045	1.269	-1.521	1.751038e+01	2.610297e+00	-2.610296e+00 4
699.746	1.056	-1.433	1.962565e+01	2.925623e+00	-2.925622e+00 4
702.197	1.342	-1.395	1.758284e+01	2.674852e+00	-2.674852e+00 4
705.188	1.394	-1.650	1.604734e+01	2.392198e+00	-2.392198e+00 4
707.949	1.588	-1.366	1.629078e+01	2.478293e+00	-2.478292e+00 4
710.772	1.600	-1.236	1.722522e+01	2.567787e+00	-2.567786e+00 4
713.470	1.208	-1.098	2.118540e+01	3.158136e+00	-3.158135e+00 4
716.211	1.360	-1.533	1.688569e+01	2.517173e+00	-2.517173e+00 4
718.659	0.942	-1.088	2.406346e+01	3.587173e+00	-3.587172e+00 4
720.786	1.531	-1.185	1.770914e+01	2.694066e+00	-2.694065e+00 4
723.753	1.297	-1.436	1.761973e+01	2.680465e+00	-2.680464e+00 4
726.370	1.020	-1.320	2.090222e+01	3.115922e+00	-3.115921e+00 4
728.637	1.007	-1.247	2.169409e+01	3.233967e+00	-3.233967e+00 4
731.100	1.466	-1.456	1.648700e+01	2.508144e+00	-2.508144e+00 4
733.782	1.624	-1.217	1.720463e+01	2.564717e+00	-2.564717e+00 4
736.669	1.307	-1.262	1.872732e+01	2.848961e+00	-2.848961e+00 4
739.451	1.419	-1.476	1.662093e+01	2.528518e+00	-2.528518e+00 4
742.099	1.188	-1.228	2.021837e+01	3.013980e+00	-3.013980e+00 4
744.461	1.197	-1.175	2.059724e+01	3.070459e+00	-3.070458e+00 4
747.017	1.288	-1.359	1.845113e+01	2.750534e+00	-2.750534e+00 4
749.742	1.559	-1.437	1.556555e+01	2.467465e+00	-2.467464e+00 4
752.907	1.602	-1.605	1.522752e+01	2.269987e+00	-2.269987e+00 4
755.619	1.293	-1.110	2.032281e+01	3.029549e+00	-3.029548e+00 4
758.627	1.390	-1.715	1.573451e+01	2.345564e+00	-2.345564e+00 4
761.185	1.394	-1.168	1.906716e+01	2.842368e+00	-2.842367e+00 4
764.548	1.802	-1.968	1.276281e+01	1.941587e+00	-1.941587e+00 4
767.896	1.463	-1.547	1.624515e+01	2.421686e+00	-2.421685e+00 4
770.879	1.650	-1.519	1.543344e+01	2.300684e+00	-2.300684e+00 4
773.857	1.322	-1.329	1.844751e+01	2.749996e+00	-2.749995e+00 4
776.552	1.368	-1.373	1.783699e+01	2.658984e+00	-2.658983e+00 4
778.857	1.378	-0.937	2.112746e+01	3.149499e+00	-3.149498e+00 4
781.534	1.205	-1.298	1.953577e+01	2.912223e+00	-2.912223e+00 4
784.059	0.999	-1.321	2.076079e+01	3.158309e+00	-3.158309e+00 4
786.680	1.371	-1.622	1.633760e+01	2.435468e+00	-2.435468e+00 4
789.101	0.968	-1.050	2.421113e+01	3.609186e+00	-3.609186e+00 4
791.701	1.537	-1.632	1.541574e+01	2.298045e+00	-2.298044e+00 4
794.392	0.972	-1.154	2.313935e+01	3.480141e+00	-3.480140e+00 4
796.905	1.408	-1.542	1.655945e+01	2.468540e+00	-2.468539e+00 4
799.638	1.325	-1.325	1.842729e+01	2.746981e+00	-2.746980e+00 4
803.224	2.096	-2.260	1.104663e+01	1.680509e+00	-1.680508e+00 4
806.844	1.423	-1.525	1.631995e+01	2.482731e+00	-2.482730e+00 4
809.449	1.117	-1.181	2.125125e+01	3.167952e+00	-3.167951e+00 4
812.366	1.691	-1.800	1.399422e+01	2.086137e+00	-2.086137e+00 4
815.828	1.562	-1.772	1.465136e+01	2.184098e+00	-2.184097e+00 4
819.095	1.307	-1.705	1.622461e+01	2.418625e+00	-2.418624e+00 4
821.514	1.563	-1.111	1.773612e+01	2.754010e+00	-2.754010e+00 4
824.744	1.409	-1.667	1.541781e+01	2.394030e+00	-2.394030e+00 4
827.967	1.450	-1.814	1.497924e+01	2.232975e+00	-2.232975e+00 4
831.256	1.565	-1.839	1.435561e+01	2.140010e+00	-2.140010e+00 4
833.872	1.335	-1.051	2.047499e+01	3.052235e+00	-3.052234e+00 4
836.253	1.432	-1.047	1.971066e+01	2.938295e+00	-2.938295e+00 4
838.820	1.260	-1.134	2.009113e+01	3.056435e+00	-3.056434e+00 4
841.621	1.375	-1.541	1.712382e+01	2.524772e+00	-2.524771e+00 4
844.532	1.517	-1.536	1.599947e+01	2.385063e+00	-2.385063e+00 4
847.414	1.307	-1.365	1.800320e+01	2.738802e+00	-2.738801e+00 4
850.747	1.764	-2.026	1.250079e+01	1.941084e+00	-1.941084e+00 4
853.762	1.756	-1.251	1.624599e+01	2.421812e+00	-2.421812e+00 4
857.433	1.704	-1.915	1.349830e+01	2.012210e+00	-2.012209e+00 4
860.457	1.275	-1.321	1.853411e+01	2.819568e+00	-2.819567e+00 4
863.261	1.443	-1.529	1.643076e+01	2.449355e+00	-2.449355e+00 4
866.418	1.386	-1.713	1.576119e+01	2.349542e+00	-2.349542e+00 4
869.571	1.731	-1.767	1.354387e+01	2.103051e+00	-2.103051e+00 4
873.327	2.136	-2.025	1.156101e+01	1.758759e+00	-1.758759e+00 4
877.002	1.554	-1.539	1.555869e+01	2.366921e+00	-2.366921e+00 4
880.022	1.353	-1.467	1.732194e+01	2.582205e+00	-2.582205e+00 4
883.423	1.638	-2.048	1.325076e+01	1.975309e+00	-1.975309e+00 4
886.387	1.680	-1.325	1.576514e+01	2.447962e+00	-2.447962e+00 4
890.271	2.062	-2.204	1.144955e+01	1.706800e+00	-1.706799e+00 4
894.023	1.861	-1.690	1.355464e+01	2.062048e+00	-2.062048e+00 4
897.283	1.501	-1.399	1.686298e+01	2.513787e+00	-2.513787e+00 4
900.339	1.403	-1.555	1.652843e+01	2.463916e+00	-2.463915e+00 4
903.216	1.202	-1.473	1.827569e+01	2.724381e+00	-2.724381e+00 4
906.001	1.464	-1.582	1.579728e+01	2.403218e+00	-2.403217e+00 4
909.278	1.608	-1.813	1.406218e+01	2.139260e+00	-2.139260e+00 4
912.478	1.744	-1.592	1.464322e+01	2.182884e+00	-2.182884e+00 4
916.199	1.735	-1.978	1.316575e+01	1.962637e+00	-1.962637e+00 4
920.201	1.632	-2.266	1.254516e+01	1.870125e+00	-1.870124e+00 4
923.249	1.342	-1.416	1.773319e+01	2.643511e+00	-2.643510e+00 4
926.296	1.333	-1.705	1.608288e+01	2.397497e+00	-2.397497e+00 4
929.241	1.553	-1.612	1.543342e+01	2.300681e+00	-2.300681e+00 4
932.094	1.024	-1.300	2.070598e+01	3.149971e+00	-3.149970e+00 4
935.416	1.893	-2.298	1.165626e+01	1.737615e+00	-1.737615e+00 4
939.281	1.797	-1.971	1.239021e+01	1.964106e+00	-1.964106e+00 4
942.892	1.897	-1.814	1.317668e+01	1.964266e+00	-1.964265e+00 4
946.759	1.679	-1.970	1.279118e+01	2.027669e+00	-2.027668e+00 4
950.136	1.978	-1.698	1.248765e+01	2.021313e+00	-2.021313e+00 4
953.512	1.652	-1.398	1.577746e+01	2.400202e+00	-2.400202e+00 4
956.994	1.655	-1.831	1.401546e+01	2.089304e+00	-2.089304e+00 4
960.519	1.721	-1.871	1.318768e+01	2.047743e+00	-2.047743e+00 4
964.282	1.801	-2.042	1.251861e+01	1.904438e+00	-1.904437e+00 4
968.065	1.648	-1.981	1.345836e+01	2.006256e+00	-2.006255e+00 4
971.368	1.283	-1.655	1.663032e+01	2.479105e+00	-2.479104e+00 4
974.472	1.589	-1.822	1.389065e+01	2.156898e+00	-2.156898e+00 4
977.777	1.639	-1.716	1.433848e+01	2.181292e+00	-2.181291e+00 4
980.927	1.431	-1.511	1.661691e+01	2.477106e+00	-2.477105e+00 4
984.244	1.485	-1.885	9.778404e+00	1.808888e+00	-1.808887e+00 4
987.508	1.322	-1.779	1.553162e+01	2.362802e+00	-2.362802e+00 4
990.310	1.619	-1.480	1.577050e+01	2.350929e+00	-2.350929e+00 4
993.396	1.360	-1.467	1.727882e+01	2.575777e+00	-2.575776e+00 4
996.418	1.720	-1.662	1.444303e+01	2.153042e+00	-2.153042e+00 4
1000.235	1.975	-2.097	1.199491e+01	1.788097e+00	-1.788097e+00 4
1004.241	1.786	-2.030	1.280051e+01	1.908189e+00	-1.908189e+00 4
1007.996	1.730	-1.969	1.320680e+01	1.968756e+00	-1.968755e+00 4
1011.744	1.979	-2.018	1.221910e+01	1.821518e+00	-1.821518e+00 4
1015.393	1.634	-1.670	1.411582e+01	2.237652e+00	-2.237651e+00 4
1018.421	1.228	-1.394	1.806459e+01	2.805015e+00	-2.805014e+00 4
1021.803	2.375	-2.153	1.078803e+01	1.608186e+00	-1.608185e+00 4
1025.956	2.041	-1.779	1.259461e+01	1.916000e+00	-1.916000e+00 4
1029.444	1.470	-1.446	1.649825e+01	2.509855e+00	-2.509855e+00 4
1032.531	1.487	-1.618	1.573386e+01	2.345468e+00	-2.345468e+00 4
1035.647	2.061	-1.629	1.283940e+01	1.993662e+00	-1.993662e+00 4
1039.652	1.333	-1.944	9.487629e+00	1.842000e+00	-1.842000e+00 4
1042.889	1.577	-1.904	1.361070e+01	2.113428e+00	-2.113428e+00 4
1046.191	1.362	-1.724	1.584225e+01	2.361625e+00	-2.361625e+00 4
1049.110	1.911	-1.556	1.367717e+01	2.123749e+00	-2.123749e+00 4
1052.681	1.693	-1.660	1.436120e+01	2.184749e+00	-2.184749e+00 4
1056.371	1.777	-1.996	1.274924e+01	1.939523e+00	-1.939523e+00 4
1059.970	1.604	-1.822	1.425507e+01	2.125022e+00	-2.125022e+00 4
1063.208	1.519	-1.634	1.526024e+01	2.321519e+00	-2.321519e+00 4
1066.827	2.377	-2.099	1.091237e+01	1.626722e+00	-1.626722e+00 4
1070.955	1.866	-1.751	1.350494e+01	2.013200e+00	-2.013200e+00 4
1074.400	1.191	-1.579	1.736755e+01	2.642101e+00	-2.642100e+00 4
1077.355	1.513	-1.764	1.468019e+01	2.233276e+00	-2.233275e+00 4
1080.542	2.016	-1.674	1.323772e+01	1.973364e+00	-1.973364e+00 4
1084.251	1.721	-1.693	1.387518e+01	2.154496e+00	-2.154496e+00 4
1087.692	1.761	-1.721	1.360639e+01	2.112758e+00	-2.112758e+00 4
1091.572	2.282	-2.118	1.110237e+01	1.655046e+00	-1.655046e+00 4
1095.560	1.661	-1.707	1.450629e+01	2.162472e+00	-2.162472e+00 4
1099.032	1.369	-1.810	1.514937e+01	2.304652e+00	-2.304652e+00 4
1102.237	1.829	-1.836	1.334305e+01	1.989066e+00	-1.989066e+00 4
1105.792	1.537	-1.726	1.498728e+01	2.234175e+00	-2.234174e+00 4
1109.612	1.904	-2.284	1.148853e+01	1.747733e+00	-1.747733e+00 4
1113.433	1.802	-1.916	1.293876e+01	1.968356e+00	-1.968355e+00 4
1117.037	1.395	-1.802	1.527903e+01	2.277665e+00	-2.277665e+00 4
1120.470	2.378	-2.038	1.056146e+01	1.674212e+00	-1.674211e+00 4
1125.039	1.711	-2.191	1.252003e+01	1.866378e+00	-1.866378e+00 4
1128.631	1.761	-1.881	1.341309e+01	1.999508e+00	-1.999508e+00 4
1131.941	2.000	-1.549	1.376293e+01	2.051658e+00	-2.051658e+00 4
1135.869	1.848	-1.929	1.254290e+01	1.947623e+00	-1.947623e+00 4
1139.588	1.706	-1.870	1.345411e+01	2.046755e+00	-2.046755e+00 4
1142.686	1.737	-1.392	1.537401e+01	2.338827e+00	-2.338826e+00 4
1146.280	1.691	-1.857	1.356213e+01	2.063188e+00	-2.063187e+00 4
1149.802	1.553	-1.831	9.188221e+00	1.783871e+00	-1.783870e+00 4
1153.401	2.128	-2.046	1.152691e+01	1.753573e+00	-1.753573e+00 4
1157.899	2.398	-2.370	1.024493e+01	1.527226e+00	-1.527226e+00 4
1162.244	2.040	-1.947	1.206667e+01	1.835686e+00	-1.835686e+00 4
1166.331	2.203	-2.047	1.114566e+01	1.730663e+00	-1.730663e+00 4
1171.033	2.050	-2.499	1.041354e+01	1.616982e+00	-1.616982e+00 4
1175.258	1.743	-2.174	1.190470e+01	1.887144e+00	-1.887144e+00 4
1179.266	1.715	-2.265	1.171835e+01	1.857603e+00	-1.857602e+00 4
1182.835	2.286	-1.854	1.162071e+01	1.767842e+00	-1.767841e+00 4
1186.711	1.575	-1.590	1.519991e+01	2.312340e+00	-2.312340e+00 4
1190.209	1.721	-1.923	1.340572e+01	1.998408e+00	-1.998408e+00 4
1194.096	1.369	-2.166	1.319193e+01	2.091197e+00	-2.091196e+00 4
1197.465	1.958	-2.001	1.215322e+01	1.848853e+00	-1.848852e+00 4
1201.396	1.779	-1.973	1.301805e+01	1.940618e+00	-1.940618e+00 4
1205.185	1.732	-2.010	1.285873e+01	1.956180e+00	-1.956180e+00 4
1209.048	2.660	-2.131	9.887805e+00	1.535348e+00	-1.535348e+00 4
1213.618	1.984	-1.910	1.282166e+01	1.890452e+00	-1.890452e+00 4
1217.536	2.676	-1.933	1.043711e+01	1.587783e+00	-1.587783e+00 4
1222.030	2.034	-1.817	1.268209e+01	1.890537e+00	-1.890537e+00 4
1225.966	2.169	-1.901	1.200035e+01	1.788909e+00	-1.788908e+00 4
1230.063	1.559	-1.928	1.400867e+01	2.088291e+00	-2.088290e+00 4
1233.669	2.218	-2.047	1.145467e+01	1.707563e+00	-1.707563e+00 4
1237.865	1.908	-1.978	9.398078e+00	1.674322e+00	-1.674321e+00 4
1241.332	2.274	-1.560	9.140070e+00	1.718493e+00	-1.718493e+00 4
1245.842	1.623	-2.236	1.227604e+01	1.906186e+00	-1.906185e+00 4
1249.890	2.549	-2.425	9.671487e+00	1.471309e+00	-1.471309e+00 4
1254.537	1.752	-2.098	1.268747e+01	1.891338e+00	-1.891338e+00 4
1258.408	1.956	-2.118	1.198911e+01	1.787234e+00	-1.787233e+00 4
1261.700	1.561	-1.336	1.686423e+01	2.513974e+00	-2.513973e+00 4
1265.436	1.979	-2.175	1.175807e+01	1.752791e+00	-1.752791e+00 4
1269.111	1.472	-1.697	1.541557e+01	2.298019e+00	-2.298019e+00 4
1272.848	2.345	-2.265	1.059628e+01	1.579601e+00	-1.579601e+00 4
1277.229	2.437	-2.036	1.075617e+01	1.636322e+00	-1.636321e+00 4
1281.779	2.048	-2.113	1.156146e+01	1.758828e+00	-1.758827e+00 4
1285.515	1.584	-1.688	9.953569e+00	1.817266e+00	-1.817266e+00 4
1288.871	1.548	-1.772	1.471383e+01	2.193410e+00	-2.193410e+00 4
1292.742	1.665	-2.324	1.187634e+01	1.844122e+00	-1.844121e+00 4
1296.582	1.457	-2.174	1.345189e+01	2.005291e+00	-2.005290e+00 4
1299.559	1.880	-1.520	1.415001e+01	2.152621e+00	-2.152620e+00 4
1303.286	1.545	-1.847	8.831622e+00	1.846335e+00	-1.846335e+00 4
1306.579	2.252	-1.747	9.314568e+00	1.616141e+00	-1.616140e+00 4
1310.546	2.166	-1.715	1.239821e+01	1.886121e+00	-1.886121e+00 4
1314.623	1.887	-1.912	1.266553e+01	1.926789e+00	-1.926789e+00 4
1318.484	2.036	-1.974	1.162938e+01	1.843499e+00	-1.843498e+00 4
1322.895	1.685	-2.375	7.839538e+00	1.475654e+00	-1.475654e+00 4
1326.443	2.172	-1.863	1.174061e+01	1.823046e+00	-1.823046e+00 4
1329.828	1.746	-1.213	1.626097e+01	2.473758e+00	-2.473757e+00 4
1333.417	1.738	-1.843	1.343347e+01	2.043614e+00	-2.043614e+00 4
1337.009	1.545	-1.854	1.415048e+01	2.152692e+00	-2.152692e+00 4
1340.389	1.973	-1.834	1.282976e+01	1.912550e+00	-1.912550e+00 4
1344.410	1.823	-2.048	1.261771e+01	1.880939e+00	-1.880938e+00 4
1347.685	2.060	-1.452	9.062750e+00	1.705902e+00	-1.705902e+00 4
1351.725	1.600	-1.980	1.364622e+01	2.034261e+00	-2.034260e+00 4
1355.391	1.543	-2.065	1.333431e+01	2.028530e+00	-2.028530e+00 4
1358.530	1.589	-1.597	1.533005e+01	2.285272e+00	-2.285271e+00 4
1361.987	1.614	-1.868	1.381800e+01	2.102113e+00	-2.102113e+00 4
1365.904	2.067	-2.302	1.117944e+01	1.666534e+00	-1.666534e+00 4
1370.079	2.016	-2.108	1.166621e+01	1.774764e+00	-1.774764e+00 4
1374.007	1.979	-1.912	1.255430e+01	1.871487e+00	-1.871487e+00 4
1378.032	2.249	-2.046	1.137342e+01	1.695452e+00	-1.695451e+00 4
1381.907	1.942	-1.627	1.327356e+01	2.061078e+00	-2.061077e+00 4
1385.679	1.733	-1.829	9.142764e+00	1.669234e+00	-1.669234e+00 4
1389.699	1.650	-2.287	1.221950e+01	1.858935e+00	-1.858935e+00 4
1393.710	2.211	-2.362	1.052210e+01	1.600712e+00	-1.600712e+00 4
1397.609	1.767	-1.688	1.413693e+01	2.107411e+00	-2.107411e+00 4
1401.465	2.382	-2.089	1.059507e+01	1.645169e+00	-1.645169e+00 4
1405.985	2.391	-2.138	1.062077e+01	1.615722e+00	-1.615722e+00 4
1410.239	1.970	-1.862	1.255428e+01	1.909864e+00	-1.909864e+00 4
1414.652	2.384	-2.443	1.012021e+01	1.508634e+00	-1.508634e+00 4
1419.191	2.008	-2.155	1.155663e+01	1.758094e+00	-1.758094e+00 4
1423.099	1.744	-1.900	1.340659e+01	1.998539e+00	-1.998538e+00 4
1426.901	1.804	-2.058	1.264683e+01	1.885281e+00	-1.885280e+00 4
1430.466	1.573	-1.761	9.766761e+00	1.783160e+00	-1.783159e+00 4
1434.112	1.595	-2.073	1.271179e+01	2.015084e+00	-2.015084e+00 4
1437.304	1.829	-1.596	9.825011e+00	1.764625e+00	-1.764625e+00 4
1440.787	1.279	-1.655	1.639881e+01	2.494728e+00	-2.494728e+00 4
1444.025	1.942	-1.959	9.737678e+00	1.645969e+00	-1.645969e+00 4
1448.110	1.327	-2.142	1.365494e+01	2.120298e+00	-2.120298e+00 4
1451.292	1.726	-1.855	1.363790e+01	2.033020e+00	-2.033020e+00 4
1454.745	1.586	-1.726	9.384304e+00	1.821940e+00	-1.821939e+00 4
1457.880	1.988	-1.549	9.611690e+00	1.748421e+00	-1.748421e+00 4
1461.614	1.784	-1.746	1.383876e+01	2.062964e+00	-2.062963e+00 4
1465.774	1.535	-2.376	8.327568e+00	1.520400e+00	-1.520400e+00 4
1469.582	2.287	-2.273	1.071255e+01	1.596935e+00	-1.596934e+00 4
1473.652	1.761	-1.783	1.378344e+01	2.054716e+00	-2.054715e+00 4
1477.452	1.980	-2.039	1.215438e+01	1.811870e+00	-1.811869e+00 4
1481.171	2.061	-1.740	9.232440e+00	1.652350e+00	-1.652350e+00 4
1485.330	1.818	-2.098	1.190977e+01	1.887948e+00	-1.887947e+00 4
1489.336	1.605	-2.188	1.268384e+01	1.929575e+00	-1.929574e+00 4
1492.890	1.848	-1.949	1.267199e+01	1.927771e+00	-1.927771e+00 4
1496.316	1.457	-1.579	1.609409e+01	2.399169e+00	-2.399168e+00 4
1499.900	2.366	-2.128	1.070544e+01	1.628604e+00	-1.628604e+00 4
1504.259	1.724	-1.993	8.761812e+00	1.599682e+00	-1.599682e+00 4
1507.738	1.350	-1.755	1.549625e+01	2.357423e+00	-2.357422e+00 4
1511.217	1.871	-2.129	7.957826e+00	1.497920e+00	-1.497920e+00 4
1515.214	2.135	-2.126	9.934933e+00	1.590864e+00	-1.590864e+00 4
1519.369	1.687	-2.021	1.277658e+01	1.983909e+00	-1.983908e+00 4
1522.628	1.919	-1.572	9.328866e+00	1.703211e+00	-1.703211e+00 4
1526.456	1.599	-1.910	9.071982e+00	1.707640e+00	-1.707640e+00 4
1529.913	1.692	-1.858	1.376274e+01	2.051630e+00	-2.051630e+00 4
1533.811	1.978	-2.207	1.132119e+01	1.757919e+00	-1.757919e+00 4
1537.524	2.357	-1.735	9.104261e+00	1.579651e+00	-1.579651e+00 4
1541.824	1.840	-1.943	1.252438e+01	1.944747e+00	-1.944746e+00 4
1546.092	2.292	-2.428	1.003667e+01	1.558463e+00	-1.558463e+00 4
1550.533	2.296	-2.150	1.048942e+01	1.662791e+00	-1.662791e+00 4
1555.061	2.456	-2.232	9.948053e+00	1.576974e+00	-1.576974e+00 4
1559.143	1.673	-1.626	1.480884e+01	2.207574e+00	-2.207573e+00 4
1563.223	2.068	-2.407	1.058738e+01	1.643976e+00	-1.643976e+00 4
1567.695	1.995	-2.405	1.093488e+01	1.663508e+00	-1.663507e+00 4
1571.839	2.034	-2.149	1.150242e+01	1.749847e+00	-1.749847e+00 4
1575.564	1.584	-1.691	9.717621e+00	1.829170e+00	-1.829170e+00 4
1579.541	1.725	-2.392	1.132789e+01	1.795706e+00	-1.795706e+00 4
1583.445	2.021	-2.180	1.162872e+01	1.733510e+00	-1.733509e+00 4
1587.430	2.201	-1.964	1.172821e+01	1.748341e+00	-1.748340e+00 4
1591.270	2.300	-1.639	1.183976e+01	1.876850e+00	-1.876849e+00 4
1595.610	2.018	-2.040	1.203694e+01	1.794362e+00	-1.794362e+00 4
1599.676	1.988	-2.048	1.210025e+01	1.803801e+00	-1.803800e+00 4
1603.358	2.073	-1.693	9.602928e+00	1.691806e+00	-1.691805e+00 4
1607.389	1.603	-1.957	1.351362e+01	2.055807e+00	-2.055807e+00 4
1611.048	1.862	-2.057	1.246230e+01	1.857771e+00	-1.857771e+00 4
1614.871	2.608	-1.961	1.069103e+01	1.593726e+00	-1.593726e+00 4
1619.825	2.069	-2.345	1.089924e+01	1.658085e+00	-1.658085e+00 4
1623.117	1.784	-1.223	1.624629e+01	2.421857e+00	-2.421856e+00 4
1626.561	1.871	-1.661	9.836044e+00	1.738785e+00	-1.738784e+00 4
1630.555	2.401	-2.124	1.063367e+01	1.617686e+00	-1.617685e+00 4
1634.277	2.127	-1.321	9.545401e+00	1.765785e+00	-1.765785e+00 4
1638.027	1.980	-1.623	8.629487e+00	1.675394e+00	-1.675394e+00 4
1642.094	2.144	-2.087	1.137158e+01	1.729943e+00	-1.729943e+00 4
1646.285	1.957	-2.048	7.947684e+00	1.496011e+00	-1.496011e+00 4
1649.988	1.818	-1.745	1.370782e+01	2.043443e+00	-2.043443e+00 4
1653.851	1.857	-2.045	8.345964e+00	1.523759e+00	-1.523759e+00 4
1657.516	2.212	-1.809	9.718264e+00	1.619712e+00	-1.619712e+00 4
1661.878	1.944	-2.150	1.193145e+01	1.778637e+00	-1.778637e+00 4
1665.986	2.825	-2.164	9.643729e+00	1.467087e+00	-1.467086e+00 4
1670.723	2.671	-1.912	1.065803e+01	1.588807e+00	-1.588806e+00 4
1675.566	2.555	-2.172	1.033245e+01	1.540272e+00	-1.540272e+00 4
1680.123	2.185	-2.002	9.852417e+00	1.598275e+00	-1.598274e+00 4
1684.128	2.017	-1.820	1.272805e+01	1.897387e+00	-1.897387e+00 4
1688.097	2.313	-1.952	1.128152e+01	1.716241e+00	-1.716241e+00 4
1692.249	1.923	-1.840	1.298158e+01	1.935182e+00	-1.935182e+00 4
1696.289	1.897	-2.117	8.113521e+00	1.481321e+00	-1.481320e+00 4
1700.650	2.513	-2.464	9.598041e+00	1.446961e+00	-1.446960e+00 4
1705.567	2.146	-2.405	1.073354e+01	1.600063e+00	-1.600063e+00 4
1709.455	1.695	-1.742	9.474344e+00	1.729772e+00	-1.729772e+00 4
1712.794	2.151	-1.644	1.287243e+01	1.918911e+00	-1.918911e+00 4
1717.217	2.057	-2.272	1.128480e+01	1.682240e+00	-1.682240e+00 4
1721.399	2.519	-2.125	1.036069e+01	1.576157e+00	-1.576156e+00 4
1726.197	2.095	-2.279	1.116479e+01	1.664351e+00	-1.664351e+00 4
1730.200	1.829	-1.907	8.517610e+00	1.603289e+00	-1.603289e+00 4
1734.288	1.758	-2.259	1.160714e+01	1.839974e+00	-1.839974e+00 4
1737.896	1.793	-1.850	9.425888e+00	1.735004e+00	-1.735004e+00 4
1742.044	2.111	-2.355	1.060812e+01	1.647197e+00	-1.647197e+00 4
1746.145	1.645	-1.989	8.756258e+00	1.648211e+00	-1.648211e+00 4
1750.221	2.225	-2.431	1.033275e+01	1.571906e+00	-1.571906e+00 4
1754.513	2.688	-2.067	6.847479e+00	1.250174e+00	-1.250174e+00 4
1758.456	1.866	-1.254	1.565299e+01	2.333412e+00	-2.333411e+00 4
1762.120	1.594	-1.798	9.163783e+00	1.779126e+00	-1.779126e+00 4
1765.558	2.178	-1.843	7.732409e+00	1.501228e+00	-1.501228e+00 4
1769.766	2.288	-2.030	1.062982e+01	1.720596e+00	-1.720596e+00 4
1773.816	1.833	-1.762	9.056758e+00	1.653531e+00	-1.653531e+00 4
1777.644	1.843	-1.995	9.142327e+00	1.636222e+00	-1.636222e+00 4
1781.472	2.470	-1.985	9.658588e+00	1.577540e+00	-1.577540e+00 4
1785.574	1.629	-1.632	9.984927e+00	1.822991e+00	-1.822991e+00 4
1788.916	2.234	-1.713	8.247994e+00	1.505872e+00	-1.505872e+00 4
1793.431	2.075	-2.281	7.307749e+00	1.375555e+00	-1.375554e+00 4
1797.729	2.264	-2.223	1.072203e+01	1.631126e+00	-1.631126e+00 4
1802.119	1.840	-2.126	1.213133e+01	1.845522e+00	-1.845522e+00 4
1805.824	1.878	-1.865	8.502323e+00	1.600412e+00	-1.600412e+00 4
1810.053	2.327	-2.351	9.970393e+00	1.580515e+00	-1.580515e+00 4
1814.637	2.243	-2.258	7.070768e+00	1.330947e+00	-1.330947e+00 4
1818.817	1.531	-1.937	9.391187e+00	1.714589e+00	-1.714589e+00 4
1822.225	2.252	-1.877	1.182904e+01	1.763371e+00	-1.763370e+00 4
1826.671	2.228	-2.193	1.071522e+01	1.663827e+00	-1.663827e+00 4
1830.695	1.617	-1.797	9.322295e+00	1.754757e+00	-1.754757e+00 4
1833.964	1.832	-1.652	9.348088e+00	1.706721e+00	-1.706720e+00 4
1838.327	1.894	-2.531	7.192982e+00	1.353952e+00	-1.353951e+00 4
1842.498	2.194	-2.277	9.771240e+00	1.686027e+00	-1.686026e+00 4
1846.714	2.629	-2.022	1.050287e+01	1.565678e+00	-1.565677e+00 4
1851.268	2.392	-1.926	7.541446e+00	1.376874e+00	-1.376874e+00 4
1855.771	1.577	-2.111	8.629466e+00	1.624344e+00	-1.624344e+00 4
1859.384	2.426	-2.036	1.061662e+01	1.648517e+00	-1.648516e+00 4
1864.066	2.196	-2.255	1.080764e+01	1.644150e+00	-1.644150e+00 4
1868.085	1.703	-1.823	1.385285e+01	2.065063e+00	-2.065063e+00 4
1871.875	1.701	-2.087	8.402929e+00	1.581703e+00	-1.581703e+00 4
1876.031	2.384	-2.455	9.789643e+00	1.520106e+00	-1.520106e+00 4
1879.967	2.010	-1.552	1.371440e+01	2.044424e+00	-2.044423e+00 4
1884.469	1.749	-2.492	1.151690e+01	1.716840e+00	-1.716840e+00 4
1888.803	1.641	-2.585	7.706728e+00	1.407051e+00	-1.407050e+00 4
1893.816	2.321	-3.372	5.719816e+00	1.044292e+00	-1.044291e+00 4
1898.652	1.903	-2.515	7.371544e+00	1.345855e+00	-1.345854e+00 4
1902.342	1.865	-1.787	8.915487e+00	1.627739e+00	-1.627739e+00 4
1906.200	1.993	-1.993	8.171288e+00	1.491867e+00	-1.491867e+00 4
1910.005	2.274	-1.812	9.116125e+00	1.581709e+00	-1.581709e+00 4
1914.678	1.624	-2.399	7.912096e+00	1.489312e+00	-1.489312e+00 4
1917.998	2.029	-1.696	8.740990e+00	1.595880e+00	-1.595880e+00 4
1921.921	2.103	-1.894	7.961752e+00	1.498659e+00	-1.498659e+00 4
1926.234	2.486	-2.209	9.784688e+00	1.524199e+00	-1.524199e+00 4
1930.517	1.662	-1.797	9.728868e+00	1.747358e+00	-1.747357e+00 4
1934.084	1.502	-1.905	9.557430e+00	1.744941e+00	-1.744941e+00 4
1938.067	2.299	-2.482	6.811543e+00	1.243613e+00	-1.243613e+00 4
1942.130	1.707	-1.764	9.169742e+00	1.726042e+00	-1.726042e+00 4
1945.541	1.989	-1.704	8.617564e+00	1.622104e+00	-1.622104e+00 4
1949.426	2.282	-1.895	1.169349e+01	1.743165e+00	-1.743164e+00 4
1953.410	1.787	-1.702	9.644627e+00	1.732227e+00	-1.732227e+00 4
1957.511	1.892	-2.314	1.161361e+01	1.731257e+00	-1.731256e+00 4
1961.207	1.669	-1.804	1.406487e+01	2.096669e+00	-2.096668e+00 4
1964.909	2.279	-2.033	1.132640e+01	1.688443e+00	-1.688442e+00 4
1968.791	1.737	-1.603	9.089229e+00	1.820927e+00	-1.820927e+00 4
1972.423	2.319	-1.896	1.158885e+01	1.727566e+00	-1.727565e+00 4
1976.961	1.265	-2.219	9.658769e+00	1.734767e+00	-1.734767e+00 4
1979.669	1.749	-1.443	1.507171e+01	2.292837e+00	-2.292837e+00 4
1983.463	1.879	-2.046	8.296988e+00	1.514817e+00	-1.514817e+00 4
1987.515	2.087	-2.173	1.146874e+01	1.709660e+00	-1.709660e+00 4
1991.428	1.756	-1.827	9.088410e+00	1.659310e+00	-1.659310e+00 4
1994.773	2.058	-1.588	9.326164e+00	1.696482e+00	-1.696482e+00 4
1998.975	2.668	-2.145	1.014965e+01	1.513022e+00	-1.513022e+00 4
2003.748	2.747	-2.105	9.612107e+00	1.523719e+00	-1.523719e+00 4
2009.007	2.446	-2.513	6.567639e+00	1.199082e+00	-1.199082e+00 4
2013.138	1.850	-1.685	9.211896e+00	1.681856e+00	-1.681855e+00 4
2016.896	1.913	-1.908	8.520776e+00	1.555675e+00	-1.555675e+00 4
2020.635	1.754	-1.826	1.302748e+01	2.065128e+00	-2.065127e+00 4
2024.048	2.086	-1.659	9.367567e+00	1.676534e+00	-1.676534e+00 4
2028.285	2.576	-2.151	1.017761e+01	1.548305e+00	-1.548304e+00 4
2032.821	1.437	-1.959	9.588250e+00	1.750568e+00	-1.750568e+00 4
2036.238	2.437	-1.980	1.130321e+01	1.666569e+00	-1.666569e+00 4
2040.407	2.260	-1.732	9.603332e+00	1.641739e+00	-1.641739e+00 4
2044.435	2.220	-1.768	1.225122e+01	1.826306e+00	-1.826306e+00 4
2048.519	2.907	-1.865	9.928364e+00	1.541646e+00	-1.541646e+00 4
2052.853	2.294	-1.426	9.921111e+00	1.701458e+00	-1.701458e+00 4
2056.761	1.768	-1.614	1.422526e+01	2.164069e+00	-2.164069e+00 4
2060.004	1.800	-1.476	9.942019e+00	1.815157e+00	-1.815157e+00 4
2063.402	1.892	-1.598	9.117780e+00	1.716261e+00	-1.716261e+00 4
2067.184	1.987	-1.890	8.399835e+00	1.533594e+00	-1.533594e+00 4
2070.941	1.575	-1.770	9.294782e+00	1.804559e+00	-1.804559e+00 4
2074.297	2.177	-1.781	7.667334e+00	1.536066e+00	-1.536066e+00 4
2078.739	2.273	-2.264	7.015103e+00	1.320469e+00	-1.320469e+00 4
2082.966	1.890	-1.955	8.278039e+00	1.558194e+00	-1.558194e+00 4
2087.077	1.688	-2.221	8.142310e+00	1.532646e+00	-1.532646e+00 4
2090.812	1.874	-2.047	8.304692e+00	1.516223e+00	-1.516223e+00 4
2094.635	2.143	-1.949	9.634875e+00	1.623599e+00	-1.623599e+00 4
2098.626	1.965	-1.848	8.541194e+00	1.559403e+00	-1.559402e+00 4
2102.123	1.885	-1.532	9.097219e+00	1.766203e+00	-1.766203e+00 4
2106.478	2.304	-2.470	1.007912e+01	1.533323e+00	-1.533323e+00 4
2110.778	1.362	-1.997	9.695086e+00	1.770074e+00	-1.770073e+00 4
2114.190	1.895	-2.049	1.238422e+01	1.846132e+00	-1.846132e+00 4
2118.411	2.488	-2.326	9.993216e+00	1.520254e+00	-1.520253e+00 4
2123.938	1.957	-3.038	6.518614e+00	1.190132e+00	-1.190131e+00 4
2127.805	1.467	-1.910	9.643906e+00	1.760730e+00	-1.760729e+00 4
2131.814	2.203	-2.542	6.863130e+00	1.253031e+00	-1.253031e+00 4
2136.361	2.750	-2.344	9.163487e+00	1.397420e+00	-1.397420e+00 4
2140.982	2.954	-1.871	6.749060e+00	1.232205e+00	-1.232205e+00 4
2146.075	1.784	-2.139	9.961113e+00	1.660187e+00	-1.660187e+00 4
2149.957	1.828	-2.099	7.918048e+00	1.537270e+00	-1.537269e+00 4
2154.031	2.076	-2.246	7.364845e+00	1.386302e+00	-1.386302e+00 4
2157.889	1.824	-1.782	9.932866e+00	1.729091e+00	-1.729091e+00 4
2161.461	1.604	-1.748	9.715212e+00	1.773748e+00	-1.773748e+00 4
2165.342	1.769	-2.277	1.207401e+01	1.799889e+00	-1.799889e+00 4
2169.970	1.282	-2.860	7.862693e+00	1.435526e+00	-1.435526e+00 4
2172.906	2.013	-1.653	8.881328e+00	1.621502e+00	-1.621502e+00 4
2177.026	1.967	-2.107	7.992799e+00	1.459280e+00	-1.459280e+00 4
2180.912	1.684	-1.919	8.834104e+00	1.662864e+00	-1.662864e+00 4
2185.447	2.207	-2.851	6.438079e+00	1.175428e+00	-1.175428e+00 4
2189.464	1.465	-1.811	9.492150e+00	1.842878e+00	-1.842877e+00 4
2192.561	1.789	-1.632	1.427745e+01	2.128358e+00	-2.128358e+00 4
2196.048	1.748	-1.698	9.021480e+00	1.751498e+00	-1.751498e+00 4
2199.550	1.597	-1.753	9.719984e+00	1.774619e+00	-1.774619e+00 4
2203.170	1.969	-2.023	8.156288e+00	1.489129e+00	-1.489129e+00 4
2207.346	1.728	-2.207	8.087187e+00	1.522270e+00	-1.522270e+00 4
2211.507	2.483	-2.432	6.624483e+00	1.209460e+00	-1.209460e+00 4
2215.439	2.099	-1.449	9.179225e+00	1.675891e+00	-1.675891e+00 4
2219.264	1.660	-1.726	9.618162e+00	1.756029e+00	-1.756029e+00 4
2222.720	1.689	-1.796	9.343145e+00	1.705818e+00	-1.705818e+00 4
2226.596	2.524	-2.187	6.755609e+00	1.271624e+00	-1.271624e+00 4
2231.097	2.121	-1.977	7.947589e+00	1.451026e+00	-1.451025e+00 4
2235.229	1.471	-2.012	9.347865e+00	1.706680e+00	-1.706680e+00 4
2238.361	2.095	-1.661	8.670501e+00	1.583011e+00	-1.583011e+00 4
2242.736	1.766	-2.280	8.049179e+00	1.469573e+00	-1.469573e+00 4
2247.087	2.066	-2.584	6.843751e+00	1.288215e+00	-1.288215e+00 4
2250.994	1.800	-1.841	8.941568e+00	1.632501e+00	-1.632500e+00 4
2254.644	1.715	-1.849	8.931052e+00	1.681113e+00	-1.681112e+00 4
2258.263	1.641	-1.904	9.183832e+00	1.676732e+00	-1.676732e+00 4
2261.386	1.794	-1.482	9.941852e+00	1.815127e+00	-1.815127e+00 4
2265.708	1.793	-2.528	7.194077e+00	1.396712e+00	-1.396712e+00 4
2270.392	1.964	-2.891	6.706813e+00	1.224492e+00	-1.224492e+00 4
2274.288	2.250	-1.931	1.132988e+01	1.759270e+00	-1.759269e+00 4
2278.173	2.022	-1.636	8.700548e+00	1.637724e+00	-1.637724e+00 4
2282.393	1.832	-2.198	8.081100e+00	1.475401e+00	-1.475401e+00 4
2286.115	1.759	-1.890	1.318507e+01	2.005826e+00	-2.005825e+00 4
2289.885	1.785	-2.011	8.577545e+00	1.566039e+00	-1.566039e+00 4
2294.261	1.891	-2.590	7.266083e+00	1.326600e+00	-1.326600e+00 4
2298.369	2.185	-2.216	7.398264e+00	1.350733e+00	-1.350733e+00 4
2303.002	1.991	-2.448	7.335995e+00	1.339364e+00	-1.339364e+00 4
2307.035	1.387	-2.043	9.493418e+00	1.733254e+00	-1.733254e+00 4
2310.067	2.177	-1.645	9.941379e+00	1.680401e+00	-1.680401e+00 4
2315.039	1.523	-2.795	7.371022e+00	1.387465e+00	-1.387464e+00 4
2318.301	1.884	-1.738	9.289811e+00	1.668501e+00	-1.668500e+00 4
2322.854	1.673	-2.670	7.159107e+00	1.389923e+00	-1.389923e+00 4
2326.381	1.725	-1.854	9.097179e+00	1.660911e+00	-1.660911e+00 4
2329.927	1.683	-1.820	9.085467e+00	1.710179e+00	-1.710178e+00 4
2333.726	2.016	-2.115	7.704193e+00	1.450178e+00	-1.450178e+00 4
2337.741	1.856	-2.000	8.446322e+00	1.542081e+00	-1.542081e+00 4
2341.425	1.972	-1.828	8.568817e+00	1.564446e+00	-1.564446e+00 4
2345.246	2.017	-1.849	9.545969e+00	1.637122e+00	-1.637121e+00 4
2349.370	1.789	-2.107	8.168286e+00	1.537535e+00	-1.537535e+00 4
2353.224	2.602	-2.065	6.819826e+00	1.283712e+00	-1.283712e+00 4
2357.113	2.285	-1.287	9.115276e+00	1.664215e+00	-1.664215e+00 4
2361.513	2.026	-2.114	7.865925e+00	1.436116e+00	-1.436116e+00 4
2365.609	2.077	-2.070	7.852492e+00	1.433663e+00	-1.433663e+00 4
2369.601	1.639	-1.916	9.160824e+00	1.672531e+00	-1.672531e+00 4
2372.989	1.581	-1.749	9.777363e+00	1.785095e+00	-1.785095e+00 4
2376.636	3.036	-2.065	6.239784e+00	1.174529e+00	-1.174529e+00 4
2381.594	1.945	-1.923	8.419798e+00	1.537239e+00	-1.537239e+00 4
2385.404	1.604	-1.865	9.174581e+00	1.726953e+00	-1.726952e+00 4
2389.278	1.633	-2.270	8.160469e+00	1.536064e+00	-1.536064e+00 4
2393.134	2.089	-2.222	6.706848e+00	1.432825e+00	-1.432825e+00 4
2397.850	1.635	-2.628	7.647691e+00	1.396272e+00	-1.396272e+00 4
2401.830	2.457	-2.345	6.781999e+00	1.238219e+00	-1.238219e+00 4
2406.458	1.877	-2.170	8.045954e+00	1.468985e+00	-1.468984e+00 4
2410.012	2.194	-1.677	8.411688e+00	1.535758e+00	-1.535758e+00 4
2414.727	2.300	-2.521	6.448015e+00	1.251866e+00	-1.251866e+00 4
2418.783	1.741	-1.755	9.103566e+00	1.713585e+00	-1.713585e+00 4
2422.295	2.350	-1.772	7.908372e+00	1.443866e+00	-1.443866e+00 4
2426.152	1.974	-1.506	8.944192e+00	1.736493e+00	-1.736493e+00 4
2430.718	1.989	-2.592	6.952084e+00	1.308607e+00	-1.308607e+00 4
2434.746	2.450	-2.038	7.254689e+00	1.324520e+00	-1.324520e+00 4
2440.186	2.443	-2.990	5.993306e+00	1.094224e+00	-1.094224e+00 4
2445.316	2.168	-2.687	6.555209e+00	1.233902e+00	-1.233902e+00 4
2449.334	2.255	-1.849	9.785077e+00	1.608658e+00	-1.608658e+00 4
2463.725	10.665	-9.394	5.718456e+00	1.175076e+00	-1.175076e+00 7
2482.086	9.855	-7.696	5.665192e+00	1.241900e+00	-1.241900e+00 7
2495.701	6.270	-3.760	9.529242e+00	2.137616e+00	-2.137616e+00 7
2510.172	6.843	-8.201	6.961329e+00	1.490638e+00	-1.490638e+00 7
2526.811	7.755	-9.796	5.957156e+00	1.277472e+00	-1.277472e+00 7
2542.141	7.468	-7.576	6.719046e+00	1.472922e+00	-1.472922e+00 7
2555.976	6.170	-6.367	9.555122e+00	1.918361e+00	-1.918361e+00 7
2569.500	7.690	-7.354	7.238924e+00	1.517832e+00	-1.517832e+00 7
2585.526	6.708	-8.336	7.303592e+00	1.529261e+00	-1.529261e+00 7
2598.249	6.522	-6.015	7.633881e+00	1.712445e+00	-1.712445e+00 7
2612.235	5.070	-7.465	8.796893e+00	1.844502e+00	-1.844502e+00 7
5982.563	16.069	-19.034	2.931491e+00	6.445059e-01	-6.445059e-01 7
6013.968	14.752	-15.336	3.408582e+00	7.493972e-01	-7.493972e-01 7
6047.748	23.596	-19.029	2.406893e+00	5.299654e-01	-5.299654e-01 7
6086.591	12.334	-15.247	4.243754e+00	8.696546e-01	-8.696546e-01 7
6114.619	16.901	-15.694	3.147679e+00	6.909988e-01	-6.909988e-01 7
6148.153	13.455	-16.633	3.565769e+00	7.689744e-01	-7.689744e-01 7
6178.018	16.185	-16.410	3.129294e+00	6.890283e-01	-6.890283e-01 7
6214.554	14.752	-20.350	2.901502e+00	6.341047e-01	-6.341047e-01 7
6243.340	16.054	-14.034	3.193732e+00	7.186379e-01	-7.186379e-01 7
6273.053	13.922	-13.659	3.522994e+00	7.927270e-01	-7.927270e-01 7
6302.789	16.781	-15.814	3.140276e+00	6.883418e-01	-6.883418e-01 7
6332.280	14.870	-12.710	3.698587e+00	8.156051e-01	-8.156051e-01 7
6369.530	17.738	-22.379	2.565539e+00	5.632037e-01	-5.632037e-01 7
6403.936	15.927	-16.668	2.997984e+00	6.724741e-01	-6.724741e-01 7
6436.155	13.796	-16.292	3.444483e+00	7.561551e-01	-7.561551e-01 7
6467.077	15.469	-17.126	3.151834e+00	6.950361e-01	-6.950361e-01 7
6494.542	10.570	-11.996	4.572252e+00	1.002228e+00	-1.002228e+00 7
6516.517	13.669	-11.405	3.933761e+00	8.837643e-01	-8.837643e-01 7
6543.596	11.662	-13.411	3.898303e+00	8.757983e-01	-8.757983e-01 7
6567.538	17.809	-12.279	3.255059e+00	7.359130e-01	-7.359130e-01 7
6602.472	17.977	-17.125	2.911743e+00	6.420918e-01	-6.420918e-01 7
6633.985	11.537	-13.536	3.887047e+00	8.746444e-01	-8.746444e-01 7
6664.798	15.827	-19.276	2.944845e+00	6.445390e-01	-6.445390e-01 7
6695.280	15.433	-14.655	3.728692e+00	7.838852e-01	-7.838852e-01 7
6720.441	10.330	-9.728	5.066362e+00	1.110536e+00	-1.110536e+00 7
6753.786	14.595	-23.015	2.873258e+00	6.169687e-01	-6.169687e-01 7
6778.032	10.408	-9.651	4.924162e+00	1.106269e+00	-1.106269e+00 7
6805.360	10.660	-16.920	3.535859e+00	7.981348e-01	-7.981348e-01 7
6828.676	19.940	-12.656	2.974256e+00	6.724284e-01	-6.724284e-01 7
6864.339	11.858	-15.723	3.901748e+00	8.330406e-01	-8.330406e-01 7
6890.860	12.917	-14.664	3.566523e+00	7.987486e-01	-7.987486e-01 7
6921.074	12.791	-17.297	3.261140e+00	7.338057e-01	-7.338057e-01 7
6949.917	14.036	-16.052	3.403880e+00	7.506169e-01	-7.506169e-01 7
6984.777	19.293	-20.824	2.554453e+00	5.624561e-01	-5.624561e-01 7
7023.119	18.560	-19.049	2.596456e+00	5.860872e-01	-5.860872e-01 7
7055.344	16.424	-13.664	3.439440e+00	7.539179e-01	-7.539179e-01 7
7084.676	14.672	-12.909	3.548543e+00	8.009978e-01	-8.009978e-01 7
7121.450	15.508	-22.102	2.864323e+00	6.159323e-01	-6.159323e-01 7
7156.009	13.544	-19.051	3.018279e+00	6.770264e-01	-6.770264e-01 7
7187.973	16.683	-18.420	2.797586e+00	6.285095e-01	-6.285095e-01 7
7221.069	21.197	-16.413	2.635320e+00	5.901989e-01	-5.901989e-01 7
7263.943	18.440	-21.677	2.427149e+00	5.478703e-01	-5.478703e-01 7
7301.532	25.983	-19.149	2.288919e+00	5.009761e-01	-5.009761e-01 7
7340.173	12.414	-12.659	3.901041e+00	8.750377e-01	-8.750377e-01 7
7369.123	23.582	-16.535	2.418556e+00	5.467941e-01	-5.467941e-01 7
7412.377	12.923	-19.672	3.455508e+00	7.234764e-01	-7.234764e-01 7
7444.725	15.677	-19.425	2.789708e+00	6.297092e-01	-6.297092e-01 7
7476.822	13.668	-16.420	3.256873e+00	7.328456e-01	-7.328456e-01 7
7522.289	23.362	-31.799	1.851221e+00	4.076139e-01	-4.076139e-01 7
7564.201	14.046	-18.549	3.008212e+00	6.747683e-01	-6.747683e-01 7
7596.328	17.021	-18.081	2.919738e+00	6.390438e-01	-6.390438e-01 7
7628.262	20.190	-14.912	2.786467e+00	6.260115e-01	-6.260115e-01 7
7665.223	15.824	-16.771	3.147966e+00	6.920992e-01	-6.920992e-01 7
7699.006	19.650	-17.959	2.730260e+00	6.011663e-01	-6.011663e-01 7
7734.071	17.180	-15.415	3.026122e+00	6.809232e-01	-6.809232e-01 7
7778.821	25.084	-27.569	1.847209e+00	4.189475e-01	-4.189475e-01 7
7820.306	13.687	-16.401	3.738586e+00	7.848887e-01	-7.848887e-01 7
7850.512	18.583	-16.519	3.098627e+00	6.606295e-01	-6.606295e-01 7
7890.402	16.303	-21.306	2.594678e+00	5.801876e-01	-5.801876e-01 7
7934.397	24.962	-27.692	1.857851e+00	4.180444e-01	-4.180444e-01 7
7979.162	12.792	-19.803	3.003674e+00	6.737504e-01	-6.737504e-01 7
8004.989	14.546	-13.034	3.537252e+00	7.946841e-01	-7.946841e-01 7
8042.338	22.328	-22.803	2.147017e+00	4.831113e-01	-4.831113e-01 7
8076.573	13.167	-11.906	3.904760e+00	8.758719e-01	-8.758719e-01 7
8107.038	10.282	-17.298	3.524517e+00	7.918229e-01	-7.918229e-01 7
8133.859	23.578	-16.539	2.436132e+00	5.464457e-01	-5.464457e-01 7
8180.647	21.922	-23.210	2.266930e+00	4.976510e-01	-4.976510e-01 7
8221.116	16.556	-18.547	2.767532e+00	6.237185e-01	-6.237185e-01 7
8262.983	19.820	-25.312	2.150064e+00	4.837969e-01	-4.837969e-01 7
8313.260	19.690	-30.456	1.940888e+00	4.394966e-01	-4.394966e-01 7
8345.358	12.664	-12.409	3.891392e+00	8.742455e-01	-8.742455e-01 7
8375.316	22.824	-17.293	2.418075e+00	5.432482e-01	-5.432482e-01 7
8413.427	19.792	-15.287	2.781215e+00	6.248317e-01	-6.248317e-01 7
11779.228	21.805	-40.879	1.625454e+00	3.574468e-01	-3.574468e-01 7
11833.997	19.690	-32.964	1.847537e+00	4.158028e-01	-4.158028e-01 7
11884.140	24.708	-30.453	1.777830e+00	3.988207e-01	-3.988207e-01 7
11928.959	22.513	-20.111	2.363239e+00	5.180871e-01	-5.180871e-01 7
11977.540	21.572	-26.067	2.048995e+00	4.603957e-01	-4.603957e-01 7
12030.069	21.696	-30.958	1.845650e+00	4.160530e-01	-4.160530e-01 7
12089.729	44.779	-37.963	1.155497e+00	2.639059e-01	-2.639059e-01 7
12162.581	22.073	-28.074	1.946746e+00	4.388424e-01	-4.388424e-01 7
12209.090	28.218	-24.436	1.833529e+00	4.146680e-01	-4.146680e-01 7
12264.422	23.033	-27.114	2.113761e+00	4.560006e-01	-4.560006e-01 7
12315.899	26.716	-28.445	1.763077e+00	3.974391e-01	-3.974391e-01 7
12379.194	31.119	-36.579	1.501771e+00	3.323041e-01	-3.323041e-01 7
12445.702	29.802	-35.389	1.569238e+00	3.461553e-01	-3.461553e-01 7
12487.381	18.211	-11.877	3.390311e+00	7.421051e-01	-7.421051e-01 7
12538.299	29.976	-32.707	1.557736e+00	3.500129e-01	-3.500129e-01 7
12607.718	28.255	-39.443	1.503932e+00	3.317496e-01	-3.317496e-01 7
12659.653	26.466	-23.681	1.954800e+00	4.392306e-01	-4.392306e-01 7
12724.969	23.834	-38.849	1.633676e+00	3.603697e-01	-3.603697e-01 7
12777.375	31.603	-28.572	1.631984e+00	3.661030e-01	-3.661030e-01 7
12843.064	36.119	-34.086	1.386169e+00	3.129837e-01	-3.129837e-01 7
12924.032	45.414	-44.849	1.067732e+00	2.418707e-01	-2.418707e-01 7
13003.282	33.862	-33.836	1.431337e+00	3.231821e-01	-3.231821e-01 7
13062.834	31.979	-25.690	1.687701e+00	3.792152e-01	-3.792152e-01 7
13120.882	21.570	-26.070	2.037136e+00	4.599657e-01	-4.599657e-01 7
13182.917	39.769	-40.465	1.211032e+00	2.729951e-01	-2.729951e-01 7
13256.048	24.307	-33.361	1.769615e+00	3.903562e-01	-3.903562e-01 7
13313.557	39.510	-33.203	1.336086e+00	3.002096e-01	-3.002096e-01 7
13384.644	36.121	-31.577	1.423579e+00	3.245994e-01	-3.245994e-01 7
13445.575	27.843	-24.811	1.842889e+00	4.161066e-01	-4.161066e-01 7
13503.370	30.224	-29.952	1.597860e+00	3.619594e-01	-3.619594e-01 7
13560.165	23.575	-26.571	1.930538e+00	4.351887e-01	-4.351887e-01 7
13611.935	36.995	-28.195	1.474346e+00	3.328932e-01	-3.328932e-01 7
13690.282	36.375	-41.351	1.248771e+00	2.805906e-01	-2.805906e-01 7
13784.656	44.801	-57.999	9.355865e-01	2.119362e-01	-2.119362e-01 7
13889.722	40.028	-60.265	1.042678e+00	2.272946e-01	-2.272946e-01 7
13956.441	38.499	-26.691	1.490649e+00	3.338573e-01	-3.338573e-01 7
14026.959	20.635	-32.019	2.008765e+00	4.333499e-01	-4.333499e-01 7
14078.923	31.354	-31.329	1.536706e+00	3.481065e-01	-3.481065e-01 7
14164.158	43.882	-53.881	1.380655e+00	2.642659e-01	-2.642659e-01 7
17533.181	23.197	-16.920	1.331611e+00	2.977573e-01	-2.977573e-01 7
17593.851	42.762	-37.473	7.330906e-01	1.578631e-01	-1.578631e-01 7
17666.818	27.464	-30.205	9.150210e-01	2.075193e-01	-2.075193e-01 7
17729.247	40.254	-34.966	7.130189e-01	1.606897e-01	-1.606897e-01 7
17801.741	30.443	-32.240	9.455398e-01	2.033205e-01	-2.033205e-01 7
17862.260	40.129	-30.076	7.613256e-01	1.718466e-01	-1.718466e-01 7
17938.359	31.729	-35.969	7.858142e-01	1.762636e-01	-1.762636e-01 7
18006.553	26.217	-36.466	8.844454e-01	1.950308e-01	-1.950308e-01 7
18050.943	29.466	-18.173	1.112320e+00	2.506782e-01	-2.506782e-01 7
18103.848	21.694	-23.438	1.181113e+00	2.649318e-01	-2.649318e-01 7
18156.997	31.227	-31.456	8.483415e-01	1.911868e-01	-1.911868e-01 7
18223.693	32.230	-35.468	7.857788e-01	1.770873e-01	-1.770873e-01 7
18281.367	22.195	-25.445	1.119882e+00	2.515911e-01	-2.515911e-01 7
18332.033	19.168	-28.471	1.166083e+00	2.552188e-01	-2.552188e-01 7
18390.174	31.231	-38.974	7.539861e-01	1.696555e-01	-1.696555e-01 7
18460.634	30.976	-39.229	7.532591e-01	1.705632e-01	-1.705632e-01 7
18524.948	31.853	-33.338	8.088646e-01	1.822900e-01	-1.822900e-01 7
18589.690	22.272	-32.889	1.024472e+00	2.242246e-01	-2.242246e-01 7
18635.301	16.778	-23.339	1.404155e+00	3.077842e-01	-3.077842e-01 7
18677.021	25.205	-24.942	1.074475e+00	2.413901e-01	-2.413901e-01 7
18720.276	17.052	-18.051	1.526774e+00	3.419306e-01	-3.419306e-01 7
18785.946	51.675	-48.618	5.278075e-01	1.189495e-01	-1.189495e-01 7
18860.679	39.625	-23.058	8.573573e-01	1.932186e-01	-1.932186e-01 7
18932.888	27.591	-32.584	9.046110e-01	2.032287e-01	-2.032287e-01 7
18988.301	32.354	-27.821	8.933346e-01	2.003812e-01	-2.003812e-01 7
19059.747	28.606	-39.092	8.332688e-01	1.834703e-01	-1.834703e-01 7
19114.172	31.849	-25.819	9.281959e-01	2.082008e-01	-2.082008e-01 7
19186.541	27.178	-40.520	8.366495e-01	1.833896e-01	-1.833896e-01 7
19241.114	25.258	-27.395	1.070957e+00	2.340499e-01	-2.340499e-01 7
19290.307	21.197	-23.935	1.253657e+00	2.747958e-01	-2.747958e-01 7
19333.646	25.497	-22.142	1.188483e+00	2.608995e-01	-2.608995e-01 7
19390.605	23.700	-31.461	9.777699e-01	2.193206e-01	-2.193206e-01 7
19436.114	25.829	-21.810	1.130091e+00	2.542834e-01	-2.542834e-01 7
19507.561	37.123	-45.618	6.437596e-01	1.462308e-01	-1.462308e-01 7
19577.650	22.196	-32.965	9.709574e-01	2.198574e-01	-2.198574e-01 7
19624.035	25.957	-24.189	1.078603e+00	2.426980e-01	-2.426980e-01 7
19681.325	36.364	-31.333	7.957477e-01	1.787716e-01	-1.787716e-01 7
19740.124	30.219	-22.434	1.021023e+00	2.293816e-01	-2.293816e-01 7
19803.707	26.811	-33.364	9.329167e-01	2.051033e-01	-2.051033e-01 7
19865.737	24.957	-35.218	8.951415e-01	2.011013e-01	-2.011013e-01 7
19931.550	54.402	-40.855	9.818708e-01	1.677616e-01	-1.677616e-01 7
23322.623	30.470	-27.198	7.011211e-01	1.575935e-01	-1.575935e-01 7
23382.994	30.275	-29.901	7.150240e-01	1.570664e-01	-1.570664e-01 7
23451.050	24.902	-37.781	6.652738e-01	1.466243e-01	-1.466243e-01 7
23523.829	37.373	-47.877	4.622382e-01	1.046268e-01	-1.046268e-01 7
23587.397	23.951	-26.196	7.979723e-01	1.796756e-01	-1.796756e-01 7
23642.430	36.616	-31.082	5.872046e-01	1.319881e-01	-1.319881e-01 7
23697.095	27.082	-18.049	8.900562e-01	1.993676e-01	-1.993676e-01 7
23754.260	27.586	-30.082	6.880949e-01	1.546656e-01	-1.546656e-01 7
23816.762	27.768	-34.916	6.641669e-01	1.456532e-01	-1.456532e-01 7
23866.843	15.296	-22.314	1.054019e+00	2.373283e-01	-2.373283e-01 7
23904.953	17.304	-22.814	9.841848e-01	2.216042e-01	-2.216042e-01 7
23956.471	46.020	-34.215	4.954730e-01	1.117580e-01	-1.117580e-01 7
24040.708	52.047	-38.217	4.372909e-01	9.915359e-02	-9.915359e-02 7
24118.073	27.335	-25.319	7.495339e-01	1.699532e-01	-1.699532e-01 7
24184.383	28.722	-38.975	6.237944e-01	1.365733e-01	-1.365733e-01 7
24245.318	27.963	-32.213	6.627756e-01	1.492340e-01	-1.492340e-01 7
24313.634	47.404	-40.353	4.549539e-01	1.024398e-01	-1.024398e-01 7
24388.236	35.485	-27.198	6.387596e-01	1.435763e-01	-1.435763e-01 7
24468.962	40.007	-45.242	4.654621e-01	1.051723e-01	-1.051723e-01 7
24534.163	29.967	-25.194	7.209772e-01	1.623390e-01	-1.623390e-01 7
24602.985	36.365	-38.854	5.306189e-01	1.194769e-01	-1.194769e-01 7
24670.684	38.871	-31.334	5.683785e-01	1.282024e-01	-1.282024e-01 7
24739.383	32.855	-29.828	6.336128e-01	1.434171e-01	-1.434171e-01 7
24824.332	50.707	-52.093	4.016109e-01	8.940631e-02	-8.940631e-02 7
24913.294	39.471	-38.256	5.375117e-01	1.184660e-01	-1.184660e-01 7
24972.194	23.196	-19.428	9.401279e-01	2.109491e-01	-2.109491e-01 7
25030.609	29.971	-35.220	6.149008e-01	1.382135e-01	-1.382135e-01 7
25107.740	53.132	-47.161	4.341922e-01	9.360066e-02	-9.360066e-02 7
25193.459	40.125	-32.587	5.471123e-01	1.249315e-01	-1.249315e-01 7
25265.048	23.697	-31.463	7.157551e-01	1.622940e-01	-1.622940e-01 7
25314.690	29.216	-25.945	7.227386e-01	1.621705e-01	-1.621705e-01 7
25367.723	18.808	-23.816	9.333471e-01	2.097918e-01	-2.097918e-01 7
25426.763	32.480	-40.232	5.488943e-01	1.233770e-01	-1.233770e-01 7
25484.563	24.826	-25.320	7.984898e-01	1.797921e-01	-1.797921e-01 7
25549.123	27.964	-39.734	5.969478e-01	1.341781e-01	-1.341781e-01 7
25619.403	30.396	-42.316	5.722499e-01	1.265433e-01	-1.265433e-01 7
25715.996	49.119	-66.197	5.698975e-01	9.983459e-02	-9.983459e-02 7
29112.933	34.234	-30.957	6.499745e-01	1.458611e-01	-1.458611e-01 7
29200.558	49.409	-53.391	4.116046e-01	9.259019e-02	-9.259019e-02 7
29293.238	31.949	-43.271	6.091645e-01	1.338435e-01	-1.338435e-01 7
29353.390	39.495	-28.203	6.474350e-01	1.456401e-01	-1.456401e-01 7
29424.578	33.497	-31.694	6.992272e-01	1.538078e-01	-1.538078e-01 7
29484.271	28.965	-26.196	8.040916e-01	1.804465e-01	-1.804465e-01 7
29551.465	42.006	-38.229	5.439677e-01	1.226597e-01	-1.226597e-01 7
29632.575	33.608	-39.104	6.071928e-01	1.367518e-01	-1.367518e-01 7
29684.859	28.963	-18.676	9.089493e-01	2.039777e-01	-2.039777e-01 7
29787.643	46.531	-73.821	3.662954e-01	8.289555e-02	-8.289555e-02 7
29875.037	39.372	-40.863	5.576200e-01	1.249860e-01	-1.249860e-01 7
29972.064	47.652	-57.655	4.165605e-01	9.404376e-02	-9.404376e-02 7
30059.328	25.578	-39.613	6.651313e-01	1.492624e-01	-1.492624e-01 7
30136.671	41.006	-51.765	4.708585e-01	1.056656e-01	-1.056656e-01 7
30238.364	77.216	-60.687	3.276107e-01	7.189921e-02	-7.189921e-02 7
30371.984	38.874	-56.405	4.486654e-01	1.011699e-01	-1.011699e-01 7
30448.578	60.065	-37.720	4.405871e-01	9.946807e-02	-9.946807e-02 7
30563.534	60.446	-54.891	3.715697e-01	8.378558e-02	-8.378558e-02 7
30696.617	40.193	-72.637	4.001071e-01	8.801087e-02	-8.801087e-02 7
30800.231	44.393	-63.422	3.937937e-01	8.911864e-02	-8.911864e-02 7
30926.196	73.881	-81.572	2.854806e-01	6.330438e-02	-6.330438e-02 7
31051.212	56.680	-51.135	3.956321e-01	8.910419e-02	-8.910419e-02 7
31150.506	45.142	-42.614	4.977023e-01	1.118236e-01	-1.118236e-01 7
31245.521	62.955	-49.874	3.825208e-01	8.635888e-02	-8.635888e-02 7
31378.724	50.104	-70.247	3.787717e-01	8.331777e-02	-8.331777e-02 7
31477.952	63.686	-49.124	5.765667e-01	1.059406e-01	-1.059406e-01 7
34890.706	51.795	-66.049	2.810611e-01	6.319171e-02	-6.319171e-02 7
34984.241	28.465	-41.740	4.216735e-01	9.459854e-02	-9.459854e-02 7
35065.980	26.961	-53.273	3.689489e-01	8.267981e-02	-8.267981e-02 7
35136.934	41.256	-43.993	3.512999e-01	7.889719e-02	-7.889719e-02 7
35221.935	38.996	-43.745	3.626186e-01	8.152850e-02	-8.152850e-02 7
35294.538	29.077	-33.606	5.050389e-01	1.106683e-01	-1.106683e-01 7
35358.174	33.139	-34.559	4.689879e-01	1.028758e-01	-1.028758e-01 7
35470.764	73.495	-79.452	1.965553e-01	4.433788e-02	-4.433788e-02 7
35591.761	55.299	-47.501	2.924718e-01	6.582938e-02	-6.582938e-02 7
35675.052	34.690	-27.993	5.077914e-01	1.110398e-01	-1.110398e-01 7
35752.484	45.015	-42.741	3.406807e-01	7.668022e-02	-7.668022e-02 7
35850.896	41.882	-53.397	3.117980e-01	7.033371e-02	-7.033371e-02 7
35954.560	86.149	-61.783	3.069791e-01	6.924259e-02	-6.924259e-02 7
36106.778	66.819	-66.069	4.588913e-01	1.013790e-01	-1.013790e-01 7
36308.534	118.303	-134.937	2.292497e-01	5.198547e-02	-5.198547e-02 7
36528.475	58.830	-101.638	2.750198e-01	6.202891e-02	-6.202891e-02 7
36666.142	56.558	-78.837	2.165328e-01	4.906014e-02	-4.906014e-02 7
36776.091	56.931	-53.391	3.053684e-01	6.872943e-02	-6.872943e-02 7
36943.973	62.054	-110.951	3.468548e-01	7.654868e-02	-7.654868e-02 7
37098.132	78.392	-92.105	3.361869e-01	7.598740e-02	-7.598740e-02 7
37243.950	75.488	-67.426	4.023529e-01	9.094273e-02	-9.094273e-02 7
40754.924	67.468	-75.450	2.339289e-01	5.265001e-02	-5.265001e-02 7
40890.955	46.773	-68.564	2.630712e-01	5.908030e-02	-5.908030e-02 7
41000.770	59.817	-63.042	2.462622e-01	5.554687e-02	-5.554687e-02 7
41117.934	73.035	-57.346	2.460741e-01	5.414426e-02	-5.414426e-02 7
41251.003	57.810	-60.034	2.600425e-01	5.878350e-02	-5.878350e-02 7
41380.263	53.916	-71.450	2.418563e-01	5.455308e-02	-5.455308e-02 7
41556.789	123.108	-122.610	4.987520e-01	1.104130e-01	-1.104130e-01 7
41785.813	47.030	-105.917	1.997919e-01	4.486910e-02	-4.486910e-02 7
41902.271	65.968	-69.427	2.229806e-01	5.046073e-02	-5.046073e-02 7
42028.773	64.832	-60.534	2.578653e-01	5.829134e-02	-5.829134e-02 7
42158.156	58.308	-64.551	2.498489e-01	5.598913e-02	-5.598913e-02 7
42263.717	48.024	-47.254	3.191113e-01	7.197869e-02	-7.197869e-02 7
42367.897	61.688	-56.156	2.722140e-01	5.970973e-02	-5.970973e-02 7
42491.239	56.190	-61.654	2.696193e-01	5.901827e-02	-5.901827e-02 7
42617.489	62.828	-70.060	2.269033e-01	5.106878e-02	-5.106878e-02 7
42743.116	47.523	-62.799	2.729955e-01	6.144267e-02	-6.144267e-02 7
42858.739	49.744	-68.100	2.696719e-01	5.896881e-02	-5.896881e-02 7
43025.128	73.903	-116.646	2.305733e-01	4.317086e-02	-4.317086e-02 7
46463.497	35.357	-44.877	3.032000e-01	6.788119e-02	-6.788119e-02 7
46559.200	44.962	-60.346	2.417253e-01	5.299749e-02	-5.299749e-02 7
46648.535	43.384	-44.373	2.755312e-01	6.206940e-02	-6.206940e-02 7
46737.044	40.124	-45.125	2.966334e-01	6.649307e-02	-6.649307e-02 7
46834.947	62.572	-57.780	3.541207e-01	7.956807e-02	-7.956807e-02 7
46979.870	45.523	-82.351	2.041134e-01	4.575163e-02	-4.575163e-02 7
47073.400	37.242	-48.007	2.841762e-01	6.409641e-02	-6.409641e-02 7
47166.418	62.068	-55.776	2.051809e-01	4.622146e-02	-4.622146e-02 7
47295.402	123.640	-66.916	3.710131e-01	8.363352e-02	-8.363352e-02 7
47554.145	85.541	-135.103	2.764263e-01	6.276889e-02	-6.276889e-02 7
47685.690	36.738	-46.003	2.933019e-01	6.582756e-02	-6.582756e-02 7
47793.869	68.969	-71.441	1.723277e-01	3.891714e-02	-3.891714e-02 7
47907.166	40.921	-44.327	3.128904e-01	6.700862e-02	-6.700862e-02 7
47990.958	37.364	-42.870	3.024732e-01	6.788594e-02	-6.788594e-02 7
48079.712	51.409	-51.391	2.360807e-01	5.298507e-02	-5.298507e-02 7
48180.760	33.102	-49.639	2.936574e-01	6.582597e-02	-6.582597e-02 7
48267.283	59.409	-53.420	2.245676e-01	4.946894e-02	-4.946894e-02 7
48373.192	26.212	-46.500	3.500857e-01	7.675516e-02	-7.675516e-02 7
48448.410	61.316	-49.006	2.194290e-01	4.936988e-02	-4.936988e-02 7
48556.817	50.694	-47.091	2.614211e-01	5.724826e-02	-5.724826e-02 7
48656.272	54.039	-48.761	2.346292e-01	5.298682e-02	-5.298682e-02 7
48783.577	94.716	-73.265	2.668378e-01	4.410280e-02	-4.410280e-02 7
52214.915	70.519	-67.384	2.013759e-01	4.433735e-02	-4.433735e-02 7
52338.577	59.687	-53.143	2.630117e-01	5.948878e-02	-5.948878e-02 7
52476.729	64.453	-78.465	3.489877e-01	7.859229e-02	-7.859229e-02 7
52589.814	49.154	-48.632	3.920003e-01	8.810796e-02	-8.810796e-02 7
52695.877	38.369	-56.909	2.755344e-01	6.212602e-02	-6.212602e-02 7
52800.676	58.936	-66.430	2.095430e-01	4.714817e-02	-4.714817e-02 7
52913.759	63.697	-54.147	2.230207e-01	5.028550e-02	-5.028550e-02 7
53013.055	39.621	-35.599	3.533194e-01	7.916859e-02	-7.916859e-02 7
53095.419	52.536	-42.743	2.791019e-01	6.253861e-02	-6.253861e-02 7
53194.835	35.861	-46.880	3.222052e-01	7.227179e-02	-7.227179e-02 7
53279.074	79.496	-48.378	2.067708e-01	4.652440e-02	-4.652440e-02 7
53460.097	66.464	-101.527	2.512297e-01	5.646628e-02	-5.646628e-02 7
53604.647	77.368	-78.086	2.262715e-01	5.090966e-02	-5.090966e-02 7
53745.063	57.303	-63.049	2.227730e-01	5.007281e-02	-5.007281e-02 7
53858.019	69.713	-55.653	2.130192e-01	4.813093e-02	-4.813093e-02 7
53991.408	54.167	-63.677	2.282649e-01	5.109450e-02	-5.109450e-02 7
54103.579	44.797	-58.003	2.883515e-01	6.170911e-02	-6.170911e-02 7
54211.673	67.083	-63.298	2.029152e-01	4.560937e-02	-4.560937e-02 7
54333.529	65.578	-54.773	2.207529e-01	4.993056e-02	-4.993056e-02 7
54465.288	56.679	-66.180	2.163402e-01	4.852589e-02	-4.852589e-02 7
54585.886	71.474	-63.920	2.442133e-01	5.488995e-02	-5.488995e-02 7
58020.216	56.300	-54.023	2.166350e-01	4.873892e-02	-4.873892e-02 7
58126.528	50.281	-50.012	2.427011e-01	5.453624e-02	-5.453624e-02 7
58280.097	57.181	-103.288	1.505594e-01	3.387311e-02	-3.387311e-02 7
58412.979	74.739	-75.701	1.613461e-01	3.629991e-02	-3.629991e-02 7
58600.776	67.470	-113.058	1.338484e-01	3.029971e-02	-3.029971e-02 7
58745.824	72.861	-77.579	1.608708e-01	3.641687e-02	-3.641687e-02 7
58903.415	78.246	-84.730	1.493978e-01	3.361178e-02	-3.361178e-02 7
59070.295	51.776	-88.634	2.374878e-01	5.249076e-02	-5.249076e-02 7
59324.755	75.629	-202.684	2.038200e-01	4.593893e-02	-4.593893e-02 7
59446.890	31.221	-46.505	3.130948e-01	7.070141e-02	-7.070141e-02 7
59530.629	50.282	-52.518	2.342704e-01	5.296707e-02	-5.296707e-02 7
59673.773	65.099	-92.862	1.860027e-01	3.827956e-02	-3.827956e-02 7
64088.132	223.595	-155.012	1.455908e-01	3.304761e-02	-3.304761e-02 7
64550.568	272.644	-238.841	2.002563e-01	3.315260e-02	-3.315260e-02 7
69779.661	71.598	-86.363	1.520436e-01	3.411431e-02	-3.411431e-02 7
69925.456	76.242	-74.197	1.612616e-01	3.639006e-02	-3.639006e-02 7
70096.465	60.688	-94.766	1.560158e-01	3.532784e-02	-3.532784e-02 7
70243.880	116.366	-86.727	1.188580e-01	2.691393e-02	-2.691393e-02 7
70454.110	101.708	-93.864	1.699682e-01	3.822327e-02	-3.822327e-02 7
70643.688	67.584	-87.870	1.837212e-01	4.150279e-02	-4.150279e-02 7
70822.947	93.926	-111.675	1.163007e-01	2.612439e-02	-2.612439e-02 7
71004.488	67.839	-87.615	1.545088e-01	3.482629e-02	-3.482629e-02 7
71131.866	65.826	-59.540	1.914278e-01	4.304920e-02	-4.304920e-02 7
71279.170	83.999	-81.477	1.578396e-01	3.403837e-02	-3.403837e-02 7
76457.768	125.595	-120.123	9.589778e-02	2.234705e-02	-2.234705e-02 7
76680.204	98.730	-96.841	9.449424e-02	2.464035e-02	-2.464035e-02 7
76915.178	96.937	-136.244	1.056391e-01	2.382220e-02	-2.382220e-02 7
77096.219	68.842	-84.104	1.691788e-01	3.721627e-02	-3.721627e-02 7
77238.885	79.122	-73.824	1.612879e-01	3.629428e-02	-3.629428e-02 7
77472.150	191.857	-154.143	1.282423e-01	2.160106e-02	-2.160106e-02 7
81397.380	139.189	-124.080	9.872118e-02	2.284345e-02	-2.284345e-02 7
81660.065	134.759	-123.496	9.060520e-02	2.218694e-02	-2.218694e-02 7
81879.928	138.048	-85.104	1.226610e-01	2.767126e-02	-2.767126e-02 7
82107.476	73.476	-89.500	1.693533e-01	3.812655e-02	-3.812655e-02 7
82274.825	114.235	-93.873	1.311819e-01	2.971520e-02	-2.971520e-02 7
82529.948	94.799	-140.889	1.165915e-01	2.624827e-02	-2.624827e-02 7
82785.427	157.735	-160.679	1.293156e-01	2.377054e-02	-2.377054e-02 7
87938.111	117.369	-115.812	1.067246e-01	2.402108e-02	-2.402108e-02 7
88129.689	63.694	-74.209	1.804480e-01	4.040798e-02	-4.040798e-02 7
88312.295	89.195	-118.913	8.829413e-02	2.317831e-02	-2.317831e-02 7
88502.767	101.816	-101.277	1.214645e-01	2.743877e-02	-2.743877e-02 7
88726.666	106.084	-122.082	8.088499e-02	2.115018e-02	-2.115018e-02 7
88984.775	198.987	-152.026	9.514877e-02	1.844012e-02	-1.844012e-02 7
93668.378	111.590	-86.489	1.282560e-01	2.878286e-02	-2.878286e-02 7
93902.228	68.296	-122.261	9.812541e-02	2.558222e-02	-2.558222e-02 7
94063.745	155.005	-93.220	8.056635e-02	2.036217e-02	-2.036217e-02 7
94367.080	102.401	-148.331	7.450376e-02	1.944273e-02	-1.944273e-02 7
94631.653	156.258	-162.172	5.879044e-02	1.534214e-02	-1.534214e-02 7
94884.920	118.609	-97.009	1.168054e-01	2.619416e-02	-2.619416e-02 7
99518.690	101.566	-116.571	9.138411e-02	2.374061e-02	-2.374061e-02 7
99733.481	109.927	-113.225	9.005500e-02	2.356463e-02	-2.356463e-02 7
99959.819	106.740	-116.412	9.581989e-02	2.420968e-02	-2.420968e-02 7
100298.439	121.652	-231.880	6.059796e-02	1.535510e-02	-1.535510e-02 7
100541.509	101.724	-121.418	8.960343e-02	2.334991e-02	-2.334991e-02 7
106373.727	149.898	-186.080	7.149165e-02	1.659753e-02	-1.659753e-02 7
112170.791	173.834	-282.495	7.971289e-02	1.500831e-02	-1.500831e-02 7
117778.431	74.813	-130.786	9.110962e-02	2.372739e-02	-2.372739e-02 7
117986.627	117.347	-133.382	8.447961e-02	2.066480e-02	-2.066480e-02 7
123519.478	343.116	-291.231	4.358389e-02	9.662584e-03	-9.662584e-03 7
128787.464	130.652	-95.007	8.657340e-02	2.250147e-02	-2.250147e-02 7
129211.009	351.481	-292.894	4.792819e-02	9.881678e-03	-9.881678e-03 7
134765.611	233.324	-253.095	4.533210e-02	1.182088e-02	-1.182088e-02 7
135240.825	201.899	-241.891	4.995235e-02	1.302566e-02	-1.302566e-02 7
139571.052	212.444	-258.932	5.230090e-02	1.360473e-02	-1.360473e-02 7
140390.376	574.055	-606.879	3.792703e-02	7.379979e-03	-7.379979e-03 7
145648.009	125.304	-117.906	8.248287e-02	2.144590e-02	-2.144590e-02 7
145923.808	155.398	-150.495	6.491824e-02	1.686995e-02	-1.686995e-02 7
146500.027	464.252	-420.821	4.337062e-02	8.127823e-03	-8.127823e-03 7
158254.414	290.008	-376.934	5.216314e-02	1.010404e-02	-1.010404e-02 7
163957.560	347.037	-380.080	4.950818e-02	9.417038e-03	-9.417038e-03 7
174495.418	609.196	-762.297	2.422077e-02	5.539723e-03	-5.539723e-03 7
179982.192	581.547	-489.070	3.872474e-02	8.809762e-03	-8.809762e-03 7
185492.180	348.852	-215.295	4.698062e-02	1.223247e-02	-1.223247e-02 7
186271.591	652.590	-430.559	2.800712e-02	6.716792e-03	-6.716792e-03 7
198132.808	489.926	-450.311	3.131862e-02	6.612906e-03	-6.612906e-03 7
204000.290	444.312	-498.432	3.001993e-02	6.498477e-03	-6.498477e-03 7
220798.539	346.382	-415.842	2.686327e-02	7.034785e-03	-7.034785e-03 7
221499.014	285.264	-354.093	3.679157e-02	9.014956e-03	-9.014956e-03 7
226096.094	424.120	-373.209	2.390428e-02	6.268346e-03	-6.268346e-03 7
226999.092	423.743	-478.877	3.389904e-02	7.013397e-03	-7.013397e-03 7
231835.338	440.781	-379.113	3.124537e-02	8.171451e-03	-8.171451e-03 7
232711.256	472.498	-435.137	3.752753e-02	8.713729e-03	-8.713729e-03 7
237436.399	309.873	-219.172	4.893388e-02	1.275931e-02	-1.275931e-02 7
238360.418	581.831	-614.146	2.597252e-02	6.235998e-03	-6.235998e-03 7
243247.959	279.104	-214.839	3.935504e-02	1.033301e-02	-1.033301e-02 7
243996.792	503.098	-469.729	2.410718e-02	5.793313e-03	-5.793313e-03 7
272289.913	284.801	-337.010	4.055460e-02	1.059518e-02	-1.059518e-02 7
306986.088	275.602	-331.164	3.599686e-02	8.796964e-03	-8.796964e-03 7
419701.487	4343.007	-3311.961	1.340977e-02	2.331531e-03	-2.331531e-03 7
446210.917	753.138	-886.636	9.864874e-03	3.244323e-03	-2.672741e-03 7
