col1 col2 col3 col4 col5 col6
78.672 0.758 -0.698 5.364383700000001e-09 7.2375186e-10 -6.562225799999999e-10
80.208 0.773 -0.779 4.8392994e-09 6.623650800000001e-10 -6.2259717e-10
81.725 0.751 -0.745 3.50442456e-09 5.3430234e-10 -5.2241202e-10
83.641 0.884 -1.164 2.56055007e-09 4.0742169e-10 -3.82573074e-10
85.306 1.023 -0.781 2.9065292100000003e-09 4.4814978000000005e-10 -4.3337969999999996e-10
87.474 0.82 -1.146 2.6671460400000004e-09 4.1438007e-10 -3.9761162999999996e-10
89.539 1.391 -1.244 1.91845719e-09 3.01932345e-10 -2.9157823500000004e-10
92.586 2.042 -1.657 1.36000293e-09 2.14921512e-10 -2.0663494800000003e-10
96.467 1.591 -1.839 1.46650179e-09 2.29054059e-10 -2.23089828e-10
99.589 1.235 -1.531 1.79263929e-09 2.83266321e-10 -2.72558793e-10
101.965 1.069 -1.14 2.19610911e-09 3.50260638e-10 -3.4081963500000005e-10
103.682 0.676 -0.648 3.8575797000000006e-09 5.8230276e-10 -5.6905719e-10
105.11 0.609 -0.752 5.3597271e-09 6.8978013e-10 -6.723276300000001e-10
106.22 0.424 -0.501 7.8078195e-09 1.01983284e-09 -9.9264009e-10
107.168 0.416 -0.524 7.841418000000001e-09 1.01838204e-09 -9.7219434e-10
108.088 0.467 -0.505 7.5094422e-09 1.02369228e-09 -9.436841700000002e-10
108.934 0.347 -0.379 1.0245775800000001e-08 1.37389863e-09 -1.25554182e-09
109.799 0.503 -0.518 7.103456100000001e-09 9.8373249e-10 -8.931007800000001e-10
110.729 0.406 -0.427 8.6400951e-09 1.19426268e-09 -1.0863645e-09
111.586 0.374 -0.452 8.714589e-09 1.20445923e-09 -1.09573386e-09
112.372 0.49 -0.412 7.9754727e-09 1.07489967e-09 -1.00370556e-09
113.318 0.41 -0.456 8.4651333e-09 1.1271553800000002e-09 -1.03837734e-09
114.27 0.336 -0.541 8.121738299999999e-09 1.0831587e-09 -1.03564617e-09
115.202 0.575 -0.596 6.0851622e-09 8.034483600000001e-10 -7.743684e-10
116.326 0.566 -0.55 6.449001000000001e-09 8.406352499999999e-10 -8.1001557e-10
117.41 0.542 -0.519 6.7181712e-09 8.929081200000001e-10 -8.568846e-10
118.513 0.464 -0.561 7.1571591e-09 9.0893946e-10 -8.758549800000001e-10
119.3 0.433 -0.323 9.7001268e-09 1.22490186e-09 -1.18568541e-09
120.441 0.635 -0.708 5.3292992999999996e-09 6.9207489e-10 -6.6872832e-10
121.637 0.383 -0.56 6.9133857e-09 8.661272100000001e-10 -8.452220400000001e-10
122.297 0.261 -0.278 5.0965434e-09 6.315741900000001e-10 -6.316069499999999e-10
122.891 0.269 -0.333 4.6172841000000005e-09 5.6409288e-10 -5.6412213e-10
123.479 0.22 -0.319 3.4593861899999998e-09 5.1569622e-10 -5.1571377e-10
123.956 0.271 -0.257 3.5292227100000002e-09 5.2610688e-10 -5.2612443e-10
124.53 0.25 -0.303 4.9653513000000004e-09 6.1531626e-10 -6.1534707e-10
125.089 0.361 -0.308 2.78773326e-09 4.1557152000000004e-10 -4.1558556000000003e-10
125.78 0.344 -0.33 2.6359316100000004e-09 4.1903433e-10 -4.1904642000000004e-10
126.424 0.303 -0.3 3.0920175e-09 4.6093164e-10 -4.6094724e-10
127.137 0.338 -0.41 2.4956724e-09 3.72033636e-10 -3.72044361e-10
127.825 0.363 -0.351 2.61390051e-09 3.8965808699999996e-10 -3.89669553e-10
128.528 0.337 -0.341 2.70814284e-09 4.1237079000000005e-10 -4.1238327e-10
129.302 0.392 -0.437 2.24931642e-09 3.3530916900000003e-10 -3.35321649e-10
130.096 0.374 -0.402 2.40407778e-09 3.5837961900000003e-10 -3.5839233299999996e-10
130.819 0.439 -0.349 2.32912251e-09 3.54657108e-10 -3.5466888600000007e-10
131.657 0.43 -0.399 2.2493433299999997e-09 3.35313069e-10 -3.3532410599999996e-10
132.683 0.557 -0.596 1.56761397e-09 2.43871368e-10 -2.43878466e-10
133.65 0.334 -0.41 2.5087276500000004e-09 3.73979892e-10 -3.73991982e-10
134.548 0.554 -0.564 1.6437372899999999e-09 2.50292991e-10 -2.50300674e-10
135.579 0.401 -0.478 2.12274426e-09 3.16440813e-10 -3.1645227899999996e-10
136.578 0.52 -0.598 1.6437115500000002e-09 2.5028913e-10 -2.50297827e-10
137.743 0.455 -0.646 1.6941096900000001e-09 2.52543564e-10 -2.52552339e-10
138.722 0.481 -0.524 1.85601702e-09 2.76679299e-10 -2.76688971e-10
139.838 0.554 -0.634 1.56984087e-09 2.34018642e-10 -2.3402737800000004e-10
141.047 0.624 -0.655 1.45848846e-09 2.17419189e-10 -2.1742745700000002e-10
142.106 0.53 -0.434 1.93482315e-09 2.88427152e-10 -2.88437916e-10
143.285 0.783 -0.65 1.30294398e-09 1.94231973e-10 -1.94239929e-10
145.042 1.269 -0.974 7.9282086e-10 1.26034857e-10 -1.2603977100000001e-10
147.219 0.807 -0.908 1.0541001900000001e-09 1.6398493800000003e-10 -1.6399145099999999e-10
148.897 1.026 -0.871 9.8401329e-10 1.46688477e-10 -1.46694873e-10
151.236 1.4 -1.313 6.7708758e-10 1.03100712e-10 -1.0310558700000001e-10
154.087 1.199 -1.451 7.0500027e-10 1.0509556200000001e-10 -1.0510071e-10
156.797 1.173 -1.512 6.958680300000001e-10 1.03734228e-10 -1.0373988300000001e-10
159.529 1.067 -1.559 7.1142591e-10 1.06053558e-10 -1.06060071e-10
161.284 0.878 -0.688 1.17458679e-09 1.78855521e-10 -1.7886659700000002e-10
163.014 0.671 -0.852 1.2075507600000001e-09 1.8387497700000003e-10 -1.83886326e-10
164.424 0.698 -0.739 1.30014768e-09 1.9381537499999998e-10 -1.93827075e-10
165.795 0.538 -0.673 1.5430556700000002e-09 2.30026134e-10 -2.3004068100000001e-10
167.014 0.545 -0.681 1.52515389e-09 2.2735752e-10 -2.27372145e-10
168.29 0.736 -0.73 1.27526568e-09 1.9010628000000003e-10 -1.9011938400000002e-10
169.688 0.538 -0.663 1.5324359700000002e-09 2.33345697e-10 -2.3336172600000004e-10
170.898 0.627 -0.672 1.41697569e-09 2.1576445800000001e-10 -2.15779473e-10
172.027 0.519 -0.502 1.77344349e-09 2.75892786e-10 -2.7591119400000004e-10
173.179 0.786 -0.633 1.2962523600000001e-09 1.97381847e-10 -1.97396082e-10
174.672 0.777 -0.707 1.22056701e-09 1.89882381e-10 -1.89895719e-10
176.09 0.635 -0.641 1.4655291299999999e-09 2.1846930300000001e-10 -2.18485254e-10
177.591 0.824 -0.866 1.10608719e-09 1.6488669600000002e-10 -1.64899917e-10
179.499 1.003 -1.084 8.9581011e-10 1.3354029e-10 -1.33551015e-10
181.334 0.718 -0.832 1.20641664e-09 1.79843118e-10 -1.79858016e-10
183.215 1.249 -1.163 7.6280334e-10 1.16153037e-10 -1.1616255300000001e-10
185.471 1.028 -1.007 9.186465600000001e-10 1.36944678e-10 -1.36956768e-10
187.37 0.843 -0.87 1.0915047e-09 1.62712992e-10 -1.6272734399999998e-10
189.568 1.655 -1.355 6.212267100000001e-10 9.260768400000001e-11 -9.2616303e-11
192.597 1.895 -1.373 5.721924e-10 8.529806999999999e-11 -8.5306377e-11
196.072 0.994 -1.581 7.264533899999999e-10 1.08294108e-10 -1.0830475500000001e-10
198.632 1.417 -1.566 6.0726471e-10 9.4471728e-11 -9.4479801e-11
201.546 1.97 -1.496 3.71768475e-10 6.677193900000001e-11 -6.6776502e-11
205.514 2.212 -1.999 3.78976416e-10 6.2191428e-11 -6.219661499999999e-11
209.449 2.118 -1.723 3.72914373e-10 6.6598038e-11 -6.660267900000001e-11
213.435 2.098 -1.868 3.1500900600000004e-10 5.9378358e-11 -5.9382258e-11
217.566 1.3 -2.033 3.83810232e-10 7.0074225e-11 -7.0079139e-11
221.072 2.585 -2.207 2.60632788e-10 4.9128573e-11 -4.913181e-11
227.066 2.789 -3.41 2.0492975100000003e-10 3.74150712e-11 -3.74175165e-11
232.368 2.171 -2.513 2.6618350199999997e-10 4.8598485e-11 -4.8601838999999994e-11
243.367 6.881 -8.828 1.79160462e-10 3.48822435e-11 -3.48844626e-11
256.416 15.401 -6.168 1.11190209e-10 2.0300560799999998e-11 -2.03018595e-11
280.83 11.414 -9.014 1.30285467e-10 2.378688e-11 -2.3788401e-11
296.637 4.023 -4.393 1.44690975e-10 2.72738466e-11 -2.7275430000000003e-11
307.29 5.464 -6.63 9.8258199e-11 1.91306973e-11 -1.91317737e-11
318.668 5.515 -5.914 1.06544568e-10 2.00833581e-11 -2.00845749e-11
331.198 12.039 -7.015 6.3899862e-11 1.2044947199999999e-11 -1.20456375e-11
350.516 7.404 -7.279 8.2914468e-11 1.56291447e-11 -1.5630045600000002e-11
364.944 5.268 -7.023 1.01439741e-10 1.85203668e-11 -1.85215329e-11
378.655 7.495 -8.442 7.8232206e-11 1.42832547e-11 -1.42841634e-11
394.643 7.186 -8.493 7.579572000000001e-11 1.47572919e-11 -1.4758130400000002e-11
411.177 9.007 -9.348 6.7927743e-11 1.24019103e-11 -1.24026864e-11
428.046 7.796 -7.862 7.776171e-11 1.46578731e-11 -1.46587467e-11
443.36 7.596 -7.518 8.4736899e-11 1.56966576e-11 -1.56975741e-11
458.997 8.033 -8.042 7.755797400000001e-11 1.41601512e-11 -1.41610014e-11
1040.604 3291.403 -801.475 3.5996204400000005e-11 9.0608973e-12 -9.0608973e-12
4352.802 19.322 -20.795 4.0210092000000004e-11 9.011289300000001e-12 -9.011289300000001e-12
4406.872 40.471 -34.748 2.2656691200000002e-11 4.970405700000001e-12 -4.970405700000001e-12
4483.13 36.925 -35.787 2.24583918e-11 5.0612289e-12 -5.0612289e-12
4563.621 34.16 -43.567 2.11990506e-11 4.7614242e-12 -4.7614242e-12
4638.447 42.075 -40.666 1.9610955e-11 4.4145855e-12 -4.4145855e-12
4734.209 49.112 -53.687 1.5910709100000002e-11 3.57363201e-12 -3.57363201e-12
4808.49 37.514 -25.169 2.5715800500000002e-11 5.814861e-12 -5.814861e-12
4884.084 27.109 -38.08 2.49575118e-11 5.6181411e-12 -5.6181411e-12
4975.193 33.785 -63.999 1.65909627e-11 3.73894482e-12 -3.73894482e-12
5066.015 48.269 -57.038 1.60138602e-11 3.52812525e-12 -3.52812525e-12
5154.568 49.979 -40.284 1.7903028e-11 4.0482351000000005e-12 -4.0482351000000005e-12
5263.652 63.753 -59.104 1.45496403e-11 3.12409266e-12 -3.12409266e-12
5376.317 51.38 -48.912 1.6151350799999998e-11 3.6358007400000003e-12 -3.6358007400000003e-12
5479.017 38.943 -51.32 1.78597731e-11 4.0339221e-12 -4.0339221e-12
5586.635 59.197 -68.675 1.3737157200000001e-11 2.9707977e-12 -2.9707977e-12
5715.604 55.593 -69.772 1.3462176e-11 2.9659461e-12 -2.9659461e-12
5825.031 56.487 -53.834 1.45725762e-11 3.29886063e-12 -3.29886063e-12
5982.93 141.08 -101.412 1.30763841e-11 2.51310189e-12 -2.51310189e-12
9804.957 48.567 -56.74 8.0788149e-12 1.8216666e-12 -1.8216666e-12
9908.133 48.19 -54.61 8.2867512e-12 1.86184518e-12 -1.86184518e-12
10024.154 39.982 -67.832 8.241070500000001e-12 1.8189830100000002e-12 -1.8189830100000002e-12
10111.727 52.702 -47.59 8.4324786e-12 1.90828833e-12 -1.90828833e-12
10234.322 52.965 -69.893 9.8988201e-12 2.23200003e-12 -2.23200003e-12
10365.167 72.558 -77.88 9.6738876e-12 2.17839999e-12 -2.17839999e-12
10510.369 50.214 -72.644 1.1853679500000001e-11 2.66612034e-12 -2.66612034e-12
10626.355 54.578 -65.773 1.1884575300000002e-11 2.6794240200000004e-12 -2.6794240200000004e-12
10730.128 46.082 -49.195 1.06577874e-11 2.3389867800000003e-12 -2.3389867800000003e-12
10842.73 48.816 -66.52 1.2618957e-11 2.8617576e-12 -2.8617576e-12
10963.552 65.896 -72.005 1.06181868e-11 2.41373028e-12 -2.41373028e-12
11099.054 53.251 -69.607 1.2030096000000002e-11 2.64280575e-12 -2.64280575e-12
11217.174 75.54 -64.869 6.0896238e-12 1.36819995e-12 -1.36819995e-12
11372.662 108.101 -79.947 5.6012268e-12 1.2689753699999998e-12 -1.2689753699999998e-12
11578.941 74.826 -98.178 6.1324809e-12 1.3894689899999999e-12 -1.3894689899999999e-12
11711.157 40.394 -57.391 8.689613400000001e-12 1.9570434e-12 -1.9570434e-12
11813.482 198.773 -61.931 1.07805048e-11 2.17602372e-12 -2.17602372e-12
15599.45 86.284 -81.705 6.5962845e-12 1.30833105e-12 -1.30833105e-12
39731.715 132.582 -158.265 2.52085392e-12 6.587907299999999e-13 -6.587907299999999e-13
40038.472 136.731 -174.175 2.3372037e-12 6.1022598e-13 -6.1022598e-13
40448.852 192.71 -273.649 1.52825907e-12 4.0660971000000004e-13 -4.0660971000000004e-13
40776.989 170.461 -135.428 2.53346496e-12 6.4282764e-13 -6.4282764e-13
44622.733 217.549 -206.186 1.6143441599999998e-12 4.2033498e-13 -4.2033498e-13
44971.524 111.966 -131.242 2.81348418e-12 7.299247800000001e-13 -7.299247800000001e-13
45232.261 152.106 -148.771 2.27002425e-12 5.899923900000001e-13 -5.899923900000001e-13
45612.617 172.919 -228.25 1.69753701e-12 4.4252949e-13 -4.4252949e-13
46132.807 592.088 -347.272 1.41967488e-12 2.9017111499999997e-13 -2.9017111499999997e-13
56082.52 225.434 -245.94 1.4607110700000001e-12 3.81712695e-13 -3.81712695e-13
56710.058 407.753 -402.104 1.48024929e-12 2.93146815e-13 -2.93146815e-13
74633.256 722.726 -420.602 1.12523463e-12 2.2824789000000003e-13 -2.2824789000000003e-13
85754.031 7058.921 -5482.461 6.6286662e-13 1.5527928e-13 -1.5527928e-13
100600.799 3256.693 -3707.02 7.3443552e-13 1.47898686e-13 -1.47898686e-13
112252.446 3123.677 -3779.715 6.178785599999999e-13 1.38683532e-13 -1.38683532e-13
141252.944 3044.65 -3859.243 4.6271784e-13 1.1861109e-13 -1.1861109e-13
155695.543 6361.854 -6723.785 2.59726428e-13 6.9134208e-14 -6.9134208e-14
176771.431 2265.43 -9620.454 3.06399054e-13 7.898748000000001e-14 -7.898748000000001e-14
187183.97 3371.438 -3532.059 3.08365122e-13 8.230653600000001e-14 -8.230653600000001e-14
211284.627 8192.059 -16051.47 1.44824589e-13 3.65428011e-14 -3.65428011e-14
232838.607 9917.33 -8687.84 2.07925965e-13 4.8173580000000004e-14 -4.8173580000000004e-14
262381.316 26066.785 -14530.144 1.80756849e-13 3.9329667000000004e-14 -3.9329667000000004e-14
386022.649 12732.923 -50350.501 1.21542408e-13 3.18929559e-14 -3.18929559e-14
445289.5 51865.899 -41857.27 7.5822162e-14 1.56313755e-14 -1.56313755e-14
618189.8 58657.149 -29351.07 7.1564922e-14 1.9809894e-14 -1.9809894e-14
725863.221 31927.483 -45290.254 5.6265183e-14 1.4962818e-14 -1.4962818e-14
914841.23 68434.428 -66730.641 4.2649932e-14 8.1166059e-15 -8.1166059e-15
1549811.777 138825.109 -93375.533 1.79731422e-14 5.5142607000000005e-15 -5.5142607000000005e-15
1700006.107 11371.182 -1124.524 5.777460000000001e-13 0.0 0.0
