col1 col2 col3 col4 col5 col6
62.285 0.799 -0.72 4.2564541e-08 4.3638133e-09 -4.3573901e-09
63.821 0.753 -0.736 4.1601172e-08 4.4942161e-09 -4.4875117e-09
65.311 0.813 -0.737 3.9782584999999996e-08 4.3245859e-09 -4.3167197e-09
66.899 0.776 -0.776 3.9736853e-08 4.3175411e-09 -4.311795e-09
68.439 0.792 -0.765 3.862892500000001e-08 4.3235869e-09 -4.318714e-09
69.766 0.563 -0.535 5.6986549e-08 6.084383600000001e-09 -6.07503e-09
70.875 0.54 -0.546 5.6803843e-08 6.1731688e-09 -6.1636339000000006e-09
71.931 0.501 -0.517 6.1393767e-08 6.553033000000001e-09 -6.5447487e-09
72.896 0.383 -0.464 7.5366558e-08 7.8155692e-09 -7.8042287e-09
73.694 0.421 -0.415 7.2363934e-08 8.003322e-09 -7.993535500000001e-09
74.535 0.382 -0.42 7.7289929e-08 8.2983304e-09 -8.287889e-09
75.283 0.314 -0.365 9.2580993e-08 9.7689028e-09 -9.7548021e-09
76.043 0.479 -0.446 6.4484266e-08 7.306878400000001e-09 -7.2960559e-09
76.988 0.545 -0.466 6.2561894e-08 6.5618834e-09 -6.5535584e-09
78.265 0.846 -0.732 3.8534797e-08 4.2365814e-09 -4.231264500000001e-09
79.759 0.641 -0.648 3.22737273e-08 4.1922073e-09 -4.1885184e-09
81.072 0.58 -0.671 3.35254854e-08 4.316531e-09 -4.3129605e-09
82.603 0.863 -0.952 2.27724159e-08 2.9842520200000002e-09 -2.98159949e-09
84.363 0.4 -0.897 1.8255474400000003e-08 2.34029144e-09 -2.3281987300000002e-09
85.005 0.266 -0.242 1.7741514800000002e-08 2.22536944e-09 -2.19530953e-09
85.588 0.272 -0.317 1.5190031800000003e-08 1.89013279e-09 -1.8578613900000002e-09
86.104 0.263 -0.244 1.7965964200000002e-08 2.28677501e-09 -2.25055756e-09
86.661 0.209 -0.293 1.77274178e-08 2.23972211e-09 -2.21042958e-09
87.183 0.25 -0.314 1.52054645e-08 1.98855205e-09 -1.96555507e-09
87.711 0.228 -0.277 1.71550796e-08 2.21187258e-09 -2.18622492e-09
88.217 0.282 -0.278 1.57966357e-08 1.9843618e-09 -1.95761154e-09
88.872 0.327 -0.372 1.2661429600000001e-08 1.5905770900000002e-09 -1.56908749e-09
89.458 0.242 -0.26 1.79931962e-08 2.25732782e-09 -2.22655714e-09
90.013 0.351 -0.312 1.3201030200000002e-08 1.6804956e-09 -1.65896382e-09
90.651 0.326 -0.287 1.4122126700000001e-08 1.82204613e-09 -1.7998575999999999e-09
91.234 0.247 -0.256 1.7929904e-08 2.24670549e-09 -2.2183438800000003e-09
91.701 0.284 -0.22 1.7929615400000002e-08 2.24878711e-09 -2.21860029e-09
92.265 0.347 -0.281 1.39490111e-08 1.7764699000000001e-09 -1.75307739e-09
92.886 0.322 -0.274 1.4698768e-08 1.87895176e-09 -1.8488226599999999e-09
93.472 0.242 -0.263 1.80496434e-08 2.23641505e-09 -2.2036534e-09
93.991 0.236 -0.277 1.79791251e-08 2.19308287e-09 -2.16472348e-09
94.509 0.27 -0.283 1.64081532e-08 2.01594907e-09 -1.9900672000000003e-09
95.072 0.229 -0.292 1.66281293e-08 2.1444985400000003e-09 -2.11913726e-09
95.568 0.4 -0.268 1.24464892e-08 1.7017088100000002e-09 -1.68053852e-09
96.362 0.394 -0.394 1.1134114e-08 1.4243471899999998e-09 -1.40075192e-09
97.092 0.355 -0.336 1.2712164000000001e-08 1.6259313300000001e-09 -1.59920031e-09
97.812 0.358 -0.366 1.21187099e-08 1.55061598e-09 -1.5244514300000002e-09
98.598 0.382 -0.427 1.0954627000000001e-08 1.39432428e-09 -1.3587954e-09
99.451 0.496 -0.471 9.258084500000001e-09 1.1594849100000002e-09 -1.13247824e-09
100.355 0.451 -0.407 1.0448966499999999e-08 1.3014061799999999e-09 -1.2783770100000002e-09
101.204 0.354 -0.398 1.19065186e-08 1.48168868e-09 -1.4564380300000001e-09
102.035 0.491 -0.477 9.2581844e-09 1.15778254e-09 -1.13279052e-09
103.05 0.464 -0.524 8.9808213e-09 1.1355266700000002e-09 -1.11428645e-09
104.136 0.574 -0.623 7.3632700999999996e-09 9.5709084e-10 -9.3175879e-10
105.26 0.593 -0.549 7.238287800000001e-09 9.6454449e-10 -9.097611800000001e-10
106.341 0.488 -0.488 6.9667004e-09 9.5990691e-10 -8.90146e-10
107.327 0.515 -0.498 6.796271e-09 9.1777279e-10 -8.5588585e-10
108.339 0.401 -0.497 7.657490400000001e-09 1.06520595e-09 -9.635366100000002e-10
109.349 0.678 -0.608 5.4657325e-09 7.235520200000001e-10 -6.6835061e-10
110.603 0.42 -0.576 7.0566955e-09 9.5728065e-10 -8.623038700000001e-10
111.558 0.673 -0.535 5.7576181e-09 8.005878699999999e-10 -7.138047400000001e-10
112.672 0.451 -0.441 7.803148300000001e-09 1.07541462e-09 -9.674956100000001e-10
113.596 0.423 -0.474 7.5046471e-09 1.07137311e-09 -9.7269374e-10
114.39 0.504 -0.371 8.031956300000001e-09 1.09867763e-09 -9.8138504e-10
115.524 0.519 -0.63 6.0389698e-09 8.2477403e-10 -7.4889184e-10
116.495 0.431 -0.452 7.892821500000001e-09 1.0795001600000001e-09 -9.6436911e-10
117.309 0.428 -0.383 8.5848029e-09 1.16873306e-09 -1.04896628e-09
118.191 0.479 -0.453 7.4707366e-09 1.0257942900000001e-09 -9.1276558e-10
119.3 0.526 -0.631 6.112455500000001e-09 8.0853584e-10 -7.416446500000001e-10
120.184 0.344 -0.358 9.698151399999999e-09 1.32733763e-09 -1.22057746e-09
120.909 0.419 -0.38 8.6252032e-09 1.13112293e-09 -1.07071673e-09
121.828 0.427 -0.5 7.4333888e-09 9.712518500000001e-10 -9.229169e-10
122.774 0.416 -0.52 7.282858e-09 9.6718777e-10 -9.1744608e-10
123.786 0.646 -0.596 5.548294300000001e-09 7.2773635e-10 -6.887328e-10
124.861 0.336 -0.429 4.1265397e-09 5.1303719e-10 -5.124241e-10
125.436 0.27 -0.238 5.0880513000000004e-09 6.529230900000001e-10 -6.529227200000001e-10
125.985 0.223 -0.279 5.2849838000000005e-09 6.562656700000001e-10 -6.562653e-10
126.467 0.337 -0.259 3.69516965e-09 4.9825754e-10 -4.9825717e-10
127.124 0.274 -0.32 4.5148732e-09 5.5158083e-10 -5.5158046e-10
127.707 0.328 -0.309 4.212228e-09 5.1460673e-10 -5.1460673e-10
128.364 0.393 -0.329 3.7142783000000004e-09 4.5377207000000005e-10 -4.5377207000000005e-10
129.071 0.376 -0.314 2.5196152700000003e-09 3.9438115000000004e-10 -3.9438078e-10
129.728 0.25 -0.281 3.3987097400000002e-09 5.066506200000001e-10 -5.066502500000001e-10
130.325 0.311 -0.347 4.0756647e-09 4.9792269e-10 -4.9792232e-10
130.955 0.256 -0.319 3.1356745200000005e-09 4.674395e-10 -4.6743913e-10
131.519 0.256 -0.308 3.08394556e-09 4.827123599999999e-10 -4.827123599999999e-10
132.062 0.307 -0.288 3.0323727399999997e-09 4.520401e-10 -4.520401e-10
132.625 0.295 -0.256 3.26714181e-09 4.8703729e-10 -4.8703729e-10
133.31 0.317 -0.39 2.50682881e-09 3.8288155000000005e-10 -3.8288155000000005e-10
133.961 0.272 -0.335 2.97012431e-09 4.4276050000000003e-10 -4.4276050000000003e-10
134.532 0.33 -0.299 2.8691613e-09 4.2771001e-10 -4.2770964e-10
135.137 0.351 -0.275 2.84183643e-09 4.2363668000000005e-10 -4.2363631000000005e-10
135.834 0.373 -0.346 2.40398916e-09 3.67174236e-10 -3.67174125e-10
136.613 0.314 -0.407 2.44041751e-09 3.63796543e-10 -3.6379639500000005e-10
137.273 0.299 -0.346 2.62813849e-09 4.1136748000000004e-10 -4.1136748000000004e-10
137.901 0.46 -0.328 2.1923055e-09 3.3484263700000005e-10 -3.34842526e-10
138.628 0.359 -0.267 2.8078671e-09 4.1857286e-10 -4.1857249e-10
139.288 0.347 -0.3 2.7153182599999998e-09 4.047763e-10 -4.047763e-10
140.082 0.496 -0.447 1.86491433e-09 2.78005457e-10 -2.7800534600000005e-10
141.059 0.382 -0.481 2.03787453e-09 3.0378886999999997e-10 -3.03788759e-10
141.865 0.48 -0.424 1.9456068900000003e-09 2.90034379e-10 -2.9003426800000004e-10
142.802 0.4 -0.458 2.05055628e-09 3.0567934800000004e-10 -3.05679237e-10
143.764 0.532 -0.562 1.60710314e-09 2.3957315e-10 -2.39573076e-10
145.073 0.714 -0.777 1.1794541800000001e-09 1.7582289000000002e-10 -1.75822853e-10
146.436 0.595 -0.649 1.41400236e-09 2.10787335e-10 -2.10787298e-10
147.625 0.728 -0.594 1.33026618e-09 1.9830464500000002e-10 -1.98304608e-10
149.151 0.864 -0.798 1.05821924e-09 1.5775024e-10 -1.5775016600000003e-10
150.78 1.091 -0.766 9.3029581e-10 1.4208913900000002e-10 -1.42089102e-10
152.812 0.947 -0.941 9.3156602e-10 1.3886988e-10 -1.38869843e-10
154.681 1.041 -0.921 8.805259999999999e-10 1.34487526e-10 -1.3448745200000002e-10
156.704 1.126 -0.983 8.3408323e-10 1.24337982e-10 -1.24337945e-10
158.859 1.09 -1.029 8.154607600000001e-10 1.24549733e-10 -1.24549696e-10
160.831 0.805 -0.882 1.0426156e-09 1.55424198e-10 -1.55424161e-10
162.618 1.108 -0.982 8.411824200000001e-10 1.25396293e-10 -1.25396256e-10
164.819 1.145 -1.093 7.8569722e-10 1.17125017e-10 -1.1712498e-10
167.207 1.431 -1.243 6.5761654e-10 9.803183300000001e-11 -9.8031796e-11
169.517 0.784 -0.879 1.080622e-09 1.59329289e-10 -1.59329215e-10
171.412 1.387 -1.11 6.7952313e-10 1.06361902e-10 -1.06361865e-10
173.579 1.372 -0.779 8.033388200000001e-10 1.2269829e-10 -1.22698253e-10
176.215 1.249 -1.265 6.873571400000001e-10 1.04983763e-10 -1.04983726e-10
179.415 1.729 -1.95 4.7793751e-10 7.124683e-11 -7.1246793e-11
183.031 1.742 -1.887 4.760753e-10 7.2713547e-11 -7.271351000000001e-11
186.846 1.83 -2.073 4.5049202e-10 6.7155481e-11 -6.715544400000001e-11
190.13 1.82 -1.453 3.4878079600000003e-10 6.6045962e-11 -6.6045962e-11
194.263 1.829 -2.313 4.1719202000000004e-10 6.3719994e-11 -6.371995700000001e-11
197.571 2.031 -1.479 3.4510802800000004e-10 6.1983288e-11 -6.1983288e-11
201.528 2.596 -1.926 3.5613628500000007e-10 5.6401986e-11 -5.640194900000001e-11
205.985 1.913 -1.86 3.02559878e-10 5.7293464000000006e-11 -5.7293464000000006e-11
210.129 2.182 -2.231 2.6568763900000003e-10 4.850774e-11 -4.850774e-11
214.556 2.337 -2.246 3.5995442600000004e-10 5.6305638e-11 -5.6305638e-11
218.944 1.379 -2.051 3.41752054e-10 6.2395172e-11 -6.2395135e-11
222.271 1.579 -1.948 3.2378970100000003e-10 6.131358800000001e-11 -6.131358800000001e-11
226.607 2.039 -2.757 2.38036133e-10 4.5075102e-11 -4.5075065e-11
230.825 1.535 -2.178 3.1572821499999996e-10 5.7643891000000004e-11 -5.7643854e-11
234.586 2.214 -2.227 2.6399518499999997e-10 4.8198753e-11 -4.8198753e-11
238.781 1.929 -1.981 2.91970996e-10 5.5288323e-11 -5.5288323e-11
243.813 2.644 -3.102 2.04004273e-10 3.7245939e-11 -3.7245939e-11
248.111 1.819 -1.654 3.3122481399999997e-10 6.3874913e-11 -6.3874913e-11
251.784 1.839 -1.855 3.1739987499999997e-10 5.794906700000001e-11 -5.794906700000001e-11
255.285 1.941 -1.661 3.25377778e-10 5.9405646e-11 -5.9405646e-11
259.306 1.898 -2.08 2.94675548e-10 5.3800183e-11 -5.3800183e-11
263.973 2.259 -2.769 2.14920679e-10 4.3850476000000006e-11 -4.3850439e-11
268.102 2.686 -1.87 2.57280869e-10 4.6972906000000004e-11 -4.6972868999999996e-11
273.499 2.365 -2.711 2.18914422e-10 4.3017643e-11 -4.3017643e-11
278.482 2.009 -2.618 2.53337964e-10 4.6253033999999996e-11 -4.6252997e-11
282.972 3.183 -2.48 2.01618402e-10 3.8178931e-11 -3.8178931e-11
288.218 1.977 -2.064 2.90140384e-10 5.2972197e-11 -5.2972197e-11
292.906 2.943 -2.711 2.0733490200000002e-10 3.7854034000000006e-11 -3.7854034000000006e-11
297.912 1.511 -2.063 3.27980506e-10 5.9880837e-11 -5.9880837e-11
301.704 2.861 -2.28 2.2799644200000002e-10 4.1626295e-11 -4.1626295e-11
306.719 3.171 -2.154 2.20151295e-10 4.019398800000001e-11 -4.019398800000001e-11
312.188 2.078 -2.299 2.6785006700000003e-10 4.8902567e-11 -4.8902567e-11
317.564 3.132 -3.298 1.82323087e-10 3.32875236e-11 -3.32875162e-11
322.771 2.459 -2.074 2.51862256e-10 4.7693259e-11 -4.7693222000000004e-11
327.469 1.976 -2.239 2.7088724900000004e-10 5.1295838e-11 -5.1295838e-11
332.146 2.225 -2.702 2.31754236e-10 4.3885552e-11 -4.3885515e-11
336.216 2.157 -1.846 2.6230894700000004e-10 5.5603230000000004e-11 -5.5603230000000004e-11
340.032 2.39 -1.659 3.37747211e-10 5.7089779e-11 -5.7089742000000006e-11
344.924 1.993 -2.501 2.54047032e-10 4.8106955999999997e-11 -4.8106955999999997e-11
349.017 1.898 -2.1 2.77953805e-10 5.4619141e-11 -5.4619141e-11
353.327 1.79 -2.412 2.78971046e-10 5.0932979000000006e-11 -5.0932942e-11
357.782 2.688 -2.665 2.0756815000000002e-10 4.078806e-11 -4.0788023000000005e-11
362.697 2.227 -2.227 2.6323576000000005e-10 4.8060114e-11 -4.8060077e-11
368.209 2.571 -3.286 2.00148392e-10 3.6541965900000005e-11 -3.65419585e-11
373.081 1.736 -2.301 2.90399088e-10 5.3019446e-11 -5.3019409e-11
377.502 2.151 -2.685 2.42425961e-10 4.4260769e-11 -4.4260769e-11
381.856 2.314 -2.203 2.52757397e-10 4.7862756e-11 -4.7862719e-11
386.681 2.376 -2.512 2.3361944300000004e-10 4.4238717e-11 -4.4238717e-11
391.288 1.73 -2.231 2.9601472600000005e-10 5.4044716000000003e-11 -5.4044679e-11
395.557 2.459 -2.54 2.2838139e-10 4.3246858e-11 -4.3246821e-11
402.099 3.26 -4.083 1.55496385e-10 2.9445166100000004e-11 -2.94451587e-11
407.327 1.685 -1.967 3.20944993e-10 5.8596345e-11 -5.859630800000001e-11
411.034 2.515 -2.022 2.5839172e-10 4.7175703e-11 -4.7175703e-11
415.193 1.925 -1.644 3.1989822600000005e-10 6.0576696e-11 -6.0576696e-11
419.141 2.282 -2.024 2.72269384e-10 4.9709426000000007e-11 -4.9709389e-11
424.058 2.041 -2.635 2.50725986e-10 4.5776141000000004e-11 -4.5776141000000004e-11
428.724 1.995 -2.625 2.53718546e-10 4.6322483000000007e-11 -4.6322483000000007e-11
433.191 1.997 -2.472 2.6230284200000004e-10 4.7889766e-11 -4.7889766e-11
439.1 2.539 -3.912 1.72240328e-10 3.3845979400000004e-11 -3.3845972e-11
444.888 2.186 -3.249 2.1006072900000002e-10 3.977759e-11 -3.977759e-11
448.976 1.776 -1.901 3.1047547299999996e-10 5.8792371e-11 -5.8792371e-11
452.86 2.3 -2.109 2.58979428e-10 4.9040947000000003e-11 -4.9040947000000003e-11
457.461 1.866 -2.3 2.81340674e-10 5.1365582999999996e-11 -5.1365582999999996e-11
461.38 2.434 -2.053 2.61262476e-10 4.7699845e-11 -4.7699808000000006e-11
466.215 2.132 -2.401 2.5859618200000005e-10 4.7213036e-11 -4.7213036e-11
470.95 1.876 -2.603 2.61782215e-10 4.7794713000000004e-11 -4.7794713000000004e-11
475.285 1.974 -2.46 2.57519001e-10 4.8764409e-11 -4.8764409e-11
479.394 1.62 -2.135 3.04008058e-10 5.7567708e-11 -5.7567671e-11
484.454 2.133 -3.44 2.10388808e-10 3.8411587000000005e-11 -3.8411587000000005e-11
489.545 2.591 -2.958 2.11258678e-10 3.8570428e-11 -3.8570428e-11
494.612 2.262 -2.476 2.47432431e-10 4.5174817000000006e-11 -4.5174817000000006e-11
499.72 2.411 -2.846 2.11349883e-10 4.1531168e-11 -4.1531168e-11
503.928 1.512 -1.797 3.54238592e-10 6.467489e-11 -6.467485300000001e-11
508.681 2.401 -3.24 2.0237582900000002e-10 3.832238000000001e-11 -3.832238000000001e-11
513.124 2.14 -2.042 2.80281697e-10 5.117225800000001e-11 -5.117225800000001e-11
518.046 2.33 -2.782 2.2935386100000001e-10 4.187412100000001e-11 -4.187412100000001e-11
522.033 1.953 -1.657 3.24749148e-10 5.929087200000001e-11 -5.929087200000001e-11
525.944 2.429 -1.958 3.65175126e-10 5.7030838e-11 -5.7030838e-11
531.291 2.295 -2.918 2.1901583900000002e-10 4.1473374e-11 -4.1473337e-11
536.242 2.288 -2.656 2.30913522e-10 4.372634100000001e-11 -4.372634100000001e-11
540.627 1.768 -2.096 3.03360669e-10 5.5385891999999996e-11 -5.5385891999999996e-11
545.265 2.184 -2.871 2.25882003e-10 4.2773554e-11 -4.2773554e-11
549.789 2.2 -2.34 2.58192623e-10 4.7139369e-11 -4.7139332e-11
554.665 2.042 -2.676 2.48456554e-10 4.5361815e-11 -4.5361778000000004e-11
558.396 1.712 -1.688 3.44797339e-10 6.295117100000001e-11 -6.2951134e-11
561.986 2.558 -1.879 2.6419494800000003e-10 4.8235235e-11 -4.8235235e-11
567.405 2.102 -2.86 2.36248996e-10 4.3133008999999996e-11 -4.3133008999999996e-11
571.797 2.89 -2.291 2.20374442e-10 4.1730635000000006e-11 -4.1730635000000006e-11
577.328 2.507 -2.64 2.2182943000000002e-10 4.2006137e-11 -4.2006137e-11
582.628 1.971 -2.793 2.4604881600000003e-10 4.4922218e-11 -4.4922181000000004e-11
1533.07 10.643 -6.305 1.44590968e-10 2.63986046e-11 -2.6398600900000004e-11
1547.112 3.691 -3.399 1.5672911400000003e-10 3.07979564e-11 -3.0797949000000005e-11
1556.32 9.335 -5.517 1.33865334e-10 2.53490589e-11 -2.5349051500000003e-11
1569.162 3.361 -3.506 1.7070612300000002e-10 3.11665652e-11 -3.11665578e-11
1576.137 2.81 -3.614 1.8247948600000003e-10 3.33160765e-11 -3.3316069100000003e-11
1581.966 3.137 -3.019 1.90441442e-10 3.47697251e-11 -3.47697177e-11
1588.484 2.837 -3.381 1.8852802400000002e-10 3.44203859e-11 -3.44203785e-11
1594.746 4.014 -3.424 1.5759617200000002e-10 2.8773020400000003e-11 -2.8773013000000002e-11
1601.414 2.315 -2.654 2.1131625e-10 4.4794013000000004e-11 -4.4794013000000004e-11
1607.075 3.691 -3.347 1.6222165300000003e-10 3.0718680200000005e-11 -3.07186728e-11
1615.626 3.859 -4.859 1.27461411e-10 2.5046720800000004e-11 -2.5046717100000002e-11
1624.992 4.348 -5.507 1.15857434e-10 2.1939039000000002e-11 -2.1939035300000003e-11
1633.019 2.589 -3.679 1.8216165600000002e-10 3.44945635e-11 -3.44945561e-11
1637.965 2.103 -2.358 2.6283394000000004e-10 4.798674300000001e-11 -4.798674300000001e-11
1644.293 3.462 -4.226 1.52493132e-10 2.78413382e-11 -2.7841330800000003e-11
1651.402 3.617 -3.647 1.57176703e-10 2.9763355e-11 -2.97633476e-11
1658.33 3.709 -3.311 1.6263494300000003e-10 3.07969389e-11 -3.07969352e-11
1666.91 2.887 -4.87 1.47192845e-10 2.78727845e-11 -2.7872780800000002e-11
1675.255 4.173 -5.459 1.21708503e-10 2.22208532e-11 -2.22208495e-11
1682.891 3.375 -3.463 1.71456446e-10 3.1303554e-11 -3.1303546599999997e-11
1690.257 3.252 -3.991 1.5341635600000001e-10 3.01469821e-11 -3.01469784e-11
1697.223 4.287 -3.714 1.4270759399999999e-10 2.70234532e-11 -2.7023449500000002e-11
1706.856 5.399 -5.347 1.06251235e-10 2.0119985800000002e-11 -2.01199821e-11
622.283 29.354 -33.329 2.18414589e-10 4.8897387e-11 -4.8897387e-11
677.893 31.412 -26.256 2.38001168e-10 5.3295059000000004e-11 -5.3295059000000004e-11
744.069 22.905 -34.763 2.40264865e-10 5.3769806e-11 -5.3769806e-11
818.319 31.396 -51.346 1.66424964e-10 3.7280534e-11 -3.7280534e-11
879.36 38.053 -29.644 2.04461075e-10 4.5768075e-11 -4.5768075e-11
938.776 21.262 -21.363 3.25538987e-10 7.283623900000001e-11 -7.283623900000001e-11
987.925 32.288 -27.888 2.28128865e-10 5.1114982e-11 -5.1114982e-11
1059.08 33.845 -38.867 1.8923498300000002e-10 4.2354714e-11 -4.2354714e-11
1153.14 47.6 -60.215 1.2909588600000001e-10 2.8935842600000003e-11 -2.8935842600000003e-11
1226.076 39.855 -25.336 2.1549306900000003e-10 4.8266426e-11 -4.8266426e-11
1311.554 34.61 -45.624 1.84116847e-10 4.0223366e-11 -4.0223366e-11
1378.763 25.07 -32.598 2.4583676900000004e-10 5.5062845e-11 -5.5062845e-11
1468.626 90.703 -64.793 1.63279483e-10 2.9872471700000004e-11 -2.9872471700000004e-11
4992.575 81.422 -94.661 5.4998465e-11 1.2313718400000002e-11 -1.2313718400000002e-11
5167.281 69.971 -93.284 7.6006029e-11 1.58659219e-11 -1.58659219e-11
5301.374 47.734 -64.122 6.0966084e-11 1.36614286e-11 -1.36614286e-11
5388.051 36.277 -38.943 5.9722255e-11 1.33713338e-11 -1.33713338e-11
5478.622 61.043 -54.294 3.928549000000001e-11 8.7919696e-12 -8.7919696e-12
5583.023 31.861 -43.359 6.2613139e-11 1.3674360100000001e-11 -1.3674360100000001e-11
5646.829 30.738 -31.945 7.284881900000001e-11 1.6299869e-11 -1.6299869e-11
5726.518 66.385 -48.952 3.9433971e-11 8.8364658e-12 -8.8364658e-12
5835.225 42.927 -42.322 5.3427186e-11 1.1964456899999999e-11 -1.1964456899999999e-11
5913.469 27.366 -35.317 7.3214675e-11 1.6381735200000003e-11 -1.6381735200000003e-11
5966.389 24.592 -25.554 9.0038094e-11 2.01374017e-11 -2.01374017e-11
6026.177 32.502 -35.195 6.7793065e-11 1.51815477e-11 -1.51815477e-11
6095.256 26.106 -36.577 7.2847709e-11 1.63065512e-11 -1.63065512e-11
6153.552 33.0 -32.19 6.9694347e-11 1.55973759e-11 -1.55973759e-11
6231.631 35.155 -45.079 5.7185424000000006e-11 1.2795199400000002e-11 -1.2795199400000002e-11
6319.677 42.387 -52.891 5.0236158000000004e-11 1.09757429e-11 -1.09757429e-11
6413.932 35.889 -51.867 5.2280852e-11 1.1697805300000002e-11 -1.1697805300000002e-11
6507.649 65.029 -57.829 3.63254937e-11 8.1329848e-12 -8.1329848e-12
6635.279 52.736 -62.601 3.921186e-11 8.7792231e-12 -8.7792231e-12
6741.858 48.957 -53.843 4.369774e-11 9.779418200000001e-12 -9.779418200000001e-12
6859.333 41.804 -68.518 4.4693669e-11 9.5397655e-12 -9.5397655e-12
6952.113 44.302 -50.976 4.7130748e-11 1.05566809e-11 -1.05566809e-11
7042.867 48.826 -46.452 4.6919959000000007e-11 1.05139422e-11 -1.05139422e-11
7150.296 61.749 -58.602 3.7115736000000004e-11 8.322291600000001e-12 -8.322291600000001e-12
7242.598 42.16 -30.553 6.159948700000001e-11 1.3800430200000001e-11 -1.3800430200000001e-11
7352.141 136.328 -67.384 6.5151968e-11 1.30859454e-11 -1.30859454e-11
10736.414 52.779 -65.178 2.9875161599999997e-11 6.6821001e-12 -6.6821001e-12
10835.499 30.501 -46.306 3.27516711e-11 7.3294558e-12 -7.3294558e-12
10908.291 21.069 -42.29 4.1974761e-11 9.3883911e-12 -9.3883911e-12
10953.296 23.702 -23.937 3.7752765000000005e-11 8.4555212e-12 -8.4555212e-12
11016.214 33.496 -39.216 2.45166995e-11 5.4895383e-12 -5.4895383e-12
11087.311 32.605 -37.6 2.64461644e-11 5.9167477000000005e-12 -5.9167477000000005e-12
11147.365 17.683 -27.449 3.952414e-11 8.8426559e-12 -8.8426559e-12
11190.738 19.441 -25.69 4.2067334999999996e-11 9.421865e-12 -9.421865e-12
11246.134 41.772 -35.955 2.3363298499999998e-11 5.2270270000000005e-12 -5.2270270000000005e-12
11319.804 25.77 -31.898 3.37330184e-11 7.1954492e-12 -7.1954492e-12
11375.398 30.352 -29.823 2.9968853000000004e-11 6.7103311e-12 -6.7103311e-12
11442.215 28.726 -36.465 2.70528941e-11 6.0524933e-12 -6.0524933e-12
11496.898 24.189 -25.958 3.7335146e-11 8.1535087e-12 -8.1535087e-12
11547.529 28.719 -26.442 3.20673968e-11 7.184116100000001e-12 -7.184116100000001e-12
11598.805 22.574 -22.558 3.8782808e-11 8.6791566e-12 -8.6791566e-12
11652.449 31.613 -31.07 2.95559663e-11 6.6124994e-12 -6.6124994e-12
11710.0 31.73 -25.938 3.09819019e-11 6.9296412e-12 -6.9296412e-12
11757.784 16.541 -16.054 5.6804657e-11 1.23989923e-11 -1.23989923e-11
11823.062 41.527 -48.736 1.94334323e-11 4.3513443e-12 -4.3513443e-12
11894.371 22.872 -29.782 3.50383821e-11 7.6598399e-12 -7.6598399e-12
11950.246 24.665 -33.003 3.19962347e-11 6.9839535e-12 -6.9839535e-12
12011.377 36.246 -36.466 2.4023752200000003e-11 5.3777058000000005e-12 -5.3777058000000005e-12
12082.834 32.487 -35.211 2.54889374e-11 5.7010451e-12 -5.7010451e-12
12148.776 29.228 -33.455 2.79737575e-11 6.263607900000001e-12 -6.263607900000001e-12
12209.451 46.279 -31.448 2.2630235999999998e-11 5.0657662e-12 -5.0657662e-12
12294.703 33.74 -38.972 2.39579403e-11 5.3586100999999996e-12 -5.3586100999999996e-12
12359.522 31.603 -31.08 2.7466124900000002e-11 6.146610200000001e-12 -6.146610200000001e-12
12445.765 40.639 -54.639 1.8629448200000003e-11 4.1724567e-12 -4.1724567e-12
12535.889 50.808 -49.485 1.7705828300000002e-11 3.9666664e-12 -3.9666664e-12
12613.511 33.36 -26.815 2.89992569e-11 6.4914687e-12 -6.4914687e-12
12676.818 32.737 -29.946 2.84814382e-11 6.3720956e-12 -6.3720956e-12
12746.527 25.711 -36.972 2.83065133e-11 6.3346775e-12 -6.3346775e-12
12817.723 29.734 -45.485 2.37802293e-11 5.3174217e-12 -5.3174217e-12
12882.958 39.719 -35.501 2.5039598300000002e-11 5.4753932e-12 -5.4753932e-12
12953.633 26.712 -30.956 3.25853228e-11 7.2922264e-12 -7.2922264e-12
13016.683 33.867 -36.338 2.58004367e-11 5.7738462999999996e-12 -5.7738462999999996e-12
13073.166 27.53 -22.616 3.7528434e-11 8.1914929e-12 -8.1914929e-12
13175.08 95.492 -74.384 2.39082752e-11 4.1113771e-12 -4.1113771e-12
16533.554 108.928 -86.49 1.83351206e-11 4.107647500000001e-12 -4.107647500000001e-12
16706.698 70.022 -64.217 2.5340149300000002e-11 5.670838300000001e-12 -5.670838300000001e-12
16864.104 77.06 -87.384 1.83708404e-11 4.1123021e-12 -4.1123021e-12
16981.263 37.627 -40.1 2.30157205e-11 5.1478655e-12 -5.1478655e-12
17065.378 56.313 -46.487 1.7305610400000002e-11 3.8770043e-12 -3.8770043e-12
17173.188 48.795 -51.498 1.76866586e-11 3.957002e-12 -3.957002e-12
17256.321 43.389 -34.338 2.26554885e-11 5.068667e-12 -5.068667e-12
17336.307 38.623 -36.596 2.33690076e-11 5.2283035e-12 -5.2283035e-12
17416.78 50.92 -41.85 1.90688121e-11 4.2708582000000004e-12 -4.2708582000000004e-12
17519.332 38.632 -51.631 1.9602415e-11 4.3927547e-12 -4.3927547e-12
17607.726 27.965 -49.762 2.3093442699999998e-11 5.1680527e-12 -5.1680527e-12
17656.279 27.05 -20.589 3.9145519e-11 8.5444581e-12 -8.5444581e-12
17742.86 40.762 -59.531 1.76755697e-11 3.9555923e-12 -3.9555923e-12
17835.885 32.986 -52.263 2.09112197e-11 4.6809625e-12 -4.6809625e-12
17932.531 54.183 -63.66 1.51450102e-11 3.3975731000000002e-12 -3.3975731000000002e-12
18025.059 56.934 -38.344 1.90551591e-11 4.266643900000001e-12 -4.266643900000001e-12
18143.648 43.652 -61.655 1.77403863e-11 3.9722534000000005e-12 -3.9722534000000005e-12
18239.18 50.92 -51.88 1.75524411e-11 3.9323045e-12 -3.9323045e-12
18336.588 48.79 -46.488 1.9108616700000002e-11 4.2797752e-12 -4.2797752e-12
18435.26 37.874 -49.882 2.0630312e-11 4.6230982e-12 -4.6230982e-12
18539.069 61.938 -65.935 1.52638727e-11 3.2623033200000004e-12 -3.2623033200000004e-12
18638.902 34.817 -37.895 2.52793435e-11 5.5221057e-12 -5.5221057e-12
18764.473 49.657 -90.753 1.31280144e-11 2.86698718e-12 -2.86698718e-12
19087.106 3158.69 -272.976 1.33640041e-11 2.14773863e-12 -2.14773863e-12
34608.828 62.074 -55.77 7.7470267e-12 1.73636708e-12 -1.73636708e-12
34723.044 53.166 -52.141 8.6649227e-12 1.9415269e-12 -1.9415269e-12
34836.116 57.937 -59.907 7.7922925e-12 1.74754145e-12 -1.74754145e-12
34966.867 40.015 -72.814 8.9549213e-12 1.91174782e-12 -1.91174782e-12
35086.462 75.874 -79.579 5.824158900000001e-12 1.30654215e-12 -1.30654215e-12
35230.767 59.442 -68.431 7.1844861e-12 1.6112308600000002e-12 -1.6112308600000002e-12
35364.276 51.299 -74.067 7.4109076e-12 1.65956618e-12 -1.65956618e-12
35466.711 54.171 -51.136 8.7372244e-12 1.95830381e-12 -1.95830381e-12
35563.246 55.422 -42.363 9.450310600000002e-12 2.11563928e-12 -2.11563928e-12
35675.315 63.705 -56.647 7.641314000000001e-12 1.7141866900000002e-12 -1.7141866900000002e-12
35807.076 62.324 -68.057 7.0161361e-12 1.57533272e-12 -1.57533272e-12
35927.307 49.908 -57.907 8.3984376e-12 1.88181593e-12 -1.88181593e-12
36043.022 44.515 -65.807 8.2761045e-12 1.85659044e-12 -1.85659044e-12
36140.051 67.825 -52.514 7.6639765e-12 1.7187643300000002e-12 -1.7187643300000002e-12
40491.423 96.199 -79.313 5.4679525000000006e-12 1.22836559e-12 -1.22836559e-12
40654.42 86.148 -66.798 6.2697239999999995e-12 1.40339853e-12 -1.40339853e-12
40796.347 44.513 -55.779 9.649011700000002e-12 2.16092358e-12 -2.16092358e-12
40896.759 59.438 -55.899 8.3107624e-12 1.86025899e-12 -1.86025899e-12
41040.674 68.469 -84.477 6.244094100000001e-12 1.4016365899999998e-12 -1.4016365899999998e-12
41170.671 78.882 -61.528 7.1589228e-12 1.56681643e-12 -1.56681643e-12
41347.614 64.915 -98.06 6.152034400000001e-12 1.34910103e-12 -1.34910103e-12
41490.661 49.741 -78.132 7.867439500000001e-12 1.72103687e-12 -1.72103687e-12
41639.415 53.934 -99.013 6.2724583e-12 1.4058227700000001e-12 -1.4058227700000001e-12
41846.806 180.004 -153.458 5.4752896e-12 8.905026800000001e-13 -8.905026800000001e-13
46595.9 144.358 -93.837 5.4292949e-12 1.21925249e-12 -1.21925249e-12
46856.176 112.248 -115.918 5.6810910000000006e-12 1.27418528e-12 -1.27418528e-12
47094.667 159.591 -126.243 3.3893794500000003e-12 8.7897496e-13 -8.7897496e-13
47383.939 136.095 -129.681 4.793757e-12 1.0754412600000001e-12 -1.0754412600000001e-12
47658.897 129.411 -138.863 4.7356855e-12 1.0637588800000001e-12 -1.0637588800000001e-12
52669.336 77.763 -110.286 5.5583768000000006e-12 1.2469666e-12 -1.2469666e-12
52894.76 62.954 -147.661 3.6721419600000005e-12 9.5165184e-13 -9.5165184e-13
53088.791 99.596 -131.077 3.34627445e-12 8.6661881e-13 -8.6661881e-13
53382.877 224.224 -194.49 3.7898841e-12 6.828982700000001e-13 -6.828982700000001e-13
58653.298 136.57 -156.786 3.7381581000000004e-12 8.3819578e-13 -8.3819578e-13
58940.455 185.394 -150.587 2.48989206e-12 6.4832029e-13 -6.4832029e-13
59255.433 111.112 -129.585 4.7058894e-12 1.05598518e-12 -1.05598518e-12
68793.262 241.463 -189.793 2.66494942e-12 5.34576e-13 -5.34576e-13
74614.991 203.777 -194.883 1.86509526e-12 4.8363662e-13 -4.8363662e-13
80291.167 112.785 -107.859 3.24042152e-12 8.3970242e-13 -8.3970242e-13
80516.664 143.034 -112.712 2.7634153e-12 7.170381700000001e-13 -7.170381700000001e-13
80837.034 131.059 -177.335 2.4422860100000003e-12 6.1358987e-13 -6.1358987e-13
86079.607 127.658 -133.103 2.6695722e-12 6.923569499999999e-13 -6.923569499999999e-13
86436.534 292.248 -229.269 2.13922456e-12 4.3788353e-13 -4.3788353e-13
91964.832 162.79 -203.279 1.89900465e-12 4.9363365e-13 -4.9363365e-13
92311.832 234.505 -184.211 2.1940348800000003e-12 4.933454200000001e-13 -4.933454200000001e-13
125132.565 3714.716 -2773.835 9.7413489e-13 2.00584622e-13 -2.00584622e-13
154240.26 3527.494 -3022.572 6.412211e-13 1.30511913e-13 -1.30511913e-13
162985.866 601.925 -731.959 6.4795621e-13 1.6033768700000002e-13 -1.6033768700000002e-13
172011.183 3096.933 -3936.029 5.4863674e-13 1.0561379900000001e-13 -1.0561379900000001e-13
180281.392 646.401 -687.483 6.5182123e-13 1.55594472e-13 -1.55594472e-13
186053.403 635.084 -638.625 8.1483065e-13 1.8967162e-13 -1.8967162e-13
191961.327 546.629 -787.254 5.738022900000001e-13 1.45558888e-13 -1.45558888e-13
202802.93 12805.833 -5807.081 5.914183600000001e-13 1.1261386600000001e-13 -1.1261386600000001e-13
240112.305 3994.757 -9535.93 5.200198300000001e-13 1.33449195e-13 -1.33449195e-13
255182.204 6265.101 -6168.475 5.253141600000001e-13 1.31642707e-13 -1.31642707e-13
269914.618 3533.124 -3498.782 3.9420873e-13 9.3367354e-14 -9.3367354e-14
282259.138 2768.299 -4324.557 3.2355745200000007e-13 8.115728e-14 -8.115728e-14
297176.657 5191.719 -7302.549 2.63186661e-13 6.7741524e-14 -6.7741524e-14
320806.094 10481.527 -13874.279 2.28434226e-13 5.2983889e-14 -5.2983889e-14
346013.451 8433.717 -9929.589 2.20061459e-13 5.3653478e-14 -5.3653478e-14
387763.435 41551.762 -28520.124 1.95400774e-13 3.60308664e-14 -3.60308664e-14
578622.15 18765.201 -33775.166 1.32969416e-13 3.4959631300000003e-14 -3.4959631300000003e-14
638330.276 28475.993 -35625.099 1.1967428e-13 3.24515715e-14 -3.24515715e-14
715756.196 31992.154 -43815.331 7.8096492e-14 2.1745503099999998e-14 -2.1745503099999998e-14
792250.561 19158.059 -39369.653 9.188979600000001e-14 2.40304936e-14 -2.40304936e-14
827419.196 12908.608 -11462.818 1.2355928e-13 3.27513677e-14 -3.27513677e-14
879769.247 35439.64 -35248.723 5.761936e-14 1.62221505e-14 -1.62221505e-14
1005809.419 71698.582 -84748.521 3.32882377e-14 9.644416299999999e-15 -9.644416299999999e-15
1185020.711 66067.43 -102017.942 2.7822923300000002e-14 7.934291100000001e-15 -7.934291100000001e-15
1334997.34 66508.217 -78533.11 3.06433112e-14 9.1271526e-15 -9.1271526e-15
1499173.999 110593.988 -92588.771 3.4991011e-14 1.00457183e-14 -1.00457183e-14
1744592.219 218085.309 -129738.122 2.3220852200000002e-14 6.9507756000000005e-15 -6.9507756000000005e-15
2096847.553 107419.789 -117577.356 1.7634033500000002e-14 7.5718206e-15 -6.2378226e-15
