col1 col2 col3 col4 col5 col6
97.387 0.637 -0.654 1.5856205399999999e-09 2.36370708e-10 -2.3637079199999997e-10
98.604 0.326 -0.579 2.2615387199999997e-09 3.3713080799999995e-10 -3.37130892e-10
99.486 0.512 -0.556 1.91857092e-09 2.8600408199999996e-10 -2.86004166e-10
100.52 0.661 -0.522 1.73104638e-09 2.58049512e-10 -2.58049596e-10
101.851 0.527 -0.67 1.71051678e-09 2.5498918199999997e-10 -2.54989266e-10
103.02 0.598 -0.642 1.65156768e-09 2.4620152199999997e-10 -2.46201606e-10
104.198 0.539 -0.58 1.8707845799999997e-09 2.7583252199999996e-10 -2.75832606e-10
105.337 0.569 -0.6 1.7521148399999997e-09 2.6119023e-10 -2.6119031399999997e-10
106.523 0.538 -0.617 1.7737301399999998e-09 2.64412428e-10 -2.6441251199999997e-10
107.777 0.68 -0.717 1.41996834e-09 2.2111164599999998e-10 -2.21111688e-10
109.074 0.595 -0.617 1.66375776e-09 2.5346080199999996e-10 -2.5346084399999997e-10
110.222 0.519 -0.554 1.9093800599999997e-09 2.84634e-10 -2.84634084e-10
111.236 0.662 -0.494 1.7431029e-09 2.6554840199999997e-10 -2.65548486e-10
112.467 0.637 -0.569 1.64409546e-09 2.56011798e-10 -2.5601183999999995e-10
113.709 0.739 -0.605 1.4764457399999998e-09 2.29906068e-10 -2.2990611e-10
115.221 0.74 -0.774 1.3314088199999998e-09 2.02829928e-10 -2.0282996999999998e-10
116.719 0.57 -0.757 1.5433475399999998e-09 2.3006902799999997e-10 -2.3006906999999998e-10
117.803 0.599 -0.515 1.8242683199999997e-09 2.7194626199999995e-10 -2.7194634599999997e-10
119.047 0.637 -0.644 1.53532806e-09 2.3389547999999996e-10 -2.33895522e-10
120.243 0.508 -0.56 1.8721604999999996e-09 2.79085632e-10 -2.79085716e-10
121.382 0.472 -0.631 1.81177668e-09 2.7008415e-10 -2.70084192e-10
122.476 0.603 -0.622 1.6044117599999998e-09 2.44419882e-10 -2.44419924e-10
123.683 0.647 -0.603 1.5978757199999998e-09 2.38197624e-10 -2.38197666e-10
125.075 0.577 -0.745 1.46373276e-09 2.2792644e-10 -2.2792652399999997e-10
126.418 0.504 -0.766 1.5732834599999999e-09 2.3453157e-10 -2.34531654e-10
127.536 0.616 -0.613 1.62563646e-09 2.42335926e-10 -2.4233600999999997e-10
128.716 0.664 -0.564 1.6021845e-09 2.44080564e-10 -2.4408060599999995e-10
129.959 0.616 -0.579 1.6452042599999998e-09 2.50634244e-10 -2.5063432799999996e-10
131.25 0.441 -0.675 1.7918161799999999e-09 2.67108576e-10 -2.67108618e-10
132.221 0.619 -0.53 1.7391003e-09 2.5925012399999995e-10 -2.5925016599999996e-10
133.609 0.715 -0.769 1.3256313e-09 2.0194981799999997e-10 -2.0194985999999998e-10
134.911 0.538 -0.587 1.69275918e-09 2.69482668e-10 -2.6948270999999996e-10
136.071 0.726 -0.623 1.5150773399999998e-09 2.2338624e-10 -2.23386324e-10
137.494 0.748 -0.697 1.3835698799999999e-09 2.06250702e-10 -2.06250744e-10
138.917 0.746 -0.676 1.40609364e-09 2.0960835e-10 -2.0960839199999996e-10
140.27 0.573 -0.607 1.69449042e-09 2.52600096e-10 -2.5260017999999996e-10
141.837 0.853 -0.994 1.0650826199999999e-09 1.6225717199999999e-10 -1.62257214e-10
143.344 0.671 -0.654 1.48397424e-09 2.2607214e-10 -2.2607218199999998e-10
144.588 0.592 -0.573 1.71518466e-09 2.5568499599999995e-10 -2.5568508e-10
145.862 0.615 -0.682 1.51653768e-09 2.3103292799999999e-10 -2.3103296999999997e-10
147.519 0.781 -1.042 1.07859108e-09 1.64315088e-10 -1.6431513e-10
148.889 0.589 -0.588 1.6700144999999999e-09 2.5441394999999997e-10 -2.54413992e-10
150.212 0.817 -0.734 1.2892290599999998e-09 1.9640413799999999e-10 -1.9640422199999998e-10
151.706 0.564 -0.676 1.65257106e-09 2.46351084e-10 -2.4635112599999997e-10
152.844 0.504 -0.574 1.87049478e-09 2.84955594e-10 -2.84955636e-10
153.868 0.777 -0.52 1.5800106e-09 2.35534362e-10 -2.3553444599999996e-10
155.379 0.837 -0.734 1.3044355799999998e-09 1.9445407799999997e-10 -1.9445411999999999e-10
156.685 0.603 -0.469 1.9101872999999996e-09 2.8475433e-10 -2.84754414e-10
158.002 0.661 -0.713 1.49200968e-09 2.22415998e-10 -2.2241604e-10
159.492 0.864 -0.83 1.19065086e-09 1.81386576e-10 -1.81386618e-10
161.232 0.569 -0.876 1.4184387000000001e-09 2.11448622e-10 -2.11448706e-10
162.403 0.672 -0.602 1.6085491799999999e-09 2.39788668e-10 -2.3978875199999996e-10
163.744 0.672 -0.67 1.5275156399999997e-09 2.27708922e-10 -2.27708964e-10
165.061 0.67 -0.645 1.5585334799999998e-09 2.3233278599999998e-10 -2.3233287e-10
166.604 0.714 -0.873 1.3198655399999999e-09 1.9460380799999998e-10 -1.9460385e-10
168.145 0.779 -0.828 1.2145765799999998e-09 1.9335729e-10 -1.93357332e-10
169.893 0.798 -0.969 1.15985394e-09 1.7290106399999996e-10 -1.7290110599999997e-10
171.631 0.809 -0.94 1.15310286e-09 1.7189466000000002e-10 -1.7189470199999997e-10
173.201 0.692 -0.761 1.3531740599999999e-09 2.0614570199999997e-10 -2.0614574399999998e-10
174.614 0.731 -0.721 1.3767759599999999e-09 2.05237956e-10 -2.0523799799999998e-10
176.125 0.57 -0.78 1.48016106e-09 2.2064973e-10 -2.2064977199999998e-10
177.536 0.803 -0.841 1.2158252399999998e-09 1.8124474199999997e-10 -1.81244826e-10
179.092 0.756 -0.752 1.32481776e-09 1.974924e-10 -1.9749248399999997e-10
180.486 0.65 -0.638 1.45293036e-09 2.3652552e-10 -2.36525604e-10
181.697 0.553 -0.561 1.80672996e-09 2.6933176199999996e-10 -2.6933180399999997e-10
183.226 0.603 -0.976 1.2352409999999999e-09 1.9664698199999996e-10 -1.9664702399999998e-10
184.402 0.732 -0.573 1.57144302e-09 2.3425722599999996e-10 -2.34257268e-10
185.929 0.817 -0.795 1.2713924999999999e-09 1.89528276e-10 -1.8952831799999996e-10
188.303 1.248 -1.558 1.09732056e-09 1.70870238e-10 -1.7087027999999998e-10
190.352 0.74 -0.801 1.2877783799999999e-09 2.0052753e-10 -2.0052761399999996e-10
191.948 0.799 -0.856 1.21886772e-09 1.8568514999999999e-10 -1.85685192e-10
193.815 0.988 -1.068 9.8450982e-10 1.4676228e-10 -1.4676232199999998e-10
195.808 0.88 -1.004 1.0611047999999999e-09 1.581804e-10 -1.58180442e-10
197.407 0.686 -0.719 1.42239972e-09 2.1203909999999997e-10 -2.12039184e-10
198.915 0.596 -0.822 1.40991312e-09 2.1017774399999998e-10 -2.10177786e-10
200.314 0.734 -0.803 1.30060392e-09 1.93882836e-10 -1.93882878e-10
201.887 0.751 -0.839 1.25693358e-09 1.87372878e-10 -1.8737292e-10
203.446 0.876 -0.807 1.1500482e-09 1.79080818e-10 -1.7908085999999997e-10
204.87 0.452 -0.548 1.9989295199999998e-09 2.97983196e-10 -2.9798327999999997e-10
206.03 0.759 -0.709 1.36168788e-09 2.0298877199999998e-10 -2.02988814e-10
207.503 0.573 -0.714 1.55381394e-09 2.3162924399999998e-10 -2.31629286e-10
208.93 0.891 -0.855 1.14514932e-09 1.70709e-10 -1.7070904199999997e-10
210.973 1.115 -1.152 8.817912599999999e-10 1.31449878e-10 -1.3144992e-10
212.858 0.672 -0.771 1.3411280399999999e-09 2.0883492e-10 -2.0883496199999997e-10
214.229 0.852 -0.699 1.26779478e-09 1.93138806e-10 -1.93138848e-10
216.0 0.923 -0.918 1.06819356e-09 1.62731142e-10 -1.62731184e-10
218.027 1.393 -1.103 7.7526666e-10 1.20721356e-10 -1.20721356e-10
220.609 1.029 -1.19 9.0093066e-10 1.3430298e-10 -1.34303022e-10
222.448 0.574 -0.81 1.4210452199999998e-09 2.16485388e-10 -2.1648543e-10
223.787 0.717 -0.765 1.3272310799999998e-09 2.0219350199999997e-10 -2.02193586e-10
225.386 0.731 -0.882 1.23865518e-09 1.84648086e-10 -1.84648128e-10
227.207 1.061 -1.09 9.292227e-10 1.38520536e-10 -1.38520578e-10
228.966 0.839 -0.698 1.30027758e-09 1.9383419999999999e-10 -1.93834242e-10
230.83 0.889 -1.024 1.04505408e-09 1.55787702e-10 -1.55787744e-10
232.523 0.768 -0.805 1.2506327399999999e-09 1.9052430599999997e-10 -1.9052439e-10
233.965 0.971 -0.674 1.2145173599999999e-09 1.81049778e-10 -1.81049862e-10
235.682 0.632 -0.745 1.4514738e-09 2.1637324799999999e-10 -2.1637329e-10
237.193 1.09 -0.879 9.8253204e-10 1.52995836e-10 -1.5299587799999997e-10
239.007 0.837 -0.724 1.2809563199999998e-09 1.9095396599999997e-10 -1.9095400799999998e-10
240.566 0.699 -0.722 1.4060239199999998e-09 2.0959797599999997e-10 -2.0959801799999999e-10
242.092 0.832 -0.827 1.20536262e-09 1.7968507199999997e-10 -1.7968511399999999e-10
243.676 1.22 -0.753 9.8075376e-10 1.5271893e-10 -1.52718972e-10
245.692 0.907 -0.796 1.15519824e-09 1.7598562799999996e-10 -1.7598566999999997e-10
247.556 0.929 -0.957 1.05985824e-09 1.5799455e-10 -1.5799459199999998e-10
249.415 0.865 -0.93 1.11344268e-09 1.65982488e-10 -1.6598252999999998e-10
251.401 1.048 -1.121 9.216248999999999e-10 1.37387922e-10 -1.37387964e-10
253.406 0.739 -0.957 1.17885726e-09 1.75733922e-10 -1.7573396399999996e-10
255.023 0.906 -0.878 1.12009212e-09 1.6697368799999998e-10 -1.6697373e-10
257.07 1.014 -1.141 9.129493799999999e-10 1.3908081599999998e-10 -1.39080858e-10
259.147 1.208 -1.064 8.6575314e-10 1.31890836e-10 -1.31890878e-10
261.376 0.892 -1.021 1.0284497999999998e-09 1.56676464e-10 -1.5667650599999998e-10
263.414 1.01 -1.146 8.974324799999999e-10 1.39744542e-10 -1.3974458399999998e-10
265.073 0.786 -0.649 1.39213746e-09 2.0752787999999997e-10 -2.0752792199999998e-10
266.604 0.82 -0.744 1.2780885599999999e-09 1.9052649e-10 -1.9052653199999998e-10
268.442 0.958 -1.019 9.950795399999999e-10 1.51592784e-10 -1.5159282599999998e-10
270.329 1.058 -0.929 1.00570134e-09 1.4992130999999998e-10 -1.49921352e-10
272.453 0.718 -1.065 1.121127e-09 1.67127954e-10 -1.67127996e-10
273.867 0.693 -0.697 1.43840424e-09 2.1442495199999996e-10 -2.1442499399999997e-10
275.725 0.966 -1.165 9.227798999999999e-10 1.40578494e-10 -1.4057853599999998e-10
277.648 0.93 -0.957 1.05879144e-09 1.57835496e-10 -1.57835538e-10
279.7 1.142 -1.121 8.8314534e-10 1.3165172999999998e-10 -1.31651772e-10
281.85 0.986 -1.008 1.00210572e-09 1.4938530599999998e-10 -1.4938530599999998e-10
283.935 1.292 -1.099 8.225334599999999e-10 1.25306664e-10 -1.25306706e-10
286.08 0.93 -0.853 1.0854505199999998e-09 1.69021902e-10 -1.6902194399999999e-10
288.141 1.022 -1.131 9.136213799999999e-10 1.3918325399999998e-10 -1.39183296e-10
289.939 0.835 -0.777 1.2399794399999999e-09 1.8484544399999997e-10 -1.8484548599999998e-10
291.734 0.766 -0.959 1.1397640799999998e-09 1.73634384e-10 -1.73634426e-10
293.563 1.214 -1.063 8.637354599999999e-10 1.3158348e-10 -1.31583522e-10
295.745 1.049 -0.967 9.7579524e-10 1.4865492599999999e-10 -1.48654968e-10
297.915 1.118 -1.121 8.781473400000001e-10 1.33778988e-10 -1.3377903e-10
299.904 0.585 -0.87 1.35154824e-09 2.0589802799999998e-10 -2.0589811199999998e-10
301.782 1.147 -1.294 8.188034399999999e-10 1.2206018999999998e-10 -1.2206018999999998e-10
304.416 1.262 -1.487 7.039758599999999e-10 1.0962021e-10 -1.0962025199999998e-10
306.509 0.738 -0.831 1.2331519199999999e-09 1.92021354e-10 -1.92021396e-10
308.665 1.411 -1.418 6.952948799999999e-10 1.0592282399999998e-10 -1.05922866e-10
310.894 1.052 -0.817 1.06888572e-09 1.59340314e-10 -1.59340356e-10
313.2 1.103 -1.254 8.208396e-10 1.2781776e-10 -1.27817802e-10
315.648 1.488 -1.344 6.944040599999999e-10 1.05787164e-10 -1.0578720600000001e-10
318.54 1.106 -1.405 7.961440199999999e-10 1.18682298e-10 -1.18682298e-10
320.863 1.092 -1.217 8.5169448e-10 1.2974913e-10 -1.2974913e-10
322.997 1.077 -1.041 9.4329564e-10 1.40618394e-10 -1.4061843599999998e-10
325.221 1.558 -1.147 7.391206199999999e-10 1.1018174999999998e-10 -1.1018179199999999e-10
327.828 0.922 -1.049 1.01395854e-09 1.51152246e-10 -1.51152246e-10
330.358 2.263 -1.608 6.7394124e-10 1.0494338399999999e-10 -1.0494338399999999e-10
333.62 1.053 -0.998 9.8799036e-10 1.47281148e-10 -1.4728118999999998e-10
336.006 1.242 -1.334 7.8271746e-10 1.19241024e-10 -1.19241066e-10
338.324 1.013 -1.076 9.6538848e-10 1.47069552e-10 -1.47069552e-10
340.581 1.215 -1.244 8.333585399999999e-10 1.2422990999999998e-10 -1.24229952e-10
342.971 1.049 -1.175 9.066980999999999e-10 1.3812850799999998e-10 -1.3812854999999997e-10
345.631 1.2 -1.611 7.1186304e-10 1.0611841799999998e-10 -1.0611846e-10
348.099 1.121 -1.268 8.365610399999998e-10 1.2470732399999998e-10 -1.24707366e-10
350.358 1.154 -1.138 8.4451164e-10 1.3150389e-10 -1.3150393199999998e-10
352.51 0.998 -0.998 1.0013337599999999e-09 1.49270226e-10 -1.49270268e-10
355.324 1.1 -1.816 6.745494e-10 1.0276244999999998e-10 -1.0276249199999999e-10
358.13 1.5 -1.706 5.9368932e-10 9.451369199999999e-11 -9.451373399999999e-11
361.094 1.134 -1.464 7.6948242e-10 1.1470779599999999e-10 -1.14707838e-10
363.325 0.784 -1.098 1.0618675199999999e-09 1.58294094e-10 -1.5829413599999999e-10
365.331 1.225 -1.221 8.0404842e-10 1.22490648e-10 -1.2249068999999998e-10
367.805 0.772 -1.249 9.8895468e-10 1.4742482999999998e-10 -1.47424872e-10
369.695 1.262 -1.118 8.396480399999999e-10 1.25167518e-10 -1.2516755999999998e-10
371.913 1.062 -0.955 9.907002e-10 1.47685062e-10 -1.47685104e-10
373.925 0.76 -0.949 1.1690384999999999e-09 1.7427022199999997e-10 -1.7427026399999998e-10
375.795 1.169 -1.11 8.491018199999999e-10 1.32218646e-10 -1.32218688e-10
378.301 1.695 -1.337 6.3832944e-10 9.939804000000001e-11 -9.939808199999999e-11
381.448 1.384 -1.452 7.0481502e-10 1.05067788e-10 -1.0506782999999999e-10
384.156 1.263 -1.324 7.7266854e-10 1.1518277399999998e-10 -1.15182816e-10
387.059 1.429 -1.64 6.4089774e-10 9.7635846e-11 -9.763588799999999e-11
390.11 1.697 -1.623 5.828717999999999e-10 9.076241999999999e-11 -9.076241999999999e-11
393.006 1.018 -1.199 8.8724916e-10 1.3516565999999999e-10 -1.3516570199999997e-10
395.483 1.359 -1.459 6.866437199999999e-10 1.0692133199999998e-10 -1.06921374e-10
398.198 1.041 -1.356 8.207152799999999e-10 1.2502967399999999e-10 -1.2502971599999997e-10
400.273 1.184 -1.035 8.865221399999999e-10 1.3505486399999998e-10 -1.35054906e-10
402.557 1.136 -1.1 8.794699199999999e-10 1.3398054599999998e-10 -1.3398054599999998e-10
405.108 1.446 -1.415 7.030232999999999e-10 1.05879522e-10 -1.0587956399999998e-10
408.234 1.51 -1.68 6.1658058e-10 9.393136199999999e-11 -9.393136199999999e-11
411.297 1.694 -1.553 5.959862999999999e-10 9.280454399999999e-11 -9.2804586e-11
413.97 1.125 -0.979 9.0431502e-10 1.43964492e-10 -1.4396453399999998e-10
416.479 1.163 -1.383 7.850698799999998e-10 1.1703144599999998e-10 -1.17031488e-10
418.963 1.373 -1.321 7.3022166e-10 1.1124367799999999e-10 -1.1124372e-10
421.577 1.269 -1.242 7.835230199999999e-10 1.19363706e-10 -1.19363748e-10
423.915 1.112 -1.069 9.017563799999999e-10 1.373757e-10 -1.373757e-10
426.981 1.596 -1.954 5.631204599999999e-10 8.3945148e-11 -8.394519e-11
429.886 1.188 -1.31 8.001600599999999e-10 1.19280966e-10 -1.19281008e-10
433.03 1.532 -1.956 5.640503399999999e-10 8.5928724e-11 -8.5928766e-11
436.098 1.521 -1.537 6.535292399999999e-10 9.742252799999998e-11 -9.742252799999998e-11
439.44 1.59 -1.821 5.860373399999999e-10 8.736142799999999e-11 -8.736146999999999e-11
442.315 1.414 -1.285 7.406015399999999e-10 1.10402544e-10 -1.10402544e-10
445.325 1.482 -1.596 6.494124e-10 9.680882399999998e-11 -9.680886599999999e-11
448.455 1.565 -1.648 6.220796399999999e-10 9.273427799999999e-11 -9.273431999999999e-11
451.276 1.256 -1.256 7.9564128e-10 1.1860736999999999e-10 -1.1860736999999999e-10
454.536 1.576 -2.004 5.583618599999999e-10 8.323581e-11 -8.323581e-11
457.759 1.435 -1.647 6.4862532e-10 9.669147599999999e-11 -9.669147599999999e-11
460.658 1.336 -1.465 7.1373666e-10 1.0639775999999999e-10 -1.0639775999999999e-10
463.529 1.331 -1.535 6.973453199999999e-10 1.03954284e-10 -1.03954284e-10
466.59 1.54 -1.73 6.01503e-10 9.1634382e-11 -9.163442399999999e-11
469.666 1.63 -1.537 6.3114156e-10 9.408512399999999e-11 -9.4085166e-11
473.224 1.868 -1.927 5.1828504e-10 7.8956724e-11 -7.8956766e-11
476.428 1.22 -1.337 7.6930644e-10 1.17197976e-10 -1.17198018e-10
478.954 1.204 -1.306 7.8347808e-10 1.19356902e-10 -1.19356944e-10
481.954 1.843 -1.796 5.405883e-10 8.2354482e-11 -8.2354482e-11
485.657 1.789 -1.86 5.390511e-10 8.2120332e-11 -8.2120332e-11
489.379 1.844 -1.933 5.291920199999999e-10 7.8887382e-11 -7.8887382e-11
492.775 1.324 -1.553 6.8372472e-10 1.04160252e-10 -1.04160294e-10
496.041 1.536 -1.942 5.655085799999999e-10 8.6150904e-11 -8.6150946e-11
499.473 1.841 -1.895 5.1795492e-10 8.0653818e-11 -8.0653818e-11
503.015 1.943 -1.701 5.3258226e-10 8.293152e-11 -8.293156199999999e-11
506.314 1.894 -1.356 5.902490999999999e-10 9.608785199999999e-11 -9.608789399999999e-11
510.129 1.667 -1.921 5.7098916e-10 8.5118124e-11 -8.511816599999999e-11
513.325 1.329 -1.529 7.1712144e-10 1.0690230599999999e-10 -1.06902348e-10
516.504 1.43 -1.851 6.105922199999999e-10 9.1021854e-11 -9.1021896e-11
519.772 2.144 -1.838 4.9398678e-10 7.5255096e-11 -7.5255096e-11
523.968 1.842 -2.052 5.132194199999999e-10 7.6506318e-11 -7.6506318e-11
527.587 2.06 -1.776 5.129098799999999e-10 7.8137934e-11 -7.8137934e-11
530.899 1.192 -1.253 8.1784416e-10 1.2191717999999998e-10 -1.21917222e-10
534.007 2.118 -1.916 4.9568568e-10 7.389257399999999e-11 -7.389261599999999e-11
538.234 1.694 -2.11 5.171791799999999e-10 7.8788304e-11 -7.8788346e-11
541.543 1.546 -1.615 6.323058e-10 9.425870999999998e-11 -9.4258752e-11
544.71 1.59 -1.621 6.1259226e-10 9.3323748e-11 -9.332379e-11
547.497 1.165 -1.196 8.4664986e-10 1.2621130199999999e-10 -1.26211344e-10
550.367 1.539 -1.706 6.1593504e-10 9.181825799999999e-11 -9.18183e-11
553.665 2.477 -1.759 4.5682727999999994e-10 7.1135274e-11 -7.1135274e-11
557.867 1.891 -1.724 5.4407976e-10 8.2886412e-11 -8.2886412e-11
561.673 1.649 -1.915 5.608701e-10 8.3609694e-11 -8.360973599999999e-11
565.157 1.646 -1.835 5.649193199999999e-10 8.606115e-11 -8.606115e-11
568.543 1.36 -1.74 6.346347e-10 9.6681732e-11 -9.6681774e-11
571.402 1.45 -1.5 6.775570199999999e-10 1.01004372e-10 -1.0100441399999999e-10
574.966 2.306 -2.113 4.45053e-10 6.780043199999999e-11 -6.780043199999999e-11
579.301 1.782 -2.029 5.1613212e-10 7.862874599999999e-11 -7.8628788e-11
582.521 1.451 -1.438 6.807754799999999e-10 1.0371093599999998e-10 -1.0371097799999999e-10
585.593 1.936 -1.621 3.74671584e-10 6.840544199999999e-11 -6.840544199999999e-11
589.67 2.239 -2.141 4.5632285999999995e-10 6.8024712e-11 -6.8024712e-11
593.613 1.686 -1.705 4.1915781599999996e-10 7.4097408e-11 -7.4097408e-11
596.761 1.921 -1.461 3.7518608399999996e-10 7.3152282e-11 -7.3152282e-11
600.382 1.596 -1.7 4.17656232e-10 7.5013344e-11 -7.5013344e-11
603.898 1.523 -1.919 5.620902e-10 8.7526404e-11 -8.7526404e-11
607.367 1.66 -1.947 5.2775646e-10 8.4017388e-11 -8.4017388e-11
610.955 2.145 -1.927 4.7516196e-10 7.399026599999999e-11 -7.399030799999999e-11
615.056 2.171 -1.956 4.688224799999999e-10 7.3003098e-11 -7.3003098e-11
618.798 1.567 -1.571 6.3685314e-10 9.493658999999999e-11 -9.493658999999999e-11
622.464 1.981 -2.098 4.7434422e-10 7.386292199999998e-11 -7.3862964e-11
626.911 2.064 -2.466 4.4125451999999997e-10 6.577842599999999e-11 -6.577842599999999e-11
631.079 1.139 -2.105 4.01028726e-10 7.5646116e-11 -7.5646158e-11
633.747 1.802 -1.529 4.00063734e-10 7.3041402e-11 -7.3041402e-11
637.658 1.708 -2.11 5.1514596e-10 7.847855399999999e-11 -7.847855399999999e-11
641.341 1.486 -1.975 5.775697199999999e-10 8.609916e-11 -8.609916e-11
644.331 1.746 -1.504 6.0510912e-10 9.218374199999999e-11 -9.2183784e-11
648.538 1.692 -2.461 4.813275599999999e-10 7.1752212e-11 -7.1752212e-11
651.901 1.636 -1.671 4.0287428999999996e-10 7.355451599999999e-11 -7.355451599999999e-11
655.303 1.974 -1.765 5.3445924e-10 7.967257199999999e-11 -7.967261399999999e-11
659.473 2.301 -2.196 4.3025766e-10 6.699798e-11 -6.6998022e-11
663.581 2.015 -1.806 3.43652484e-10 6.5772882e-11 -6.577292399999999e-11
667.371 1.896 -1.775 3.3703958399999997e-10 6.795877199999999e-11 -6.795877199999999e-11
671.34 2.242 -2.074 4.6307142e-10 6.9030696e-11 -6.9030696e-11
675.352 2.172 -1.769 4.17025602e-10 6.8558658e-11 -6.855869999999999e-11
679.655 2.045 -2.132 4.7086158e-10 7.1732136e-11 -7.173217799999998e-11
684.054 1.685 -2.353 3.14190534e-10 6.1259604e-11 -6.1259604e-11
688.17 1.85 -2.43 4.669190399999999e-10 6.960428999999999e-11 -6.960428999999999e-11
691.522 1.59 -1.502 6.4638378e-10 9.6357366e-11 -9.635740799999998e-11
694.771 1.905 -1.659 3.7390840199999995e-10 6.826608599999999e-11 -6.826608599999999e-11
699.381 1.78 -2.705 2.8999597199999996e-10 5.4702018e-11 -5.4702018e-11
703.377 2.485 -2.217 4.0617066e-10 6.194050799999999e-11 -6.194054999999999e-11
707.433 1.641 -1.57 6.223833e-10 9.277955399999999e-11 -9.2779596e-11
710.879 1.503 -1.805 4.0285916999999997e-10 7.355174399999999e-11 -7.355178599999999e-11
714.613 2.217 -2.231 4.4935043999999995e-10 6.6985296e-11 -6.6985296e-11
718.495 1.934 -1.665 3.73712472e-10 6.927370799999999e-11 -6.927370799999999e-11
722.724 1.869 -2.296 3.12289698e-10 5.890726799999999e-11 -5.890726799999999e-11
727.184 1.763 -2.591 2.91453036e-10 5.6826336e-11 -5.6826336e-11
730.939 2.082 -1.992 4.9056504e-10 7.3129266e-11 -7.3129266e-11
927.101 5.478 -7.058 3.9735586799999993e-10 8.5056762e-11 -8.5056762e-11
939.07 6.047 -6.49 3.95264436e-10 8.483621999999999e-11 -8.483621999999999e-11
956.016 11.666 -10.9 2.09733216e-10 4.5895752e-11 -4.5895752e-11
979.928 15.335 -12.246 2.66976276e-10 4.6723781999999994e-11 -4.6723781999999994e-11
1062.137 10.267 -14.806 2.1351241799999998e-10 4.3904994e-11 -4.3904994e-11
1085.51 11.967 -13.106 2.0454827399999998e-10 4.2980111999999997e-11 -4.2980111999999997e-11
1110.488 9.554 -13.011 2.26311834e-10 4.767567e-11 -4.767567e-11
1130.809 11.799 -10.767 1.9914203399999997e-10 4.5058104e-11 -4.5058104e-11
1150.54 7.112 -7.932 3.14196246e-10 6.894846e-11 -6.894846e-11
1166.543 8.661 -8.891 2.57911164e-10 5.8268826e-11 -5.8268826e-11
1191.021 16.777 -15.818 1.5867045599999999e-10 3.34260864e-11 -3.34260864e-11
1215.882 6.96 -8.084 3.26748912e-10 7.022483999999999e-11 -7.022483999999999e-11
1230.889 9.504 -8.047 2.66652372e-10 5.851523999999999e-11 -5.851523999999999e-11
1251.656 11.303 -11.263 1.9866407399999998e-10 4.468476599999999e-11 -4.468476599999999e-11
1273.75 9.267 -10.791 2.36858958e-10 5.1904356e-11 -5.1904356e-11
1298.58 12.018 -15.562 1.70066946e-10 3.76906572e-11 -3.76906572e-11
1339.125 26.633 -28.527 1.55415204e-10 2.53880424e-11 -2.53880424e-11
6941.981 19.693 -20.424 4.3267265999999995e-11 9.786839999999999e-12 -9.786839999999999e-12
6991.864 27.478 -30.19 3.1449759599999996e-11 7.0626864e-12 -7.0626864e-12
7083.06 66.661 -63.719 2.4106685399999997e-11 4.0158938399999995e-12 -4.0158938399999995e-12
10358.363 41.892 -30.821 2.8776682199999997e-11 6.5084712e-12 -6.5084712e-12
10447.11 50.93 -46.855 1.92639678e-11 3.97026336e-12 -3.97026336e-12
12797.232 135.442 -122.81 1.2382725599999998e-11 2.2370846399999998e-12 -2.2370846399999998e-12
16154.413 56.568 -41.217 9.605929199999999e-12 2.16718656e-12 -2.16718656e-12
16263.727 72.62 -52.746 7.4818506e-12 1.7066510999999998e-12 -1.7066510999999998e-12
16422.777 84.067 -86.43 5.4561065999999995e-12 1.24833408e-12 -1.24833408e-12
16557.664 59.499 -50.819 9.863049e-12 2.0707948799999997e-12 -2.0707948799999997e-12
18535.855 177.684 -100.626 7.271690999999999e-12 1.4716325399999998e-12 -1.4716325399999998e-12
21998.91 87.901 -105.162 5.0636333999999994e-12 1.1274702599999999e-12 -1.1274702599999999e-12
22181.153 63.619 -94.342 5.913415199999999e-12 1.33965426e-12 -1.33965426e-12
22977.106 1519.842 -732.334 4.6028933999999995e-12 8.5849176e-13 -8.5849176e-13
27793.614 114.365 -116.308 3.71822136e-12 9.857924999999998e-13 -9.857924999999998e-13
28828.304 1451.42 -920.325 4.2311514e-12 7.2320052e-13 -7.2320052e-13
35275.287 90.405 -172.862 2.6920798799999997e-12 7.206045e-13 -7.206045e-13
35499.789 257.042 -134.097 1.7808550199999999e-12 4.858589399999999e-13 -4.858589399999999e-13
35902.839 159.883 -146.007 2.95920408e-12 6.9783672e-13 -6.9783672e-13
40167.03 1680.372 -858.38 1.9794184199999997e-12 3.61187778e-13 -3.61187778e-13
46096.763 1532.232 -1004.954 1.8891432e-12 3.66092454e-13 -3.66092454e-13
56493.367 2702.379 -3338.393 7.1931762e-13 1.83380904e-13 -1.83380904e-13
64258.735 719.721 -661.801 7.920019799999999e-13 1.7565970799999998e-13 -1.7565970799999998e-13
68943.308 435.311 -459.797 8.2882716e-13 2.26243332e-13 -2.26243332e-13
70768.144 17341.333 -1389.526 5.001540599999999e-13 1.02881016e-13 -1.02881016e-13
230155.718 77642.452 -56322.828 1.1111314199999998e-13 3.00728652e-14 -3.00728652e-14
593508.136 309308.503 -245428.093 1.37091654e-14 6.2298348e-15 -5.3825477999999995e-15
940917.664 8158.95 -33108.979 1.19847e-13 0.0 0.0
