col1 col2 col3 col4 col5 col6
83.425 0.282 -0.341 2.7932813999999997e-09 4.1650415999999993e-10 -4.1646744e-10
84.013 0.299 -0.306 2.87541936e-09 4.2875604e-10 -4.2871679999999996e-10
84.61 0.238 -0.299 3.1856752799999998e-09 4.8543516e-10 -4.8539304e-10
85.172 0.277 -0.323 2.90097576e-09 4.3256232e-10 -4.3252452e-10
85.731 0.256 -0.283 3.2265025199999996e-09 4.8108492e-10 -4.810482000000001e-10
86.298 0.347 -0.311 2.6422408799999995e-09 3.9396815999999996e-10 -3.9393864000000003e-10
86.917 0.247 -0.271 3.3595541999999997e-09 5.009058e-10 -5.008737599999999e-10
87.48 0.31 -0.317 2.7331606800000002e-09 4.1644151999999996e-10 -4.1641884e-10
88.1 0.354 -0.31 2.6210682e-09 3.9078828e-10 -3.9076668e-10
88.804 0.251 -0.351 2.8923973199999997e-09 4.3124076000000003e-10 -4.3121736e-10
89.325 0.276 -0.27 3.39675588e-09 4.9035024e-10 -4.9032576e-10
89.926 0.365 -0.326 3.7515024e-09 4.5842256e-10 -4.5838692e-10
90.53 0.263 -0.239 3.46669416e-09 5.168498399999999e-10 -5.1682716e-10
91.079 0.298 -0.286 2.98063584e-09 4.4437824e-10 -4.4436059999999994e-10
91.804 0.305 -0.428 2.3729014799999995e-09 3.53767392e-10 -3.53755008e-10
92.447 0.28 -0.337 2.7277131600000003e-09 4.2478416e-10 -4.2477156e-10
92.987 0.295 -0.26 3.13343028e-09 4.6714392e-10 -4.6713024e-10
93.597 0.256 -0.315 3.0382811999999995e-09 4.529556e-10 -4.5294372e-10
94.186 0.266 -0.333 2.8889593199999998e-09 4.3069212e-10 -4.3068131999999994e-10
94.74 0.3 -0.287 2.9032909199999998e-09 4.4232408e-10 -4.4231364e-10
95.486 0.368 -0.446 2.12571684e-09 3.1690216799999997e-10 -3.16895796e-10
96.215 0.339 -0.36 2.47730076e-09 3.6931716e-10 -3.6930923999999996e-10
96.833 0.395 -0.279 2.56880736e-09 3.8295575999999997e-10 -3.8294892e-10
97.642 0.292 -0.414 2.45233116e-09 3.6558935999999997e-10 -3.6558359999999995e-10
98.321 0.405 -0.386 2.1878596799999997e-09 3.2616122399999997e-10 -3.26156508e-10
99.107 0.309 -0.381 2.4692662799999997e-09 3.7618811999999997e-10 -3.7618307999999996e-10
99.847 0.366 -0.431 2.17316556e-09 3.23967996e-10 -3.23964288e-10
100.671 0.332 -0.458 2.19274596e-09 3.2688547199999997e-10 -3.2688223199999996e-10
101.424 0.323 -0.421 2.2550112e-09 3.51149328e-10 -3.51146592e-10
102.057 0.361 -0.309 2.5002504e-09 3.8933819999999997e-10 -3.8933495999999996e-10
102.659 0.291 -0.241 3.25611792e-09 4.8540672e-10 -4.854023999999999e-10
103.237 0.245 -0.287 3.25611288e-09 4.854042e-10 -4.854006e-10
103.751 0.344 -0.27 3.5117837999999996e-09 4.6929456e-10 -4.692906e-10
104.407 0.261 -0.312 3.0171074399999995e-09 4.4977211999999997e-10 -4.497696e-10
105.042 0.252 -0.374 2.75772636e-09 4.1110524e-10 -4.1110308e-10
105.7 0.291 -0.405 2.49828912e-09 3.7626372e-10 -3.7626155999999997e-10
106.246 0.258 -0.256 3.3053767199999995e-09 5.035572e-10 -5.035546799999999e-10
106.771 0.374 -0.267 2.61058176e-09 4.0651452e-10 -4.0651272e-10
107.512 0.297 -0.367 2.60241372e-09 3.8795076e-10 -3.8794931999999996e-10
108.124 0.357 -0.316 3.7825956e-09 4.689036e-10 -4.6890072e-10
108.773 0.347 -0.292 2.70390024e-09 4.030794e-10 -4.030776e-10
109.417 0.265 -0.297 3.07183572e-09 4.5792864e-10 -4.5792684e-10
109.942 0.31 -0.26 3.5244518399999997e-09 4.931262e-10 -4.9312404e-10
110.579 0.318 -0.328 3.9814452e-09 4.8642048e-10 -4.8641796e-10
111.162 0.337 -0.265 3.52821924e-09 4.7977308e-10 -4.7977128e-10
111.833 0.335 -0.334 3.8438172e-09 4.696048799999999e-10 -4.6960272e-10
112.501 0.348 -0.333 3.7332936e-09 4.6278972e-10 -4.6278755999999995e-10
113.125 0.261 -0.276 3.44880828e-09 5.0260896e-10 -5.026071599999999e-10
113.639 0.281 -0.253 3.23566632e-09 4.823499599999999e-10 -4.823485199999999e-10
114.172 0.273 -0.252 3.58300404e-09 5.1186312e-10 -5.118620399999999e-10
114.78 0.32 -0.335 3.8847456e-09 4.8156336e-10 -4.8156156e-10
115.345 0.26 -0.245 3.5670931199999998e-09 5.2031988e-10 -5.2031844e-10
115.908 0.284 -0.303 4.3294103999999996e-09 5.3668476e-10 -5.3668296e-10
116.487 0.292 -0.295 2.8924599599999996e-09 4.4064792e-10 -4.4064684e-10
117.05 0.267 -0.271 4.7308103999999994e-09 5.8644432e-10 -5.8644216e-10
117.629 0.305 -0.313 4.1617908e-09 5.0845248e-10 -5.0844996e-10
118.198 0.25 -0.264 3.30272316e-09 5.0314896e-10 -5.0314788e-10
118.744 0.216 -0.296 3.38918184e-09 5.1043572e-10 -5.1043428e-10
119.21 0.309 -0.25 3.08905236e-09 4.6049363999999996e-10 -4.6049256e-10
119.79 0.234 -0.271 3.38257116e-09 5.2046928e-10 -5.204682e-10
120.283 0.261 -0.259 3.5432298e-09 5.114264399999999e-10 -5.11425e-10
120.814 0.333 -0.27 3.5606008799999997e-09 4.758102e-10 -4.758091199999999e-10
121.416 0.247 -0.269 3.34473192e-09 4.9860756e-10 -4.986064799999999e-10
121.911 0.27 -0.248 4.9626864e-09 6.0629652e-10 -6.062947199999999e-10
122.419 0.278 -0.238 3.41896068e-09 5.0410296e-10 -5.041018799999999e-10
122.991 0.302 -0.294 2.89536048e-09 4.3161875999999996e-10 -4.3161768e-10
123.652 0.293 -0.36 3.9348936e-09 4.807303199999999e-10 -4.8072852e-10
124.218 0.325 -0.273 4.29804e-09 5.250952799999999e-10 -5.2509384e-10
124.795 0.294 -0.252 4.6034892e-09 5.7907728e-10 -5.790758399999999e-10
125.401 0.306 -0.312 4.183469999999999e-09 5.1109848e-10 -5.1109704e-10
125.988 0.263 -0.282 4.785408e-09 5.932105199999999e-10 -5.9320872e-10
126.549 0.216 -0.298 5.121612e-09 6.257123999999999e-10 -6.257105999999999e-10
127.035 0.236 -0.27 5.1005016e-09 6.4159668e-10 -6.415952399999999e-10
127.54 0.257 -0.269 4.9473252e-09 6.1328088e-10 -6.1327944e-10
128.061 0.247 -0.264 5.157331199999999e-09 6.3007416e-10 -6.3007308e-10
128.615 0.332 -0.307 4.122982799999999e-09 5.0370804e-10 -5.0370696e-10
129.259 0.269 -0.313 4.5264636e-09 5.5300212e-10 -5.5300068e-10
129.8 0.23 -0.272 5.449766399999999e-09 6.6484044e-10 -6.6483864e-10
130.277 0.265 -0.247 5.0844959999999995e-09 6.3028548e-10 -6.3028368e-10
130.831 0.279 -0.288 4.5605808e-09 5.7752208e-10 -5.775206399999999e-10
131.406 0.222 -0.296 5.1623568e-09 6.260353199999999e-10 -6.2603352e-10
131.878 0.28 -0.25 4.9668084e-09 6.067998000000001e-10 -6.06798e-10
132.449 0.281 -0.292 4.5967499999999995e-09 5.615895599999999e-10 -5.6158776e-10
133.01 0.27 -0.28 4.790268e-09 5.8523148e-10 -5.852300399999999e-10
133.506 0.278 -0.225 5.3864496000000004e-09 6.484604399999999e-10 -6.4845864e-10
134.042 0.264 -0.258 4.9438296e-09 6.2188884e-10 -6.218870400000001e-10
134.529 0.279 -0.224 5.4644148e-09 6.5313108e-10 -6.531289199999999e-10
135.048 0.272 -0.239 5.157305999999999e-09 6.3007488e-10 -6.300723599999999e-10
135.635 0.302 -0.316 4.2656508e-09 5.2114032e-10 -5.211385199999999e-10
136.215 0.321 -0.279 4.2529068e-09 5.429192399999999e-10 -5.429177999999999e-10
136.793 0.263 -0.257 5.6807316e-09 6.559642799999999e-10 -6.559617600000001e-10
137.308 0.271 -0.252 5.0402556e-09 6.1577532e-10 -6.157728e-10
137.83 0.254 -0.251 5.5513584e-09 6.631642800000001e-10 -6.6316176e-10
138.32 0.269 -0.236 5.1619643999999996e-09 6.3989136e-10 -6.3988884e-10
138.861 0.262 -0.272 4.8338784000000006e-09 6.080594400000001e-10 -6.0805764e-10
139.385 0.25 -0.262 5.4742464e-09 6.5395224e-10 -6.5394972e-10
139.923 0.26 -0.288 4.8111624000000005e-09 5.877853199999999e-10 -5.8778316e-10
140.504 0.267 -0.32 4.4904168e-09 5.486000399999999e-10 -5.4859788e-10
141.106 0.282 -0.336 4.1792256e-09 5.2571088e-10 -5.2570872e-10
141.687 0.299 -0.299 4.363145999999999e-09 5.4086832e-10 -5.4086616e-10
142.264 0.257 -0.278 4.923050399999999e-09 6.0145632e-10 -6.014537999999999e-10
142.784 0.262 -0.263 4.9694868e-09 6.160323600000001e-10 -6.160294800000001e-10
143.32 0.27 -0.274 4.8426048e-09 5.916294e-10 -5.9162652e-10
143.861 0.357 -0.271 3.40112016e-09 4.6682388e-10 -4.6682208e-10
144.494 0.313 -0.275 4.476852e-09 5.4694404e-10 -5.469415199999999e-10
145.143 0.328 -0.335 3.9727512e-09 4.853574e-10 -4.8535524e-10
145.795 0.331 -0.324 3.8976228e-09 4.975668e-10 -4.9756464e-10
146.477 0.373 -0.351 3.6019692e-09 4.4651124e-10 -4.4650908e-10
147.122 0.317 -0.272 4.3912368000000005e-09 5.364853199999999e-10 -5.3648244e-10
147.788 0.318 -0.349 3.8542392e-09 4.7087784e-10 -4.708756799999999e-10
148.372 0.244 -0.267 3.4036786799999995e-09 5.1261912e-10 -5.1261768e-10
148.97 0.321 -0.354 3.8134764e-09 4.6589868e-10 -4.6589652e-10
149.587 0.275 -0.296 4.4544024e-09 5.5218204e-10 -5.521791599999999e-10
150.18 0.281 -0.319 4.2429132e-09 5.2596468e-10 -5.259618e-10
150.7 0.295 -0.239 3.5438094e-09 5.1105852e-10 -5.1105672e-10
151.248 0.294 -0.252 3.53339712e-09 5.0434236e-10 -5.0434092e-10
151.854 0.308 -0.313 4.1412888e-09 5.0594796e-10 -5.059458e-10
152.48 0.339 -0.318 3.8749644e-09 4.8035232e-10 -4.8035016e-10
153.09 0.334 -0.271 2.85508584e-09 4.2561683999999996e-10 -4.2561539999999995e-10
153.67 0.281 -0.246 4.8828024e-09 5.965416e-10 -5.965383599999999e-10
154.237 0.281 -0.287 3.0430281599999996e-09 4.5363419999999996e-10 -4.5363239999999995e-10
154.815 0.304 -0.297 4.230442799999999e-09 5.2441992e-10 -5.2441704e-10
155.377 0.299 -0.258 3.10142916e-09 4.6234116e-10 -4.62339e-10
155.963 0.229 -0.287 3.36846816e-09 5.0731848e-10 -5.0731632e-10
156.527 0.334 -0.335 3.8439035999999994e-09 4.6961784e-10 -4.6961496e-10
157.188 0.374 -0.327 3.6682991999999996e-09 4.4816291999999996e-10 -4.481604e-10
157.92 0.29 -0.358 2.62596528e-09 4.0005036e-10 -4.0004892e-10
158.463 0.28 -0.254 3.5975318399999996e-09 5.0877684e-10 -5.0877432e-10
159.007 0.297 -0.263 3.51420876e-09 4.9657716e-10 -4.9657428e-10
159.69 0.263 -0.387 2.6188434e-09 3.9896639999999996e-10 -3.989646e-10
160.29 0.272 -0.337 2.84016132e-09 4.2339347999999996e-10 -4.2339132e-10
160.854 0.272 -0.292 3.1322361599999998e-09 4.6183104e-10 -4.6182851999999997e-10
161.44 0.267 -0.315 2.9231776800000002e-09 4.4533116e-10 -4.4532864e-10
161.959 0.27 -0.252 3.3151492799999998e-09 4.9420188e-10 -4.9419936e-10
162.543 0.235 -0.315 3.14353836e-09 4.686192e-10 -4.686170399999999e-10
163.014 0.278 -0.236 3.3610611599999998e-09 5.0104692e-10 -5.0104404e-10
163.612 0.417 -0.319 3.40378956e-09 4.2522624e-10 -4.25223e-10
164.326 0.313 -0.297 2.78681544e-09 4.24557e-10 -4.2455483999999995e-10
164.948 0.305 -0.309 2.7258602399999998e-09 4.2446663999999996e-10 -4.2446448e-10
165.565 0.282 -0.312 2.8619136e-09 4.3599815999999997e-10 -4.3599563999999996e-10
166.093 0.261 -0.246 3.40818768e-09 5.080733999999999e-10 -5.0807016e-10
166.766 0.333 -0.412 2.31822252e-09 3.4558725599999996e-10 -3.4558513199999995e-10
167.46 0.408 -0.36 2.2485171599999998e-09 3.35196108e-10 -3.3519402e-10
168.232 0.32 -0.363 2.49059772e-09 3.7943135999999996e-10 -3.7942884e-10
168.828 0.284 -0.276 3.0882877199999997e-09 4.60386e-10 -4.6038239999999995e-10
169.506 0.472 -0.395 1.9975373999999997e-09 2.9778256799999996e-10 -2.9778033599999997e-10
170.28 0.406 -0.302 2.4441987599999997e-09 3.6436859999999997e-10 -3.6436572e-10
171.03 0.292 -0.343 2.7249087599999997e-09 4.0621535999999993e-10 -4.0621248e-10
171.78 0.422 -0.458 1.96523532e-09 2.9296782e-10 -2.9296537199999996e-10
172.603 0.398 -0.4 2.1320982e-09 3.2481712799999997e-10 -3.24814392e-10
173.405 0.418 -0.404 2.0721042e-09 3.1567712399999996e-10 -3.1567453199999996e-10
174.35 0.475 -0.527 1.72787112e-09 2.5758324e-10 -2.57580936e-10
175.365 0.502 -0.54 1.66005108e-09 2.47472316e-10 -2.474703e-10
176.408 0.492 -0.541 1.6743995999999998e-09 2.4961172399999997e-10 -2.4960952799999996e-10
177.234 0.291 -0.333 2.72738772e-09 4.155084e-10 -4.1550444e-10
177.864 0.265 -0.338 2.8695189599999997e-09 4.2777611999999993e-10 -4.2777179999999997e-10
178.466 0.325 -0.337 2.6150335199999998e-09 3.8983824e-10 -3.8983428e-10
179.189 0.338 -0.399 2.35076508e-09 3.50441244e-10 -3.50438148e-10
179.963 0.421 -0.436 2.01937464e-09 3.0104028e-10 -3.0103722e-10
180.829 0.362 -0.444 2.1144599999999997e-09 3.22132104e-10 -3.22128684e-10
181.673 0.324 -0.482 2.08027296e-09 3.23941068e-10 -3.2393789999999997e-10
182.434 0.569 -0.438 1.7197599599999999e-09 2.56374396e-10 -2.56371948e-10
183.437 0.402 -0.434 2.07091584e-09 3.0872375999999994e-10 -3.08720628e-10
184.395 0.417 -0.556 1.77944004e-09 2.65272408e-10 -2.65269456e-10
185.151 0.307 -0.339 2.7409582800000002e-09 4.0414644e-10 -4.0414176e-10
185.918 0.439 -0.459 1.9274050799999997e-09 2.87330832e-10 -2.87327556e-10
186.846 0.415 -0.489 1.91598912e-09 2.85630408e-10 -2.8562662799999997e-10
187.641 0.488 -0.381 1.93107096e-09 3.00708828e-10 -3.00705336e-10
188.588 0.429 -0.459 1.95061104e-09 2.90790504e-10 -2.9078708400000003e-10
189.489 0.446 -0.472 1.8562914e-09 2.8280134799999997e-10 -2.8279814399999996e-10
190.298 0.345 -0.363 2.44557576e-09 3.6457847999999995e-10 -3.6457416e-10
191.102 0.424 -0.459 1.96234956e-09 2.9253974399999996e-10 -2.9253654e-10
191.918 0.415 -0.393 2.07561024e-09 3.23217036e-10 -3.2321314799999994e-10
192.745 0.309 -0.412 2.40330852e-09 3.5827848e-10 -3.5827379999999996e-10
193.498 0.469 -0.444 1.8973098e-09 2.82845268e-10 -2.82841704e-10
194.343 0.407 -0.376 2.14169436e-09 3.33505764e-10 -3.33502452e-10
195.324 0.397 -0.575 1.78263756e-09 2.6574973199999996e-10 -2.65746564e-10
196.125 0.398 -0.405 2.1581510399999997e-09 3.2173156799999996e-10 -3.2172721199999995e-10
196.894 0.433 -0.371 2.0506057199999998e-09 3.2646124799999997e-10 -3.2645775599999995e-10
197.738 0.401 -0.41 2.10051144e-09 3.20007348e-10 -3.20003856e-10
198.671 0.564 -0.532 1.580094e-09 2.35555128e-10 -2.3555231999999997e-10
199.772 0.43 -0.538 1.7891913599999998e-09 2.66726088e-10 -2.66723136e-10
200.728 0.467 -0.526 1.7437446e-09 2.59951392e-10 -2.59948404e-10
201.726 0.517 -0.531 1.6255868399999997e-09 2.47653756e-10 -2.47651056e-10
202.85 0.567 -0.607 1.47417048e-09 2.1976344e-10 -2.19761208e-10
203.99 0.603 -0.573 1.4485388399999998e-09 2.2068043199999997e-10 -2.20678236e-10
205.15 0.571 -0.557 1.51020972e-09 2.30076972e-10 -2.30074236e-10
206.196 0.562 -0.475 1.66887216e-09 2.48789016e-10 -2.48786388e-10
207.3 0.531 -0.542 1.6135196399999999e-09 2.40537924e-10 -2.4053515199999997e-10
208.509 0.535 -0.678 1.40391612e-09 2.13883452e-10 -2.13880932e-10
209.7 0.716 -0.656 1.26194112e-09 1.88126172e-10 -1.88123868e-10
211.024 0.742 -0.608 1.28198448e-09 1.9111363199999998e-10 -1.91111472e-10
212.378 0.662 -0.612 1.337427e-09 2.0375395199999998e-10 -2.0375154e-10
213.61 0.745 -0.57 1.3167734399999998e-09 1.9629989999999998e-10 -1.96297704e-10
215.361 0.794 -1.006 9.4624308e-10 1.4415728399999998e-10 -1.44155808e-10
216.698 0.507 -0.543 1.6230466799999998e-09 2.4726672e-10 -2.47264056e-10
217.847 0.536 -0.642 1.4699300399999999e-09 2.19131712e-10 -2.19129336e-10
219.143 0.677 -0.76 1.20431268e-09 1.79534916e-10 -1.7953279199999998e-10
220.74 0.874 -0.919 9.6535872e-10 1.4391248399999998e-10 -1.43910792e-10
222.328 1.103 -0.714 9.3854088e-10 1.4298462e-10 -1.42982928e-10
224.011 0.617 -0.58 1.44689436e-09 2.15700156e-10 -2.15696916e-10
225.402 0.555 -0.774 1.3035628799999998e-09 1.9433217599999998e-10 -1.9432936799999999e-10
226.61 0.583 -0.653 1.40111316e-09 2.0887441199999999e-10 -2.0887153199999998e-10
228.057 0.835 -0.864 1.01965104e-09 1.5200665199999998e-10 -1.52004708e-10
229.552 0.632 -0.66 1.34127576e-09 1.99953e-10 -1.99950588e-10
230.807 0.656 -0.623 1.35432432e-09 2.0189916e-10 -2.01896424e-10
232.09 0.694 -0.626 1.31212008e-09 1.9560736800000002e-10 -1.9560474e-10
233.43 0.592 -0.647 1.3980124799999999e-09 2.08412316e-10 -2.084094e-10
234.686 0.714 -0.665 1.2555054e-09 1.87166376e-10 -1.8716421599999998e-10
236.008 0.648 -0.608 1.35627948e-09 2.06626248e-10 -2.0662372799999999e-10
237.139 0.569 -0.482 1.6463916e-09 2.4543979199999997e-10 -2.4543644399999997e-10
238.393 0.694 -0.685 1.2355293599999998e-09 1.882296e-10 -1.88227512e-10
239.595 0.63 -0.508 1.52036172e-09 2.2665013199999999e-10 -2.2664754e-10
240.778 0.641 -0.553 1.4270252399999999e-09 2.17403424e-10 -2.1740104799999998e-10
241.899 0.376 -0.48 2.02290336e-09 3.01568436e-10 -3.01564584e-10
242.926 0.715 -0.651 1.2672784799999998e-09 1.8892130399999998e-10 -1.8891917999999997e-10
244.205 0.557 -0.563 1.5455268e-09 2.3040165599999997e-10 -2.3039902799999998e-10
245.43 0.482 -0.668 1.4832615599999998e-09 2.2597048799999997e-10 -2.25968184e-10
246.532 0.716 -0.621 1.2758644799999999e-09 1.94374764e-10 -1.94372568e-10
247.705 0.4 -0.458 1.98795564e-09 3.0286018799999995e-10 -3.02856732e-10
248.669 0.57 -0.564 1.52852652e-09 2.27867508e-10 -2.2786484399999998e-10
249.664 0.494 -0.426 1.88330976e-09 2.8075766399999996e-10 -2.8075431599999997e-10
250.738 0.581 -0.579 1.46959848e-09 2.2388907599999997e-10 -2.23886736e-10
251.645 0.354 -0.327 2.5422389999999998e-09 3.7898855999999995e-10 -3.7898424e-10
252.307 0.375 -0.308 2.4549624e-09 3.8228976e-10 -3.8228544e-10
253.07 0.517 -0.387 1.91667744e-09 2.8573167599999996e-10 -2.85728364e-10
253.955 0.354 -0.368 2.3597442e-09 3.59500356e-10 -3.5949654e-10
254.701 0.305 -0.392 2.4834711599999997e-09 3.7022724000000003e-10 -3.7022291999999997e-10
255.259 0.265 -0.252 3.41977896e-09 5.0423832e-10 -5.042321999999999e-10
255.882 0.32 -0.358 2.6119540800000002e-09 3.8512836e-10 -3.8512296e-10
256.499 0.379 -0.297 2.5618996800000002e-09 3.8192184e-10 -3.8191644e-10
257.234 0.279 -0.356 2.72688408e-09 4.0651703999999995e-10 -4.0651164e-10
257.805 0.295 -0.292 2.8562453999999997e-09 4.4477783999999993e-10 -4.4477279999999997e-10
258.371 0.314 -0.271 2.95908912e-09 4.411332e-10 -4.4112708e-10
258.969 0.284 -0.283 3.0033072e-09 4.5754631999999993e-10 -4.5754127999999997e-10
259.619 0.322 -0.366 2.43550404e-09 3.7926144e-10 -3.792564e-10
260.258 0.385 -0.316 2.4709172399999997e-09 3.6836027999999996e-10 -3.6835452e-10
261.029 0.366 -0.387 2.30142204e-09 3.4309296e-10 -3.43087236e-10
261.726 0.429 -0.331 2.24363232e-09 3.41814996e-10 -3.41809992e-10
262.421 0.257 -0.266 3.258603e-09 4.9644396e-10 -4.9643676e-10
263.12 0.326 -0.442 2.21766192e-09 3.37857228e-10 -3.37852692e-10
263.776 0.334 -0.33 2.60997804e-09 3.890898e-10 -3.8908404e-10
264.408 0.279 -0.298 3.00487248e-09 4.4795952e-10 -4.4795304e-10
265.047 0.333 -0.361 2.41706556e-09 3.7639188e-10 -3.7638612e-10
265.684 0.357 -0.303 2.62445616e-09 3.912516e-10 -3.9124476e-10
266.362 0.294 -0.321 2.81397528e-09 4.195062e-10 -4.1949828e-10
267.008 0.363 -0.352 2.42199252e-09 3.6106812e-10 -3.61062e-10
267.794 0.472 -0.422 1.9356663599999997e-09 2.8856556e-10 -2.88561132e-10
268.719 0.33 -0.453 2.177649e-09 3.3175976399999994e-10 -3.3175587599999997e-10
269.393 0.332 -0.344 2.56221324e-09 3.8196791999999996e-10 -3.8196288e-10
270.128 0.464 -0.403 1.9992265199999997e-09 2.9803852799999996e-10 -2.9803482e-10
270.904 0.283 -0.313 2.90646e-09 4.332852e-10 -4.3328015999999997e-10
271.569 0.435 -0.381 2.1211812e-09 3.16219644e-10 -3.1621554e-10
272.442 0.282 -0.438 2.32754436e-09 3.6244943999999996e-10 -3.6244475999999995e-10
273.144 0.387 -0.419 2.11513644e-09 3.22237008e-10 -3.2223294e-10
273.998 0.42 -0.468 1.9512525599999997e-09 2.908854e-10 -2.90882268e-10
274.935 0.454 -0.517 1.75434228e-09 2.6726907599999996e-10 -2.67266268e-10
275.781 0.329 -0.392 2.3638949999999997e-09 3.6013284e-10 -3.6012887999999995e-10
276.628 0.466 -0.518 1.7032482e-09 2.65231044e-10 -2.65228272e-10
277.501 0.451 -0.407 2.01837492e-09 3.00891888e-10 -3.0088857599999993e-10
278.349 0.349 -0.397 2.2849077599999997e-09 3.48097824e-10 -3.4809465599999993e-10
279.138 0.464 -0.441 1.85048748e-09 2.88157248e-10 -2.8815498e-10
279.966 0.32 -0.363 2.53353132e-09 3.7768752e-10 -3.7768391999999997e-10
280.791 0.382 -0.505 1.9496242799999998e-09 2.90642616e-10 -2.90639484e-10
281.642 0.494 -0.469 1.79825688e-09 2.6807688e-10 -2.68074144e-10
282.734 0.63 -0.598 1.3875026399999998e-09 2.11380624e-10 -2.1137893199999998e-10
283.732 0.351 -0.368 2.3697432e-09 3.6102132e-10 -3.6101844e-10
284.648 0.51 -0.565 1.6464834e-09 2.42768232e-10 -2.42765856e-10
285.636 0.512 -0.479 1.73455344e-09 2.64253464e-10 -2.6425097999999996e-10
286.784 0.591 -0.636 1.42114716e-09 2.16506304e-10 -2.1650450400000002e-10
287.757 0.421 -0.381 2.20938804e-09 3.29365764e-10 -3.2936274e-10
288.775 0.49 -0.597 1.6049048399999998e-09 2.44500948e-10 -2.44499004e-10
289.787 0.623 -0.521 1.5496646399999998e-09 2.3101653599999999e-10 -2.31014628e-10
290.955 0.562 -0.546 1.5994130399999999e-09 2.38432788e-10 -2.3843080799999997e-10
292.187 0.706 -0.669 1.2971926799999999e-09 1.95369876e-10 -1.95368256e-10
293.359 0.528 -0.466 1.78254648e-09 2.6573382e-10 -2.6573148e-10
294.403 0.44 -0.516 1.8555573599999998e-09 2.76617052e-10 -2.76614928e-10
295.38 0.509 -0.538 1.66762728e-09 2.54056212e-10 -2.54054268e-10
296.58 0.741 -0.691 1.22040936e-09 1.8193240799999998e-10 -1.81931004e-10
297.875 0.456 -0.554 1.71316116e-09 2.55389652e-10 -2.553876e-10
299.002 0.817 -0.67 1.1639660399999998e-09 1.7351852399999999e-10 -1.7351704800000001e-10
300.498 0.59 -0.679 1.3647833999999998e-09 2.0345677199999999e-10 -2.0345457599999998e-10
301.72 0.622 -0.633 1.35828648e-09 2.06931456e-10 -2.06929152e-10
302.957 0.689 -0.616 1.3275248399999998e-09 1.9790226e-10 -1.9790017199999998e-10
304.269 0.692 -0.623 1.3167666e-09 1.9629954e-10 -1.9629709199999999e-10
305.586 0.744 -0.625 1.24362972e-09 1.89464652e-10 -1.8946223999999999e-10
307.27 0.861 -0.94 9.4635468e-10 1.4417532e-10 -1.44173484e-10
308.883 0.616 -0.752 1.2051889199999998e-09 1.9186937999999998e-10 -1.91867148e-10
310.206 0.587 -0.706 1.3387212e-09 1.99572876e-10 -1.99570248e-10
311.544 0.93 -0.751 1.02988368e-09 1.53532116e-10 -1.5353010000000002e-10
313.359 0.862 -0.885 9.4379904e-10 1.5025482000000001e-10 -1.50253308e-10
315.033 0.735 -0.812 1.11867804e-09 1.6676838e-10 -1.6676658e-10
316.65 0.923 -0.881 9.4453272e-10 1.4389703999999999e-10 -1.43895456e-10
318.262 1.0 -0.689 1.0257713999999999e-09 1.5291903599999999e-10 -1.52917056e-10
320.262 1.001 -1.0 8.515674e-10 1.29734964e-10 -1.29733236e-10
322.341 0.895 -1.078 8.6385132e-10 1.3160584799999998e-10 -1.31604264e-10
324.164 1.094 -0.929 8.4256416e-10 1.28362752e-10 -1.2836123999999998e-10
326.541 1.386 -1.282 6.4900188e-10 9.6750936e-11 -9.6749856e-11
329.0 1.112 -1.073 7.9239132e-10 1.1812734e-10 -1.18125828e-10
331.062 0.899 -0.95 9.2148696e-10 1.40385564e-10 -1.40384232e-10
333.263 1.229 -1.302 6.7282848e-10 1.02503016e-10 -1.02502116e-10
335.89 0.963 -1.398 7.3316232e-10 1.0929639599999999e-10 -1.09295424e-10
337.632 0.746 -0.779 1.13525928e-09 1.69241112e-10 -1.6923895200000002e-10
339.285 0.995 -0.907 9.101789999999999e-10 1.3568652e-10 -1.356849e-10
341.523 1.07 -1.243 7.484781600000001e-10 1.1158056e-10 -1.1157926399999999e-10
343.669 0.947 -1.076 8.5577976e-10 1.2757644e-10 -1.27575036e-10
345.872 1.297 -1.256 6.6727944e-10 1.0165838399999999e-10 -1.01657232e-10
348.474 1.397 -1.305 6.4058796e-10 9.549687599999999e-11 -9.5495688e-11
351.528 1.162 -1.656 5.951501999999999e-10 9.267768e-11 -9.2676528e-11
353.662 1.136 -0.972 8.21682e-10 1.22493816e-10 -1.22492304e-10
355.977 1.128 -1.18 7.268382e-10 1.13184468e-10 -1.13183028e-10
358.541 1.526 -1.436 5.8480956e-10 8.718163199999999e-11 -8.718051599999999e-11
361.204 1.02 -1.136 8.0332272e-10 1.19756952e-10 -1.1975543999999999e-10
363.788 1.686 -1.565 5.244228e-10 7.989472800000001e-11 -7.989372e-11
366.768 1.396 -1.294 6.4392624e-10 9.599475599999999e-11 -9.5993496e-11
369.661 1.452 -1.497 5.7822408e-10 8.8091208e-11 -8.809012799999999e-11
372.82 2.112 -1.708 4.5332712e-10 6.758056799999999e-11 -6.757974e-11
376.37 1.482 -1.438 5.74236e-10 8.9420688e-11 -8.941968e-11
379.564 1.522 -1.713 5.353649999999999e-10 7.981066799999999e-11 -7.980965999999999e-11
382.608 1.349 -1.522 5.9346252e-10 9.0412812e-11 -9.041169599999998e-11
386.149 1.892 -2.192 4.2411995999999996e-10 6.322647599999999e-11 -6.3225684e-11
389.858 1.405 -1.817 3.5831397599999994e-10 6.5420208e-11 -6.541977599999999e-11
392.791 1.791 -1.529 5.1225984e-10 7.9768764e-11 -7.9768188e-11
396.539 1.778 -1.956 4.6723932e-10 7.118189999999999e-11 -7.1181396e-11
399.784 1.495 -1.467 5.9855616e-10 8.9229888e-11 -8.9229132e-11
403.002 1.636 -1.723 3.5118705599999996e-10 6.5099448e-11 -6.5099052e-11
406.709 1.761 -2.071 3.01176144e-10 5.4988164e-11 -5.4987803999999995e-11
410.644 2.075 -2.174 4.0749768e-10 6.074819999999999e-11 -6.074755199999999e-11
414.333 2.042 -1.614 4.660686e-10 7.100416799999999e-11 -7.1003448e-11
418.304 1.663 -1.929 4.7444436e-10 7.228026e-11 -7.227950399999999e-11
421.811 1.733 -1.844 3.0728376e-10 5.9914224e-11 -5.9913792e-11
424.92 1.296 -1.375 6.3815436e-10 9.722163599999999e-11 -9.722037599999999e-11
428.134 1.976 -1.918 4.4465472e-10 6.628795199999999e-11 -6.6287052e-11
431.949 1.919 -1.839 4.6087055999999994e-10 6.870520799999999e-11 -6.8704344e-11
435.77 2.459 -1.903 3.28893552e-10 5.4745848e-11 -5.4745199999999993e-11
440.005 2.622 -1.776 3.37464972e-10 5.6045844e-11 -5.6045268e-11
444.814 2.487 -2.187 3.7057644e-10 5.5244411999999996e-11 -5.5243728e-11
448.865 1.733 -1.563 3.5038969199999997e-10 6.3973872e-11 -6.3973296e-11
452.359 1.556 -1.761 3.59930916e-10 6.4647432e-11 -6.4646784e-11
455.802 1.618 -1.887 3.2787079199999997e-10 6.3608004e-11 -6.360749999999999e-11
458.945 2.202 -1.525 3.096684e-10 5.6538863999999996e-11 -5.6538396e-11
463.162 1.982 -2.016 4.2618888e-10 6.4928736e-11 -6.4928016e-11
466.82 1.593 -1.675 3.5318559599999996e-10 6.4484244e-11 -6.4483704e-11
470.513 2.154 -2.1 3.9410855999999994e-10 6.1370964e-11 -6.137031599999999e-11
475.044 1.778 -2.378 2.77767756e-10 5.071424399999999e-11 -5.071392e-11
479.203 1.841 -2.38 2.7337996799999997e-10 4.991309999999999e-11 -4.9912811999999994e-11
483.01 2.087 -1.966 2.8476503999999997e-10 5.1991848e-11 -5.199148799999999e-11
487.364 1.416 -2.267 3.13389468e-10 5.7218183999999996e-11 -5.7217752e-11
491.079 1.986 -2.299 2.69317044e-10 4.917168e-11 -4.9171248e-11
495.538 2.461 -2.473 2.2838018399999997e-10 4.3080408e-11 -4.3080048000000003e-11
500.592 2.65 -2.593 2.2440661199999999e-10 4.0972067999999994e-11 -4.0971672e-11
505.739 2.018 -2.497 2.6236659599999997e-10 4.7902895999999995e-11 -4.7902391999999995e-11
509.962 2.064 -2.204 2.7380681999999996e-10 4.9991544e-11 -4.999104e-11
515.515 2.701 -3.489 1.820862e-10 3.4347798e-11 -3.4347513599999996e-11
520.44 1.54 -2.224 2.99420532e-10 5.6481048e-11 -5.6480615999999995e-11
524.18 2.933 -2.2 2.1427059599999998e-10 4.1778539999999994e-11 -4.1778251999999996e-11
529.229 2.741 -2.116 2.3776401599999995e-10 4.3410636e-11 -4.3410312e-11
534.15 1.924 -2.18 2.8118502e-10 5.1338304e-11 -5.1337943999999996e-11
538.902 2.461 -2.828 1.9736377199999998e-10 4.1176799999999995e-11 -4.1176548e-11
543.826 1.706 -2.462 2.70254628e-10 5.0979203999999994e-11 -5.0978844e-11
548.234 2.006 -2.701 2.45159136e-10 4.476078e-11 -4.476041999999999e-11
552.607 3.199 -2.367 2.0732821199999997e-10 3.785364e-11 -3.7853352e-11
559.259 3.596 -3.453 1.63749312e-10 2.9897103599999997e-11 -2.98968768e-11
565.585 3.595 -2.729 1.82487204e-10 3.33181872e-11 -3.33179532e-11
572.378 3.245 -3.197 1.800513e-10 3.28733496e-11 -3.2873151599999996e-11
577.994 2.204 -2.372 2.58504084e-10 4.7197008e-11 -4.7196756e-11
582.699 3.26 -2.501 1.96696908e-10 3.8889071999999995e-11 -3.8888856e-11
588.369 1.545 -2.41 2.7088678799999996e-10 5.4620892e-11 -5.4620639999999996e-11
593.0 3.233 -3.086 1.65583692e-10 3.45463416e-11 -3.4546165199999996e-11
600.52 4.465 -4.287 1.2867606e-10 2.50891488e-11 -2.5089012e-11
608.712 2.257 -3.727 1.93602888e-10 3.5347824e-11 -3.53475216e-11
613.923 3.249 -2.955 1.7723753999999998e-10 3.45579804e-11 -3.45576672e-11
620.917 3.078 -3.745 1.65220164e-10 3.11663592e-11 -3.11660712e-11
627.344 2.337 -3.349 1.88571996e-10 3.8023488e-11 -3.80232e-11
635.047 4.229 -5.366 1.1463098400000001e-10 2.2350837599999998e-11 -2.2350654e-11
642.589 3.615 -3.313 1.5080572799999998e-10 3.14634348e-11 -3.14631756e-11
650.342 4.122 -4.138 1.36442664e-10 2.57379372e-11 -2.57376888e-11
658.4 2.949 -3.936 1.6364322000000001e-10 3.0868786799999997e-11 -3.0868538399999995e-11
665.606 3.271 -4.256 1.5328886399999999e-10 2.7987246000000002e-11 -2.7987033600000002e-11
671.713 2.332 -2.836 2.233836e-10 4.0785264e-11 -4.0784868e-11
678.632 4.088 -4.587 1.26747e-10 2.4713136e-11 -2.47129596e-11
686.899 4.144 -4.179 1.321182e-10 2.57604372e-11 -2.57602464e-11
694.387 4.833 -3.344 1.31054724e-10 2.64256524e-11 -2.6425479599999998e-11
702.424 4.587 -3.204 1.48168872e-10 2.70524556e-11 -2.70522504e-11
717.251 9.017 -6.027 1.69006068e-10 3.6130608e-11 -3.6130608e-11
735.253 8.566 -8.985 1.43845128e-10 3.0793662e-11 -3.0793662e-11
755.818 13.075 -11.999 9.1544904e-11 2.0624497199999997e-11 -2.0624497199999997e-11
777.274 11.676 -8.382 1.15182144e-10 2.59107264e-11 -2.59107264e-11
798.535 10.474 -9.585 1.2087972e-10 2.64535812e-11 -2.64535812e-11
820.643 10.933 -11.633 1.01687832e-10 2.287512e-11 -2.287512e-11
849.587 9.569 -18.011 9.3964428e-11 1.96184844e-11 -1.96184844e-11
873.002 18.749 -13.846 7.271654399999999e-11 1.59134472e-11 -1.59134472e-11
904.256 15.076 -12.505 8.3604384e-11 1.87788744e-11 -1.87788744e-11
929.711 12.186 -10.38 1.02692988e-10 2.30664816e-11 -2.30664816e-11
957.41 12.068 -15.513 8.385580799999999e-11 1.8863729999999998e-11 -1.8863729999999998e-11
984.985 14.58 -15.508 7.5660048e-11 1.6918102799999998e-11 -1.6918102799999998e-11
1007.848 11.776 -8.283 1.18697472e-10 2.60505324e-11 -2.60505324e-11
1035.252 14.46 -15.628 7.6055976e-11 1.7134938e-11 -1.7134938e-11
1070.192 22.144 -20.48 5.3520732e-11 1.207611e-11 -1.207611e-11
1101.221 8.666 -8.885 1.3640871599999998e-10 2.98093392e-11 -2.98093392e-11
1125.774 14.201 -15.887 7.5696372e-11 1.7105526e-11 -1.7105526e-11
1156.739 13.321 -16.765 7.542939599999999e-11 1.70194428e-11 -1.70194428e-11
11995.471 95.817 -102.261 9.5023152e-12 2.07974556e-12 -2.07974556e-12
12157.43 56.716 -66.142 6.4966392e-12 1.46054232e-12 -1.46054232e-12
12320.967 83.733 -106.821 5.6240712e-12 1.0927944e-12 -1.0927944e-12
21290.729 3447.929 -2437.36 2.80678176e-12 7.07769e-13 -7.07769e-13
24973.824 271.308 -235.166 2.3302277999999998e-12 4.387482e-13 -4.387482e-13
30903.981 509.545 -473.317 1.30369824e-12 3.1338007199999996e-13 -3.1338007199999996e-13
36381.516 169.408 -186.63 1.8296294399999997e-12 4.767497999999999e-13 -4.767497999999999e-13
36948.042 247.257 -397.118 1.61737668e-12 3.32882388e-13 -3.32882388e-13
42030.153 158.511 -252.687 1.5581919599999998e-12 4.1259672e-13 -4.1259672e-13
42529.668 448.795 -341.004 1.0409101199999999e-12 2.42794764e-13 -2.42794764e-13
48242.2 519.251 -711.834 6.2145072e-13 1.5026198399999998e-13 -1.5026198399999998e-13
54027.982 516.742 -493.7 8.9750628e-13 1.99340424e-13 -1.99340424e-13
59835.469 490.261 -485.08 7.674224399999999e-13 1.8979329599999998e-13 -1.8979329599999998e-13
69925.906 7637.153 -5057.5 4.623678e-13 8.914186799999999e-14 -8.914186799999999e-14
135287.922 15776.83 -29745.467 3.04440336e-13 6.1289172e-14 -6.1289172e-14
194353.811 33153.094 -26287.992 1.88798184e-13 5.0471603999999994e-14 -5.0471603999999994e-14
232890.491 376.158 -208.043 1.979784e-12 0.0 0.0
