col1 col2 col3 col4 col5 col6
1607.011 2.823 -3.632 2.03694191e-10 3.71893206e-11 -3.71894764e-11
1613.043 1.604 -3.209 2.6696723600000004e-10 5.0286992000000004e-11 -5.0287197000000006e-11
1618.298 3.043 -3.651 1.96541823e-10 3.5883487e-11 -3.58836633e-11
1623.888 1.698 -2.547 3.09995178e-10 5.6597138e-11 -5.6597425000000003e-11
1628.328 2.948 -2.741 2.25997904e-10 4.2569849e-11 -4.2570054e-11
1634.147 2.331 -2.871 2.4929886e-10 4.6958899e-11 -4.6959145e-11
1639.116 2.963 -2.638 2.29948664e-10 4.4706933000000007e-11 -4.4707138e-11
1645.532 2.917 -3.454 2.00132931e-10 3.89101111e-11 -3.89102792e-11
1651.64 2.133 -3.191 2.35917608e-10 4.5867397e-11 -4.5867602e-11
1656.033 2.629 -2.26 2.69271108e-10 4.9161993e-11 -4.9162239e-11
1661.161 2.001 -2.499 2.92574401e-10 5.3416563e-11 -5.3416850000000005e-11
1665.585 2.357 -2.424 2.56355821e-10 5.1467751000000005e-11 -5.146795600000001e-11
1671.567 3.554 -3.625 1.70790871e-10 3.42891487e-11 -3.42893045e-11
1678.061 2.139 -2.941 2.62729476e-10 4.7967663e-11 -4.796795e-11
1684.015 3.229 -3.815 1.91625759e-10 3.4985939599999996e-11 -3.49861323e-11
1689.125 2.187 -1.882 3.26770574e-10 5.965992e-11 -5.9660207e-11
1694.487 2.926 -3.174 2.0579966400000002e-10 4.0011842599999997e-11 -4.00120271e-11
1701.343 3.965 -3.929 1.66732076e-10 3.04409953e-11 -3.04411511e-11
1708.662 2.644 -3.355 2.1651755600000003e-10 4.07840899e-11 -4.07842949e-11
1714.351 3.102 -3.045 2.14508761e-10 4.04057009e-11 -4.0405905900000004e-11
1721.216 5.438 -3.762 1.415361e-10 2.6660291e-11 -2.6660414e-11
1728.981 3.159 -2.328 2.34318321e-10 4.4137115000000004e-11 -4.413732e-11
1735.187 1.908 -3.047 2.53353514e-10 4.9257318e-11 -4.9257523e-11
1739.659 2.743 -2.564 2.42250468e-10 4.5631237e-11 -4.5631442e-11
1744.524 3.072 -2.122 2.47550251e-10 4.6629545999999995e-11 -4.6629750999999997e-11
1750.248 4.539 -2.653 1.8392936199999999e-10 3.35807794e-11 -3.35809352e-11
1758.106 3.148 -3.319 2.0870291500000002e-10 3.81037887e-11 -3.8103997800000004e-11
1764.093 2.637 -2.839 2.37379422e-10 4.4713698e-11 -4.4713903000000004e-11
1770.662 3.033 -3.932 1.84577367e-10 3.47677048e-11 -3.47678483e-11
1775.913 2.66 -2.218 2.69723625e-10 4.9244608e-11 -4.9244813e-11
1781.828 3.697 -3.254 1.8493759299999998e-10 3.48355598e-11 -3.48357115e-11
1788.312 2.288 -2.788 2.47329917e-10 4.8086235000000003e-11 -4.8086440000000005e-11
1793.595 3.752 -2.995 1.86081944e-10 3.61783016e-11 -3.61784492e-11
1799.317 2.446 -1.97 2.91156252e-10 5.4843322e-11 -5.4843568e-11
1819.728 8.785 -11.273 1.88212099e-10 4.215087e-11 -4.215087e-11
1839.308 9.264 -10.795 1.97707166e-10 4.3271031e-11 -4.3271031e-11
1861.157 9.98 -12.586 1.74629496e-10 3.84478812e-11 -3.84478812e-11
1881.34 7.349 -10.202 2.25770928e-10 4.9486467000000004e-11 -4.9486467000000004e-11
1905.653 13.124 -16.964 1.37619452e-10 2.94651584e-11 -2.94651584e-11
1929.251 9.584 -10.474 2.0735085799999998e-10 4.4457981e-11 -4.4457981e-11
1948.437 10.456 -9.602 1.9772368900000002e-10 4.3274639000000005e-11 -4.3274639000000005e-11
1974.8 11.675 -15.906 1.3678461e-10 3.07288932e-11 -3.07288932e-11
1996.198 10.335 -9.723 1.97042228e-10 4.3061726000000005e-11 -4.3061726000000005e-11
2016.931 12.168 -10.398 1.91464752e-10 4.0085289999999996e-11 -4.0085289999999996e-11
2042.036 14.643 -12.937 1.43300371e-10 3.13633231e-11 -3.13633231e-11
2067.831 8.907 -11.152 1.87716081e-10 4.2302488e-11 -4.2302488e-11
2091.893 9.918 -15.155 1.49229504e-10 3.36820289e-11 -3.36820289e-11
2114.108 12.776 -12.297 1.6539252400000002e-10 3.53614914e-11 -3.53614914e-11
2142.032 7.419 -15.147 1.8346434e-10 3.93364988e-11 -3.93364988e-11
2166.308 10.723 -16.857 1.50668727e-10 3.2168017800000003e-11 -3.2168017800000003e-11
2197.941 16.7 -20.91 9.8886424e-11 2.22844102e-11 -2.22844102e-11
2227.872 14.35 -13.231 1.56086057e-10 3.27226494e-11 -3.27226494e-11
2259.63 17.694 -17.408 1.1775159e-10 2.5175693300000002e-11 -2.5175693300000002e-11
2287.592 12.298 -10.268 1.6689931499999999e-10 3.74942089e-11 -3.74942089e-11
2317.542 12.436 -17.652 1.36471247e-10 2.91368345e-11 -2.91368345e-11
2346.769 8.282 -16.791 1.5067434399999998e-10 3.37441234e-11 -3.37441234e-11
2375.349 19.818 -20.299 1.0699261600000001e-10 2.26143372e-11 -2.26143372e-11
2412.262 20.515 -17.095 1.05523094e-10 2.3095230300000003e-11 -2.3095230300000003e-11
2441.672 11.164 -8.894 1.88371015e-10 4.2186457999999996e-11 -4.2186457999999996e-11
2471.75 13.682 -18.914 1.16628149e-10 2.6159963900000002e-11 -2.6159963900000002e-11
2499.451 11.053 -14.02 1.59044699e-10 3.47063975e-11 -3.47063975e-11
2532.661 22.976 -22.156 8.3175511e-11 1.87439044e-11 -1.87439044e-11
2572.398 15.834 -16.761 1.20627125e-10 2.64793867e-11 -2.64793867e-11
2605.266 15.561 -17.034 1.14509023e-10 2.58858953e-11 -2.58858953e-11
2635.097 18.324 -14.271 1.15572235e-10 2.5882865400000002e-11 -2.5882865400000002e-11
2670.083 15.934 -16.661 1.1459532800000001e-10 2.5905407200000002e-11 -2.5905407200000002e-11
2708.689 19.953 -22.672 8.7648365e-11 1.9782782900000002e-11 -1.9782782900000002e-11
2750.67 25.611 -22.028 7.842459500000001e-11 1.77286624e-11 -1.77286624e-11
2795.887 23.017 -19.607 9.2762049e-11 2.04232603e-11 -2.04232603e-11
2841.98 24.563 -23.076 8.244940100000001e-11 1.8098826800000002e-11 -1.8098826800000002e-11
2891.465 17.703 -24.922 8.8265169e-11 1.98289202e-11 -1.98289202e-11
2933.333 18.459 -24.165 8.836750499999999e-11 1.98828721e-11 -1.98828721e-11
2962.316 14.55 -10.523 1.50131463e-10 3.37272888e-11 -3.37272888e-11
2993.52 20.955 -16.655 1.00073087e-10 2.24815874e-11 -2.24815874e-11
3035.403 21.696 -20.928 9.1996907e-11 2.02246809e-11 -2.02246809e-11
3075.515 16.687 -18.416 1.0786530099999999e-10 2.4194436199999998e-11 -2.4194436199999998e-11
3119.631 25.225 -27.429 7.1334752e-11 1.60755506e-11 -1.60755506e-11
3155.883 9.031 -11.027 1.87627562e-10 4.2085310999999995e-11 -4.2085310999999995e-11
3186.581 25.973 -21.666 7.957382500000001e-11 1.78763977e-11 -1.78763977e-11
3230.843 16.813 -18.29 1.0811417100000001e-10 2.42126033e-11 -2.42126033e-11
3266.321 16.437 -18.665 1.07802243e-10 2.41802953e-11 -2.41802953e-11
3312.673 22.739 -29.915 7.073131400000001e-11 1.60146041e-11 -1.60146041e-11
3358.204 24.847 -22.792 7.9093428e-11 1.78239956e-11 -1.78239956e-11
3402.966 15.187 -19.915 1.0761557e-10 2.4213730799999998e-11 -2.4213730799999998e-11
3438.845 21.933 -20.691 9.355088899999999e-11 2.04446623e-11 -2.04446623e-11
3489.822 26.117 -29.044 6.7689975e-11 1.53985012e-11 -1.53985012e-11
3553.755 27.375 -37.816 5.7655676e-11 1.3013248300000002e-11 -1.3013248300000002e-11
3659.526 149.201 -78.397 5.5900138000000004e-11 9.5078098e-12 -9.5078098e-12
7424.088 24.084 -26.062 3.08692567e-11 6.9711029000000005e-12 -6.9711029000000005e-12
7478.868 26.973 -30.695 2.7326664e-11 6.130516800000001e-12 -6.130516800000001e-12
7537.409 16.071 -31.568 3.32097253e-11 7.2924773e-12 -7.2924773e-12
7593.194 35.505 -39.714 2.03705999e-11 4.5850546e-12 -4.5850546e-12
7662.276 26.6 -33.576 2.56985786e-11 5.7842881999999996e-12 -5.7842881999999996e-12
7716.561 40.012 -27.686 2.28983401e-11 5.162515e-12 -5.162515e-12
7786.892 32.364 -30.319 2.45391888e-11 5.5233273000000005e-12 -5.5233273000000005e-12
7851.654 22.763 -32.398 2.95731811e-11 6.4939325999999995e-12 -6.4939325999999995e-12
7898.821 23.235 -24.404 3.39715299e-11 7.4597573e-12 -7.4597573e-12
7956.005 31.242 -33.949 2.36373487e-11 5.3291308e-12 -5.3291308e-12
8014.935 27.472 -27.689 2.8290258299999997e-11 6.3676280000000005e-12 -6.3676280000000005e-12
8069.599 20.447 -27.192 3.25186785e-11 7.2953063e-12 -7.2953063e-12
8112.218 30.482 -22.172 2.8838481600000003e-11 6.5125015e-12 -6.5125015e-12
8171.878 20.968 -29.178 3.21488708e-11 7.0264242e-12 -7.0264242e-12
8211.517 26.462 -18.67 3.3966794400000004e-11 7.657943100000001e-12 -7.657943100000001e-12
8269.175 31.486 -31.197 2.45089554e-11 5.498387e-12 -5.498387e-12
8347.51 35.892 -46.849 1.8229022300000002e-11 4.1371337e-12 -4.1371337e-12
8414.475 26.595 -31.073 2.64684561e-11 5.9575706e-12 -5.9575706e-12
8479.906 41.399 -38.835 1.89740374e-11 4.2777678e-12 -4.2777678e-12
8561.016 33.001 -39.712 2.1213871500000002e-11 4.7591611e-12 -4.7591611e-12
8622.475 26.703 -28.458 2.89709485e-11 6.3716911e-12 -6.3716911e-12
8679.005 22.826 -29.828 2.8970858300000002e-11 6.4993815e-12 -6.4993815e-12
8726.391 20.573 -24.559 3.32342228e-11 7.468109e-12 -7.468109e-12
8773.782 20.82 -26.819 3.18784061e-11 7.2109283000000005e-12 -7.2109283000000005e-12
8824.427 25.336 -29.825 2.75363134e-11 6.197929e-12 -6.197929e-12
8896.496 33.501 -46.733 1.88471096e-11 4.2491498e-12 -4.2491498e-12
8969.707 45.539 -39.71 1.80731772e-11 4.05457282e-12 -4.05457282e-12
9054.589 28.354 -39.343 2.2712934e-11 5.1207155e-12 -5.1207155e-12
9123.771 51.943 -40.828 1.6589940700000002e-11 3.74026518e-12 -3.74026518e-12
9222.319 36.136 -46.605 1.83781639e-11 4.1365925e-12 -4.1365925e-12
9306.123 35.074 -47.668 1.93359239e-11 4.2459477e-12 -4.2459477e-12
9373.772 32.616 -32.574 2.3279611399999998e-11 5.2225923e-12 -5.2225923e-12
9446.783 24.795 -40.395 2.4334258499999998e-11 5.3435259e-12 -5.3435259e-12
9499.788 94.338 -28.21 2.51111798e-11 5.6990615e-12 -5.6990615e-12
13207.062 47.293 -47.985 1.6729074200000002e-11 3.7639025e-12 -3.7639025e-12
13300.228 49.405 -45.873 1.7323156e-11 3.80251343e-12 -3.80251343e-12
13414.792 47.67 -65.159 1.3855068500000001e-11 3.1250158999999996e-12 -3.1250158999999996e-12
13508.446 41.773 -45.983 1.7716620700000002e-11 3.99103512e-12 -3.99103512e-12
13608.101 47.425 -57.883 1.49038485e-11 3.3490940200000003e-12 -3.3490940200000003e-12
13684.347 33.862 -28.821 2.03089031e-11 4.4477251e-12 -4.4477251e-12
13770.831 47.671 -52.622 1.1548925100000001e-11 2.5953910200000003e-12 -2.5953910200000003e-12
13856.718 52.048 -38.216 1.73231765e-11 3.87835523e-12 -3.87835523e-12
13986.46 47.671 -77.695 1.2446538100000001e-11 2.81081076e-12 -2.81081076e-12
14085.883 46.034 -51.752 1.59342892e-11 3.59398456e-12 -3.59398456e-12
14194.419 72.893 -62.502 1.1475412099999998e-11 2.58828326e-12 -2.58828326e-12
14335.465 64.734 -68.153 1.17782791e-11 2.6434659799999998e-12 -2.6434659799999998e-12
14439.539 45.909 -39.34 1.83994716e-11 4.1448622e-12 -4.1448622e-12
14553.341 80.038 -67.893 1.05250731e-11 2.38578221e-12 -2.38578221e-12
14695.025 41.154 -61.646 1.52887606e-11 3.45267232e-12 -3.45267232e-12
14804.44 77.163 -68.261 1.0769629900000002e-11 2.44732362e-12 -2.44732362e-12
14939.999 36.882 -58.396 9.7974994e-12 2.2185358300000002e-12 -2.2185358300000002e-12
15151.351 226.754 -174.469 7.7967609e-12 1.29715349e-12 -1.29715349e-12
24808.527 68.728 -71.682 6.414773900000001e-12 1.4540682800000001e-12 -1.4540682800000001e-12
24981.483 76.299 -104.228 5.0191011e-12 1.1306529e-12 -1.1306529e-12
25158.754 102.12 -100.973 4.4669869e-12 1.00503259e-12 -1.00503259e-12
25333.038 83.289 -72.164 5.7999666e-12 1.31306928e-12 -1.31306928e-12
25489.628 74.632 -73.3 6.1177904e-12 1.37986525e-12 -1.37986525e-12
25630.794 73.876 -66.534 6.4218792e-12 1.45386533e-12 -1.45386533e-12
25758.936 56.055 -54.267 8.2238661e-12 1.85029679e-12 -1.85029679e-12
25878.29 49.53 -63.299 8.030264100000001e-12 1.80897781e-12 -1.80897781e-12
26007.777 50.423 -79.957 6.950057599999999e-12 1.56563953e-12 -1.56563953e-12
26166.611 74.623 -108.411 5.218193e-12 1.1427212500000001e-12 -1.1427212500000001e-12
26302.649 43.892 -61.415 8.5935385e-12 1.93826967e-12 -1.93826967e-12
26384.763 54.549 -38.222 9.707693e-12 2.20048968e-12 -2.20048968e-12
26525.507 111.883 -86.194 4.5409140000000006e-12 1.03059691e-12 -1.03059691e-12
26748.215 206.582 -110.825 5.1197315e-12 1.0063884600000001e-12 -1.0063884600000001e-12
30613.613 78.253 -57.142 6.8355077e-12 1.535778e-12 -1.535778e-12
30816.328 96.183 -124.461 4.05228625e-12 9.3669994e-13 -9.3669994e-13
31021.696 83.878 -109.186 3.66153452e-12 9.5245829e-13 -9.5245829e-13
31221.448 69.667 -115.874 3.78557305e-12 9.9106143e-13 -9.9106143e-13
31399.499 147.362 -108.384 3.68361507e-12 8.302696800000001e-13 -8.302696800000001e-13
31639.834 92.569 -92.973 5.0615238e-12 1.13993243e-12 -1.13993243e-12
31843.427 109.619 -111.025 3.16938282e-12 8.3063417e-13 -8.3063417e-13
32055.152 116.031 -102.106 4.3265824e-12 9.7208171e-13 -9.7208171e-13
32267.661 109.121 -96.479 4.5502046e-12 1.02888598e-12 -1.02888598e-12
32516.063 213.362 -139.281 4.6701501e-12 9.1545005e-13 -9.1545005e-13
36450.96 79.358 -128.749 3.4633835700000003e-12 9.0474536e-13 -9.0474536e-13
36658.385 110.127 -128.068 2.9973788e-12 7.8636811e-13 -7.8636811e-13
36886.356 140.411 -117.843 2.7972323799999998e-12 7.3072537e-13 -7.3072537e-13
37164.04 58.297 -137.274 3.74105074e-12 9.710595800000001e-13 -9.710595800000001e-13
37352.218 148.43 -129.881 2.59694943e-12 6.755201e-13 -6.755201e-13
37637.583 83.709 -136.935 3.29674153e-12 8.602943900000001e-13 -8.602943900000001e-13
37846.995 130.043 -125.703 2.84739547e-12 7.4224473e-13 -7.4224473e-13
38170.514 348.059 -193.476 2.9199544e-12 5.5963278e-13 -5.5963278e-13
42149.468 113.615 -71.927 3.73547064e-12 9.7177052e-13 -9.7177052e-13
42367.686 98.49 -104.603 3.88649906e-12 9.4708401e-13 -9.4708401e-13
42560.95 100.797 -94.774 3.81752107e-12 9.5918967e-13 -9.5918967e-13
42786.793 113.148 -125.047 2.95110415e-12 7.7021042e-13 -7.7021042e-13
43021.642 103.958 -121.7 3.11416771e-12 8.101407300000001e-13 -8.101407300000001e-13
43231.445 92.232 -105.845 3.5602374600000004e-12 9.2618426e-13 -9.2618426e-13
43428.362 108.436 -104.685 3.2803603899999997e-12 8.533752300000001e-13 -8.533752300000001e-13
43662.026 90.402 -125.227 3.23521078e-12 8.4344749e-13 -8.4344749e-13
43981.602 315.002 -229.174 1.9741992e-12 4.3025277e-13 -4.3025277e-13
48062.379 106.957 -126.223 2.9559109899999998e-12 7.722108099999999e-13 -7.722108099999999e-13
48264.823 77.519 -95.486 4.00416742e-12 1.03716757e-12 -1.03716757e-12
48454.4 103.571 -112.058 3.1831416000000002e-12 8.3068296e-13 -8.3068296e-13
48659.644 88.882 -101.674 3.60610252e-12 9.4005374e-13 -9.4005374e-13
48986.091 168.62 -237.564 1.67385903e-12 4.4106488e-13 -4.4106488e-13
49433.989 146.965 -279.278 1.5933260099999998e-12 4.2029838e-13 -4.2029838e-13
49753.47 339.339 -172.516 2.05556657e-12 4.8833706e-13 -4.8833706e-13
54439.326 296.3 -428.31 2.0239572100000003e-12 3.8013076199999997e-13 -3.8013076199999997e-13
55215.253 160.809 -304.507 1.84582287e-12 4.8083734e-13 -4.8083734e-13
55568.425 305.13 -192.363 1.83299643e-12 4.866806600000001e-13 -4.866806600000001e-13
60247.613 164.997 -191.041 2.31868612e-12 6.0365325e-13 -6.0365325e-13
60561.045 162.473 -148.434 2.7007999699999997e-12 6.9986508e-13 -6.9986508e-13
61114.594 495.207 -391.077 1.6102044800000001e-12 3.39973148e-13 -3.39973148e-13
66664.36 783.438 -616.064 1.4961297699999998e-12 3.24590112e-13 -3.24590112e-13
72640.381 585.95 -594.577 1.38554252e-12 3.0846313100000003e-13 -3.0846313100000003e-13
78985.153 3637.335 -940.875 1.0265292999999999e-12 2.8069128900000003e-13 -2.8069128900000003e-13
83013.255 343.877 -390.767 9.680259899999999e-13 2.59577068e-13 -2.59577068e-13
83901.751 894.647 -544.619 1.0360134199999999e-12 2.04354496e-13 -2.04354496e-13
88559.04 243.395 -217.952 1.56655137e-12 4.08463238e-13 -4.08463238e-13
89246.19 173.044 -443.755 1.18205665e-12 3.10501979e-13 -3.10501979e-13
89865.759 717.696 -446.524 1.08733845e-12 2.283864e-13 -2.283864e-13
94632.038 386.755 -475.762 8.428124e-13 2.2138605999999998e-13 -2.2138605999999998e-13
95283.013 247.271 -264.221 1.4415107999999998e-12 3.76551134e-13 -3.76551134e-13
95879.852 485.337 -349.567 1.5030140799999998e-12 3.20005246e-13 -3.20005246e-13
100348.196 512.977 -439.803 7.501155e-13 1.97822868e-13 -1.97822868e-13
101413.048 725.202 -551.875 1.02820661e-12 2.05519552e-13 -2.05519552e-13
105993.877 163.806 -247.394 1.7771486900000001e-12 4.636759700000001e-13 -4.636759700000001e-13
106528.733 346.043 -371.05 1.01933134e-12 2.67440499e-13 -2.67440499e-13
107243.695 689.825 -368.92 8.4759341e-13 2.11620434e-13 -2.11620434e-13
111854.959 268.884 -352.931 1.1737049500000002e-12 3.07706435e-13 -3.07706435e-13
112831.989 881.838 -708.146 9.0121034e-13 1.7643480799999998e-13 -1.7643480799999998e-13
117728.546 363.218 -479.241 8.4523755e-13 2.21891221e-13 -2.21891221e-13
118766.764 742.973 -675.001 8.6468713e-13 1.83638795e-13 -1.83638795e-13
123646.342 380.919 -561.831 7.5808918e-13 2.0037290400000002e-13 -2.0037290400000002e-13
124610.894 677.533 -583.633 8.748293e-13 1.8513414699999998e-13 -1.8513414699999998e-13
129700.723 1376.938 -879.632 4.7176363e-13 1.02057651e-13 -1.02057651e-13
135571.962 793.64 -873.714 5.2882005e-13 1.3589983e-13 -1.3589983e-13
171840.294 10860.791 -13031.981 4.4774460000000005e-13 1.01631702e-13 -1.01631702e-13
193278.792 942.532 -689.72 7.8299545e-13 1.66587715e-13 -1.66587715e-13
217041.98 10478.682 -6898.672 3.43927229e-13 7.231600500000001e-14 -7.231600500000001e-14
256187.897 7271.277 -10789.998 4.5709547e-13 8.2651818e-14 -8.2651818e-14
282480.618 4139.283 -3153.981 3.3782405100000005e-13 7.7974251e-14 -7.7974251e-14
299189.853 16230.3 -8286.419 3.2701764e-13 6.384561000000001e-14 -6.384561000000001e-14
359458.112 8102.542 -16256.53 2.9685057800000003e-13 7.7643955e-14 -7.7643955e-14
380403.009 10258.822 -8554.177 1.6072549399999998e-13 3.95556561e-14 -3.95556561e-14
462152.959 21086.241 -15188.925 1.5545920800000002e-13 3.01540896e-14 -3.01540896e-14
544399.443 25661.021 -32615.818 1.44964848e-13 2.86797132e-14 -2.86797132e-14
633265.167 41254.639 -18375.724 9.342161600000001e-14 2.5712342300000003e-14 -2.5712342300000003e-14
787487.967 83591.593 -67825.626 4.558052e-14 1.23769406e-14 -1.23769406e-14
918510.761 27748.613 -37508.272 6.851850299999999e-14 1.87756835e-14 -1.87756835e-14
1078299.265 103461.584 -121897.653 4.06271337e-14 1.1086830500000001e-14 -1.1086830500000001e-14
1326962.566 161097.053 -140078.491 2.44092147e-14 7.6308831e-15 -7.6308831e-15
1887156.868 428838.524 -393838.497 1.56847919e-14 4.5977359e-15 -4.5977359e-15
2774195.869 45324.24 -37303.521 2.7542086200000002e-14 1.27190446e-14 -1.0024668100000002e-14
