col1 col2 col3 col4 col5 col6
74.153 0.427 -0.348 9.271317700000001e-09 1.15556163e-09 -1.16605066e-09
75.041 0.427 -0.46 8.101066999999999e-09 1.01508456e-09 -1.02163021e-09
76.092 0.449 -0.624 6.7037829e-09 8.809198499999999e-10 -8.5969374e-10
76.989 0.489 -0.448 7.6702595e-09 1.04425032e-09 -9.9400154e-10
78.112 0.576 -0.633 5.8251324e-09 8.3495516e-10 -7.8056948e-10
79.149 0.491 -0.461 7.555685e-09 1.1775097500000001e-09 -1.02295246e-09
80.146 0.517 -0.506 6.6768008e-09 1.14810865e-09 -9.7703205e-10
81.146 0.608 -0.483 6.5280569e-09 1.1597493700000001e-09 -9.4221485e-10
82.482 0.633 -0.728 5.3371914e-09 1.01156717e-09 -7.951851600000001e-10
83.703 0.663 -0.588 5.618307900000001e-09 1.12335572e-09 -8.985043399999999e-10
84.925 0.599 -0.559 4.3174066e-09 8.8911329e-10 -7.3943951e-10
85.943 0.461 -0.419 3.93095741e-09 8.6681175e-10 -7.5423805e-10
86.808 0.575 -0.404 4.03577924e-09 8.6548622e-10 -7.842672700000001e-10
87.959 0.689 -0.576 4.07469357e-09 8.1830178e-10 -7.5373621e-10
89.1 0.435 -0.452 3.9861758e-09 8.506954700000001e-10 -8.1928414e-10
90.021 0.558 -0.485 3.2221904100000004e-09 6.9111076e-10 -6.7572592e-10
91.07 0.531 -0.492 3.3840579999999998e-09 6.985641500000001e-10 -6.853912600000001e-10
92.153 0.437 -0.552 5.1587881e-09 9.5252266e-10 -9.3546461e-10
93.212 0.587 -0.621 4.181877e-09 7.542483e-10 -7.4588348e-10
94.356 0.476 -0.558 4.09333422e-09 7.568821400000001e-10 -7.512692400000001e-10
95.256 0.461 -0.423 3.3080263700000004e-09 6.229023400000001e-10 -6.2830983e-10
96.127 0.4 -0.411 3.365813e-09 6.2967103e-10 -6.406627200000001e-10
96.893 0.339 -0.366 3.87583537e-09 7.085304300000001e-10 -7.285946000000001e-10
97.817 0.443 -0.585 2.6952940799999997e-09 4.8743547e-10 -5.010241000000001e-10
98.706 0.405 -0.446 3.21088179e-09 5.8008522e-10 -5.9943927e-10
99.654 0.576 -0.543 2.4767567000000002e-09 4.2622247000000005e-10 -4.4623908e-10
100.679 0.531 -0.449 2.8273682e-09 4.880558e-10 -5.106058e-10
101.724 0.465 -0.513 2.79054569e-09 4.9135261e-10 -5.1265047e-10
102.635 0.438 -0.446 3.13459637e-09 5.351545500000001e-10 -5.613884e-10
103.507 0.464 -0.434 3.0849507e-09 5.1883737e-10 -5.4589368e-10
104.505 0.447 -0.534 2.78548137e-09 4.750780700000001e-10 -4.9922092e-10
105.465 0.494 -0.513 2.70470358e-09 4.5313774e-10 -4.7695505e-10
106.586 0.465 -0.627 2.3496321e-09 3.9444082799999997e-10 -4.1498642e-10
107.56 0.496 -0.509 2.55336397e-09 4.3082144e-10 -4.5316849e-10
108.76 0.73 -0.704 1.7898894399999999e-09 3.00290478e-10 -3.1589384800000003e-10
110.339 0.735 -0.849 1.5966002700000002e-09 2.7389057800000003e-10 -2.87610941e-10
111.779 0.93 -0.705 1.5698198900000002e-09 2.63891826e-10 -2.77620758e-10
113.482 0.62 -0.773 1.8424461100000002e-09 3.08812779e-10 -3.2488162200000004e-10
114.977 0.885 -0.875 1.4367728399999998e-09 2.4218978799999997e-10 -2.54282287e-10
117.086 0.735 -1.224 1.36938442e-09 2.2621176e-10 -2.38301799e-10
119.068 1.056 -1.248 1.1511123100000001e-09 1.92435345e-10 -2.02432785e-10
120.965 0.804 -0.84 1.63755927e-09 2.68247625e-10 -2.82647809e-10
122.655 1.052 -0.887 1.36762142e-09 2.29562403e-10 -2.41511566e-10
124.649 0.991 -0.941 1.35200944e-09 2.28220268e-10 -2.39651888e-10
126.651 1.036 -1.012 1.25518302e-09 2.11593128e-10 -2.22167766e-10
128.64 0.971 -0.952 1.33654752e-09 2.17614552e-10 -2.2918860600000002e-10
130.634 1.095 -1.024 1.2131080000000001e-09 1.9922596999999998e-10 -2.09910488e-10
133.229 0.931 -1.499 1.05769914e-09 1.75109729e-10 -1.84508446e-10
136.038 1.381 -1.878 7.8865058e-10 1.30794674e-10 -1.37802886e-10
139.177 1.576 -1.758 7.7838746e-10 1.32564931e-10 -1.39294876e-10
142.142 1.953 -1.389 7.775941100000001e-10 1.33615105e-10 -1.40229061e-10
145.502 1.428 -1.408 8.8858972e-10 1.58144134e-10 -1.6541372100000002e-10
148.994 1.891 -2.064 6.668719700000001e-10 1.16043653e-10 -1.21678201e-10
152.732 1.803 -1.846 7.5488093e-10 1.26050851e-10 -1.32697156e-10
156.377 2.666 -1.842 6.109943e-10 1.03680923e-10 -1.08903216e-10
160.981 2.343 -1.938 6.2823931e-10 1.1083595600000001e-10 -1.15890641e-10
166.355 2.301 -3.032 5.197520800000001e-10 8.930148499999999e-11 -9.353793300000001e-11
171.595 3.193 -2.939 4.7143112e-10 8.3594162e-11 -8.6618486e-11
177.711 3.09 -2.923 3.17134098e-10 6.8031546e-11 -6.933223e-11
183.1 2.581 -2.299 4.05536494e-10 8.6249609e-11 -8.7407039e-11
189.253 3.262 -3.572 2.78775892e-10 6.2043906e-11 -6.2795108e-11
195.196 2.761 -2.681 3.77036164e-10 8.1578356e-11 -8.2019393e-11
200.961 2.721 -3.004 3.5636995e-10 7.726618100000001e-11 -7.7615214e-11
206.757 3.006 -3.075 3.2431553500000004e-10 7.1381082e-11 -7.1896821e-11
212.576 3.333 -2.812 4.02007542e-10 8.0662457e-11 -8.153055000000001e-11
220.027 2.66 -4.119 2.80670215e-10 6.0971059e-11 -6.178249000000001e-11
227.376 4.268 -4.688 2.1410433700000003e-10 4.5968134e-11 -4.6831102000000004e-11
235.825 4.549 -4.181 2.27396537e-10 4.8307102000000006e-11 -4.8982576999999997e-11
277.263 24.735 -27.918 1.30950474e-10 2.8113905e-11 -2.8113905e-11
327.564 37.117 -25.566 9.9674977e-11 2.2437930600000003e-11 -2.2437930600000003e-11
391.189 33.668 -26.507 1.04573616e-10 2.3495509200000002e-11 -2.3495509200000002e-11
456.013 41.556 -31.156 8.634735300000001e-11 1.9456427e-11 -1.9456427e-11
548.851 38.982 -51.281 7.3026453e-11 1.61114338e-11 -1.61114338e-11
640.203 42.908 -52.37 6.588782e-11 1.48749517e-11 -1.48749517e-11
748.203 72.811 -65.092 4.5414921e-11 1.02430792e-11 -1.02430792e-11
904.171 119.935 -83.157 3.0780344100000004e-11 6.982664900000001e-12 -6.982664900000001e-12
1114.736 130.014 -90.63 2.8393484000000003e-11 6.4163483e-12 -6.4163483e-12
1421.165 129.478 -176.415 1.7237892399999998e-11 3.90671493e-12 -3.90671493e-12
1599.002 56.938 -48.359 1.2069719400000001e-11 2.7164435200000003e-12 -2.7164435200000003e-12
5119.179 66.881 -78.544 6.5802663e-12 1.45266157e-12 -1.45266157e-12
5251.225 65.215 -65.165 6.9737556e-12 1.5784667900000001e-12 -1.5784667900000001e-12
5374.144 47.603 -57.704 8.7203146e-12 1.95421826e-12 -1.95421826e-12
5479.462 45.086 -57.714 8.9718045e-12 2.01279537e-12 -2.01279537e-12
5615.868 76.67 -91.32 5.4385434e-12 1.22417062e-12 -1.22417062e-12
5753.598 76.843 -61.06 6.659859600000001e-12 1.50073858e-12 -1.50073858e-12
5898.951 84.436 -68.51 6.082001499999999e-12 1.3674935e-12 -1.3674935e-12
6054.133 52.113 -70.745 7.4715858e-12 1.67993195e-12 -1.67993195e-12
6197.603 76.634 -91.357 5.518103900000001e-12 1.23524349e-12 -1.23524349e-12
6335.73 41.306 -61.494 9.0153014e-12 2.02926794e-12 -2.02926794e-12
6456.122 71.353 -79.086 6.0835185e-12 1.3754364299999998e-12 -1.3754364299999998e-12
6600.781 64.597 -73.305 6.6984201e-12 1.5027684900000001e-12 -1.5027684900000001e-12
6726.548 71.718 -61.17 6.9189263e-12 1.55566997e-12 -1.55566997e-12
6883.837 79.913 -85.57 5.5322079e-12 1.24387645e-12 -1.24387645e-12
7055.497 93.794 -91.748 4.94009e-12 1.11691585e-12 -1.11691585e-12
7316.825 123.297 -167.534 5.1733021e-12 9.108732200000001e-13 -9.108732200000001e-13
10962.388 124.819 -130.927 2.85789106e-12 7.440893200000001e-13 -7.440893200000001e-13
11189.06 108.761 -101.854 4.00113916e-12 9.7919644e-13 -9.7919644e-13
11409.389 124.12 -111.568 3.79796653e-12 8.9795371e-13 -8.9795371e-13
11708.497 138.427 -174.988 2.35113311e-12 6.155875299999999e-13 -6.155875299999999e-13
11942.633 112.398 -95.709 3.54970743e-12 9.302764699999999e-13 -9.302764699999999e-13
12142.301 148.418 -87.27 3.32872112e-12 8.387160900000001e-13 -8.387160900000001e-13
12393.627 100.185 -102.907 5.1598541e-12 1.1334499199999999e-12 -1.1334499199999999e-12
12593.354 96.029 -99.542 5.1043319e-12 1.1477232500000001e-12 -1.1477232500000001e-12
12810.887 66.545 -121.504 3.89145227e-12 1.01413459e-12 -1.01413459e-12
13464.024 3273.072 -586.592 3.2132442100000002e-12 6.495109299999999e-13 -6.495109299999999e-13
40976.983 216.233 -217.533 1.74331426e-12 4.5454158e-13 -4.5454158e-13
41494.16 205.534 -300.944 1.47709101e-12 3.8433359e-13 -3.8433359e-13
41926.121 219.866 -226.427 1.90531797e-12 4.663188299999999e-13 -4.663188299999999e-13
45959.782 277.119 -359.739 1.3119922099999999e-12 3.58787474e-13 -3.58787474e-13
46911.048 782.59 -674.148 8.6821354e-13 1.9014291200000002e-13 -1.9014291200000002e-13
54393.528 3487.544 -1532.449 1.01326457e-12 2.65524569e-13 -2.65524569e-13
58478.265 776.806 -597.194 8.592365900000001e-13 1.7663783999999998e-13 -1.7663783999999998e-13
69560.373 1275.259 -4819.896 5.6967655e-13 1.23076055e-13 -1.23076055e-13
80142.241 2273.42 -3821.765 4.2733029e-13 1.10453508e-13 -1.10453508e-13
97897.287 7616.697 -9996.81 4.03830033e-13 8.319137799999999e-14 -8.319137799999999e-14
136402.823 3430.904 -8042.349 5.4992152e-13 1.23651654e-13 -1.23651654e-13
156293.45 6941.226 -6098.569 2.83008363e-13 7.1878781e-14 -7.1878781e-14
189212.197 8881.704 -15860.915 2.60009659e-13 5.6219651e-14 -5.6219651e-14
220698.363 23656.614 -12492.462 1.51033914e-13 4.2149353e-14 -4.2149353e-14
266811.16 6463.192 -17172.323 2.27699199e-13 5.3537799999999997e-14 -5.3537799999999997e-14
311064.867 25869.838 -32517.446 1.47695817e-13 3.7876825e-14 -3.7876825e-14
397783.271 54591.471 -55632.81 5.9403014e-14 1.66940028e-14 -1.66940028e-14
499949.537 56644.85 -42602.244 6.4316741e-14 1.81016066e-14 -1.81016066e-14
619541.243 64132.85 -58003.637 6.084031e-14 1.7468427200000003e-14 -1.7468427200000003e-14
741325.046 40809.002 -52467.854 6.0706691e-14 1.45926667e-14 -1.45926667e-14
1017498.126 204675.288 -178151.847 2.58572896e-14 6.9580977000000004e-15 -6.9580977000000004e-15
1487254.672 370779.788 -208661.18 1.11134682e-14 5.0622987000000005e-15 -4.1337758e-15
