col1 col2 col3 col4 col5 col6
109.847 0.83 -0.777 4.36696e-09 5.535752599999999e-10 -5.3392128e-10
111.419 0.607 -0.742 5.2023253999999995e-09 6.8839052e-10 -6.3608808e-10
112.532 0.463 -0.507 6.9129904e-09 9.5549328e-10 -8.9965798e-10
113.586 0.588 -0.591 5.8815488e-09 7.458119399999999e-10 -7.303581e-10
114.822 0.699 -0.648 5.151147e-09 6.632185599999999e-10 -6.3956926e-10
116.119 0.548 -0.598 5.9861514e-09 8.2258068e-10 -7.545697999999999e-10
117.247 0.51 -0.58 6.2178222e-09 8.1085692e-10 -7.965358599999999e-10
118.309 0.626 -0.551 5.9567432e-09 7.488785399999999e-10 -7.282437799999999e-10
119.602 0.589 -0.667 5.448793399999999e-09 7.649612799999999e-10 -6.9742502e-10
120.731 0.42 -0.539 7.3794442e-09 9.5575814e-10 -9.1814688e-10
121.765 0.648 -0.615 5.6654808e-09 7.147609999999999e-10 -6.9505914e-10
122.814 0.425 -0.4 8.572347799999999e-09 1.08681976e-09 -1.06456012e-09
123.637 0.467 -0.398 8.2764342e-09 1.0380353599999999e-09 -1.0120562799999999e-09
124.647 0.478 -0.544 6.9294786e-09 9.0450982e-10 -8.606395799999999e-10
125.729 0.415 -0.604 6.8633433999999994e-09 9.379312e-10 -8.652463199999999e-10
126.65 0.563 -0.506 6.3944157999999994e-09 8.8220382e-10 -8.3217948e-10
127.664 0.596 -0.45 6.6121177999999994e-09 8.628884199999999e-10 -8.474167199999999e-10
128.737 0.498 -0.477 7.0946494e-09 9.2264304e-10 -9.0816998e-10
129.644 0.397 -0.409 8.5824976e-09 1.11818154e-09 -1.0990827399999999e-09
130.576 0.491 -0.535 7.0793771999999995e-09 8.980437399999999e-10 -8.7874202e-10
131.52 0.485 -0.453 7.9029284e-09 1.02547864e-09 -9.667724399999999e-10
132.498 0.468 -0.493 7.5407048e-09 1.01752676e-09 -9.508398e-10
133.46 0.482 -0.495 7.5861718e-09 9.9860466e-10 -9.275598599999999e-10
134.658 0.679 -0.716 5.2530554e-09 7.2701296e-10 -6.517737199999999e-10
135.863 0.613 -0.526 6.3624692e-09 8.971135e-10 -8.016601599999999e-10
136.934 0.526 -0.458 7.447479399999999e-09 1.0394136199999998e-09 -9.239760799999999e-10
137.951 0.553 -0.491 7.0159818e-09 9.296236399999999e-10 -8.716265199999999e-10
139.012 0.492 -0.508 7.328277199999999e-09 9.7554512e-10 -9.102257799999999e-10
140.047 0.61 -0.543 6.1406707999999995e-09 8.7456354e-10 -7.983792399999999e-10
141.181 0.574 -0.524 6.4941962e-09 8.345423199999999e-10 -7.9537724e-10
142.215 0.568 -0.46 6.664048599999999e-09 8.756100599999999e-10 -8.419530799999999e-10
143.172 0.383 -0.389 8.976321999999999e-09 1.14567986e-09 -1.11796722e-09
144.004 0.498 -0.449 7.32279e-09 9.4336178e-10 -9.1152044e-10
145.023 0.437 -0.522 6.8204109999999995e-09 9.345264e-10 -9.168620999999999e-10
145.976 0.495 -0.516 6.7813774e-09 8.6946622e-10 -8.549194399999999e-10
146.917 0.376 -0.446 8.0523368e-09 1.08054254e-09 -1.0639107e-09
147.858 0.689 -0.565 5.588139399999999e-09 6.9823936e-10 -6.8312638e-10
149.175 0.544 -0.628 5.9781942e-09 7.4394766e-10 -7.308038399999999e-10
150.17 0.443 -0.45 7.847866399999999e-09 9.782127199999998e-10 -9.5986366e-10
150.977 0.338 -0.365 9.9737498e-09 1.2456529200000001e-09 -1.2208434799999999e-09
151.804 0.48 -0.488 7.1827865999999995e-09 9.1098616e-10 -8.9304104e-10
152.775 0.528 -0.492 6.903707e-09 8.676885799999999e-10 -8.456310999999999e-10
153.837 0.42 -0.534 7.133572799999999e-09 9.3729394e-10 -9.155161399999999e-10
154.794 0.463 -0.537 6.9604828e-09 8.844135199999999e-10 -8.6620696e-10
155.824 0.466 -0.567 6.8086462e-09 8.543004199999999e-10 -8.342386999999999e-10
156.796 0.394 -0.506 7.643586e-09 9.878194999999998e-10 -9.654709399999998e-10
157.677 0.423 -0.487 7.482523e-09 9.795035799999998e-10 -9.5988456e-10
158.619 0.52 -0.519 6.773671e-09 8.534503599999999e-10 -8.3109344e-10
159.669 0.618 -0.531 6.123567e-09 7.809683999999999e-10 -7.504403399999999e-10
160.809 0.513 -0.521 6.657022399999999e-09 8.776248199999999e-10 -8.4083854e-10
161.97 0.618 -0.648 5.5702604e-09 7.283213e-10 -6.9255228e-10
163.455 0.907 -0.867 4.1847538e-09 5.456857e-10 -5.120606399999999e-10
165.131 0.795 -0.769 4.4291013999999996e-09 6.367834799999999e-10 -5.9458828e-10
166.267 0.278 -0.341 5.2605642e-09 6.431480999999999e-10 -6.4273124e-10
166.856 0.34 -0.311 4.255468e-09 5.1989472e-10 -5.1989662e-10
167.48 0.27 -0.283 5.0080428000000005e-09 6.118372399999999e-10 -6.118395200000001e-10
168.083 0.303 -0.334 4.350570599999999e-09 5.315132199999999e-10 -5.3151512e-10
168.72 0.363 -0.334 3.925012399999999e-09 4.8780524e-10 -4.8780714e-10
169.441 0.33 -0.357 4.0350718e-09 4.929683e-10 -4.929702e-10
170.098 0.321 -0.327 4.2269148e-09 5.2532606e-10 -5.2532796e-10
170.692 0.364 -0.274 3.6503369999999995e-09 4.9874126e-10 -4.9874278e-10
171.317 0.25 -0.26 3.72589164e-09 5.493572599999999e-10 -5.4935878e-10
171.886 0.271 -0.318 4.7054412e-09 5.748685599999999e-10 -5.7487084e-10
172.426 0.28 -0.27 5.0404644e-09 6.1579836e-10 -6.158006399999999e-10
172.95 0.266 -0.244 3.64478102e-09 5.4333654e-10 -5.4333768e-10
173.46 0.332 -0.243 3.5265322399999995e-09 5.0379488e-10 -5.0379602e-10
174.058 0.258 -0.267 3.70364568e-09 5.4023688e-10 -5.402383999999999e-10
174.541 0.313 -0.224 3.46385618e-09 5.163652799999999e-10 -5.163668e-10
175.211 0.313 -0.357 4.131303e-09 5.047255e-10 -5.047274e-10
175.887 0.267 -0.363 2.90163136e-09 4.4374082e-10 -4.4374195999999995e-10
176.496 0.332 -0.342 2.7102880599999998e-09 4.1447929999999993e-10 -4.1448006e-10
177.176 0.319 -0.348 4.0633818e-09 5.0500176e-10 -5.050032799999999e-10
177.882 0.286 -0.387 2.65010404e-09 4.0527531999999996e-10 -4.0527645999999997e-10
178.459 0.286 -0.291 3.03484568e-09 4.762285399999999e-10 -4.7622968e-10
179.074 0.277 -0.33 2.99166856e-09 4.4597522e-10 -4.4597635999999996e-10
179.658 0.288 -0.306 2.99915874e-09 4.5865543999999995e-10 -4.5865657999999996e-10
180.3 0.281 -0.354 2.8575840399999998e-09 4.2598684e-10 -4.2598798e-10
180.827 0.256 -0.247 3.7650153e-09 5.4918854e-10 -5.4919006e-10
181.4 0.294 -0.316 2.9742201e-09 4.4337412e-10 -4.4337526e-10
182.004 0.327 -0.31 2.79810226e-09 4.2790849999999996e-10 -4.2790926e-10
182.678 0.372 -0.347 2.5252132399999998e-09 3.7643951399999996e-10 -3.76440388e-10
183.394 0.323 -0.345 2.72042038e-09 4.0553942000000003e-10 -4.0554055999999994e-10
184.062 0.348 -0.345 2.5751171199999997e-09 3.9380767999999996e-10 -3.9380843999999993e-10
184.707 0.334 -0.298 2.8736983199999997e-09 4.283892e-10 -4.2838996e-10
185.496 0.456 -0.455 1.95651968e-09 2.9920671799999997e-10 -2.99207364e-10
186.398 0.336 -0.447 2.27663776e-09 3.4816173799999997e-10 -3.48162498e-10
187.056 0.407 -0.321 2.4942732599999995e-09 3.71827188e-10 -3.71828062e-10
187.84 0.387 -0.378 2.3999975399999998e-09 3.57773306e-10 -3.5777414199999997e-10
188.531 0.3 -0.304 3.08416778e-09 4.5976427999999996e-10 -4.5976541999999997e-10
189.162 0.321 -0.332 2.8488599999999996e-09 4.246861e-10 -4.2468723999999997e-10
189.841 0.281 -0.358 2.91234394e-09 4.3415e-10 -4.3415075999999997e-10
190.44 0.317 -0.318 2.9286637999999997e-09 4.3658276e-10 -4.365839e-10
191.141 0.377 -0.384 2.3986793199999997e-09 3.66825286e-10 -3.66826084e-10
191.912 0.419 -0.394 2.24646538e-09 3.43547474e-10 -3.43548234e-10
192.667 0.324 -0.336 2.8182008399999997e-09 4.2011584e-10 -4.201166e-10
193.23 0.289 -0.238 3.5322519999999995e-09 5.2656106e-10 -5.265622e-10
193.801 0.322 -0.283 3.6901165399999996e-09 5.0216582e-10 -5.021669599999999e-10
194.428 0.338 -0.304 4.3121335999999996e-09 5.268168e-10 -5.2681832e-10
195.03 0.3 -0.264 3.2982111399999996e-09 4.916717399999999e-10 -4.9167288e-10
195.589 0.266 -0.259 3.48001682e-09 5.321919e-10 -5.3219304e-10
196.206 0.307 -0.352 4.105098199999999e-09 5.1905188e-10 -5.1905378e-10
196.743 0.272 -0.23 3.7075638599999998e-09 5.5269518e-10 -5.526963199999999e-10
197.335 0.298 -0.321 3.0044738e-09 4.4788395999999997e-10 -4.4788472e-10
197.917 0.261 -0.283 3.4167741799999996e-09 5.093463e-10 -5.0934744e-10
198.519 0.337 -0.341 2.6946700599999996e-09 4.1209024e-10 -4.1209137999999997e-10
199.212 0.323 -0.356 4.0756216e-09 4.979223599999999e-10 -4.9792388e-10
199.811 0.251 -0.276 3.5327991999999998e-09 5.2664238e-10 -5.2664352e-10
200.401 0.298 -0.339 4.3489328e-09 5.313122e-10 -5.313141e-10
200.964 0.258 -0.265 3.4924367399999995e-09 5.3409114e-10 -5.3409228e-10
201.523 0.338 -0.301 2.9127292599999997e-09 4.3420738e-10 -4.3420814e-10
202.137 0.25 -0.276 3.4688231599999996e-09 5.3048e-10 -5.304811399999999e-10
202.729 0.231 -0.342 3.2474211e-09 4.8410062e-10 -4.8410176e-10
203.244 0.353 -0.284 2.92086924e-09 4.3542072e-10 -4.3542186e-10
203.913 0.294 -0.316 2.99349902e-09 4.5778979999999997e-10 -4.5779055999999994e-10
204.501 0.286 -0.294 3.20758038e-09 4.781615999999999e-10 -4.7816236e-10
205.027 0.264 -0.24 3.77720456e-09 5.5692268e-10 -5.569238199999999e-10
205.546 0.317 -0.255 3.2474260399999995e-09 4.8410138e-10 -4.8410252e-10
206.168 0.322 -0.304 2.97065266e-09 4.4284212000000003e-10 -4.4284288e-10
206.796 0.267 -0.306 3.2474260399999995e-09 4.8410138e-10 -4.8410252e-10
207.331 0.262 -0.268 3.5868333e-09 5.288536e-10 -5.2885474e-10
207.881 0.308 -0.288 3.12140664e-09 4.6531531999999994e-10 -4.6531645999999995e-10
208.526 0.343 -0.337 2.7373945999999996e-09 4.0806984e-10 -4.0807059999999995e-10
209.254 0.296 -0.386 2.69452908e-09 4.0167975999999997e-10 -4.0168051999999994e-10
209.815 0.278 -0.265 3.2837449199999997e-09 5.0217646e-10 -5.021776e-10
210.416 0.281 -0.324 2.9999289999999997e-09 4.4720642e-10 -4.4720718e-10
211.049 0.37 -0.352 2.51220432e-09 3.7450006999999995e-10 -3.74500906e-10
211.833 0.3 -0.413 2.49761156e-09 3.8195471999999994e-10 -3.8195548e-10
212.457 0.318 -0.324 2.7744160999999996e-09 4.2428595999999993e-10 -4.2428672e-10
213.172 0.417 -0.396 2.23185438e-09 3.3270766999999994e-10 -3.3270839199999993e-10
214.021 0.36 -0.432 2.292084e-09 3.41686196e-10 -3.41686918e-10
214.863 0.384 -0.483 2.09442966e-09 3.12221414e-10 -3.1222205999999996e-10
215.572 0.413 -0.326 2.41338722e-09 3.69074354e-10 -3.6907515199999997e-10
216.385 0.362 -0.4 2.34004912e-09 3.5785895799999997e-10 -3.5785968e-10
217.155 0.34 -0.409 2.37895998e-09 3.6380953e-10 -3.63810252e-10
217.82 0.403 -0.325 2.49382904e-09 3.71760802e-10 -3.717616e-10
218.689 0.431 -0.466 2.03215754e-09 3.0720586999999997e-10 -3.07206516e-10
219.503 0.393 -0.383 2.33939742e-09 3.48739338e-10 -3.48740098e-10
220.285 0.36 -0.389 2.4765869199999995e-09 3.6515556599999994e-10 -3.6515636399999995e-10
221.026 0.306 -0.381 2.59466774e-09 3.9679714e-10 -3.9679789999999997e-10
221.833 0.493 -0.502 1.82464638e-09 2.72004152e-10 -2.7200475999999995e-10
222.735 0.42 -0.409 2.18878518e-09 3.2628719e-10 -3.2628787399999997e-10
223.553 0.338 -0.398 2.46376154e-09 3.6727851199999997e-10 -3.6727931e-10
224.436 0.512 -0.545 1.7171478e-09 2.5597913399999996e-10 -2.55979666e-10
225.434 0.441 -0.486 1.9577296e-09 2.9184322999999996e-10 -2.9184383799999995e-10
226.306 0.368 -0.43 2.2306057e-09 3.41121934e-10 -3.4112261799999995e-10
227.072 0.529 -0.398 1.9577721599999996e-09 2.918495e-10 -2.9185010799999996e-10
228.226 0.405 -0.625 1.7616188199999999e-09 2.6260849999999997e-10 -2.6260907e-10
229.173 0.734 -0.542 1.3968552999999998e-09 2.13618254e-10 -2.13618672e-10
230.646 0.614 -0.739 1.34024252e-09 1.9979298e-10 -1.99793398e-10
232.095 0.781 -0.835 1.0622751799999998e-09 1.71086412e-10 -1.71086716e-10
233.441 0.583 -0.565 1.58115378e-09 2.35706172e-10 -2.35706666e-10
234.707 0.719 -0.683 1.29421882e-09 1.9293207999999999e-10 -1.9293249799999998e-10
236.06 0.501 -0.634 1.5985019199999999e-09 2.38292262e-10 -2.3829275599999997e-10
237.367 0.85 -0.806 1.09542828e-09 1.63297932e-10 -1.6329827399999997e-10
238.754 0.459 -0.537 1.82118762e-09 2.7148853e-10 -2.714891e-10
239.881 0.775 -0.668 1.2347864399999999e-09 1.88833286e-10 -1.8883366599999997e-10
241.439 0.71 -0.783 1.2156048e-09 1.81212956e-10 -1.81213336e-10
242.831 0.605 -0.682 1.41067514e-09 2.10292532e-10 -2.1029295e-10
244.113 0.425 -0.678 1.6152948799999997e-09 2.47023712e-10 -2.47024206e-10
245.365 0.519 -0.826 1.3491212199999998e-09 2.0111651999999998e-10 -2.0111693799999998e-10
246.411 0.533 -0.528 1.68034328e-09 2.56971428e-10 -2.56971922e-10
247.421 0.423 -0.477 1.9792185999999997e-09 3.0267779e-10 -3.0267836e-10
248.449 0.596 -0.605 1.51099096e-09 2.2524678599999996e-10 -2.2524724199999997e-10
249.481 0.494 -0.436 1.95822056e-09 2.96028588e-10 -2.96029196e-10
250.56 0.504 -0.585 1.66656448e-09 2.4843852799999995e-10 -2.48439022e-10
251.498 0.431 -0.434 2.02273962e-09 3.1740833799999995e-10 -3.17408946e-10
252.339 0.417 -0.41 2.19343258e-09 3.2697993e-10 -3.2698057599999996e-10
253.153 0.452 -0.396 2.0609786399999998e-09 3.23408842e-10 -3.2340945e-10
254.21 0.561 -0.606 1.52671156e-09 2.33476864e-10 -2.3347732e-10
255.112 0.373 -0.34 2.54350758e-09 3.79166394e-10 -3.7916719200000003e-10
256.031 0.572 -0.546 1.594765e-09 2.4388415199999996e-10 -2.4388460799999996e-10
257.185 0.393 -0.582 1.8612171999999998e-09 2.7745586e-10 -2.7745642999999996e-10
257.928 0.426 -0.35 2.33932978e-09 3.48729192e-10 -3.4872995199999997e-10
258.787 0.404 -0.434 2.1263527e-09 3.2517876799999997e-10 -3.25179414e-10
259.596 0.513 -0.405 1.94091536e-09 2.9682016599999997e-10 -2.96820774e-10
260.514 0.368 -0.404 2.3501202599999997e-09 3.50337732e-10 -3.50338492e-10
261.33 0.462 -0.449 1.92010694e-09 3.01303254e-10 -3.0130382399999997e-10
262.326 0.568 -0.533 1.68432872e-09 2.48342502e-10 -2.4834303399999997e-10
263.318 0.392 -0.425 2.22199908e-09 3.3123839999999994e-10 -3.31239084e-10
264.129 0.634 -0.419 1.7228018199999997e-09 2.56821936e-10 -2.56822468e-10
265.29 0.612 -0.526 1.59358928e-09 2.37559926e-10 -2.3756042e-10
266.38 0.367 -0.478 2.0307317799999997e-09 3.2706265599999994e-10 -3.27063226e-10
267.325 0.411 -0.578 1.8343485399999997e-09 2.7345043199999996e-10 -2.7345100199999997e-10
268.215 0.432 -0.479 1.9560055399999997e-09 2.99127868e-10 -2.9912843799999997e-10
269.374 0.624 -0.727 1.3437495399999999e-09 2.00315746e-10 -2.00316164e-10
270.541 0.451 -0.544 1.7585518399999998e-09 2.7595200999999997e-10 -2.75952542e-10
271.48 0.43 -0.488 1.97654606e-09 2.9464819999999995e-10 -2.94648846e-10
272.506 0.44 -0.595 1.75240192e-09 2.61234534e-10 -2.61235066e-10
273.551 0.516 -0.605 1.6549334399999998e-09 2.4400845e-10 -2.44008944e-10
274.826 0.852 -0.76 1.10544926e-09 1.6905405799999998e-10 -1.690544e-10
276.325 0.641 -0.647 1.3833402199999998e-09 2.11551358e-10 -2.11551776e-10
277.556 0.531 -0.59 1.61898202e-09 2.4134529599999997e-10 -2.4134579e-10
278.704 0.775 -0.616 1.30429528e-09 1.9443422e-10 -1.94434638e-10
280.63 0.763 -1.151 9.136514799999999e-10 1.4337019999999998e-10 -1.43370504e-10
282.048 0.7 -0.655 1.3385424e-09 1.9953951999999997e-10 -1.99539938e-10
283.466 0.831 -0.717 1.1511796e-09 1.7604754e-10 -1.7604788199999998e-10
285.422 0.86 -1.125 9.139360999999999e-10 1.3624253999999998e-10 -1.36242844e-10
287.15 0.952 -0.868 9.9702196e-10 1.48628298e-10 -1.48628602e-10
288.893 0.869 -0.791 1.0931969199999998e-09 1.6296531799999998e-10 -1.6296565999999998e-10
290.545 0.816 -0.783 1.11404676e-09 1.70368858e-10 -1.7036919999999998e-10
292.248 0.825 -0.886 1.06024484e-09 1.5805305799999998e-10 -1.5805339999999998e-10
294.048 1.207 -0.976 8.312351799999999e-10 1.2391408599999998e-10 -1.23914352e-10
296.27 1.051 -1.014 8.625205799999999e-10 1.3190351e-10 -1.3190373799999998e-10
298.609 1.296 -1.288 7.023558999999999e-10 1.04701742e-10 -1.0470197e-10
301.245 1.361 -1.34 6.596773399999999e-10 1.0088312199999998e-10 -1.00883312e-10
303.864 1.025 -1.258 7.9487108e-10 1.1849319599999998e-10 -1.1849342399999998e-10
306.19 1.6 -1.301 6.140252800000001e-10 9.3901648e-11 -9.3901838e-11
309.269 1.172 -1.479 6.8451338e-10 1.0204197e-10 -1.0204219799999999e-10
311.954 1.517 -1.513 5.989027999999999e-10 8.9279822e-11 -8.9280012e-11
314.935 1.34 -1.464 6.2378482e-10 9.788431399999999e-11 -9.7884504e-11
318.25 2.591 -1.976 3.9018818e-10 5.9670678e-11 -5.967079199999999e-11
322.481 1.405 -1.639 5.853934199999999e-10 8.9523022e-11 -8.9523212e-11
325.733 2.226 -1.848 4.3736745999999997e-10 6.68857e-11 -6.6885852e-11
329.639 1.644 -1.68 3.63978022e-10 6.6453298e-11 -6.6453374e-11
333.326 2.225 -2.043 4.1743988e-10 6.383817599999999e-11 -6.3838328e-11
337.64 2.08 -2.089 4.3530406e-10 6.489176399999999e-11 -6.4891878e-11
341.758 2.436 -2.038 3.9822024e-10 6.089899e-11 -6.0899104e-11
345.327 1.237 -1.132 7.3805158e-10 1.1581506999999999e-10 -1.15815298e-10
348.251 1.611 -1.687 5.50145e-10 8.201133399999999e-11 -8.2011524e-11
352.133 2.098 -2.27 4.0795926e-10 6.23884e-11 -6.2388514e-11
356.327 1.835 -2.096 3.07684974e-10 5.6175589999999994e-11 -5.6175703999999995e-11
360.489 2.006 -2.327 4.1888198e-10 6.244368999999999e-11 -6.2443842e-11
364.71 1.932 -2.215 4.2175173999999996e-10 6.6181294e-11 -6.618144599999999e-11
368.782 1.845 -2.141 4.5534829999999996e-10 6.7879818e-11 -6.787997e-11
372.454 2.15 -1.827 4.4811803999999995e-10 6.852976999999999e-11 -6.8529922e-11
376.62 1.205 -2.017 3.7547765799999996e-10 6.8552836e-11 -6.855295e-11
379.766 2.45 -1.941 3.9834221999999995e-10 6.2507872e-11 -6.2507986e-11
384.263 1.765 -2.047 4.7595722e-10 7.0952042e-11 -7.0952194e-11
387.988 1.533 -1.959 5.102089e-10 7.8025172e-11 -7.802532399999999e-11
391.373 1.649 -1.852 5.182728799999999e-10 7.726008e-11 -7.726026999999999e-11
394.462 1.194 -1.439 6.891569799999999e-10 1.02734216e-10 -1.02734444e-10
397.28 1.518 -1.624 5.6711428e-10 8.672762800000001e-11 -8.672781799999999e-11
399.895 1.135 -1.097 8.127109399999999e-10 1.21152664e-10 -1.2115293e-10
402.546 1.46 -1.516 6.096701e-10 9.088490399999999e-11 -9.088509400000001e-11
405.677 1.138 -1.67 6.4637696e-10 9.635686599999999e-11 -9.6357056e-11
408.415 1.418 -1.601 6.0104942e-10 8.9599782e-11 -8.960001e-11
411.163 1.488 -1.33 6.322850399999999e-10 9.669407799999999e-11 -9.669426799999999e-11
413.537 1.208 -0.886 8.665797399999999e-10 1.2918301399999998e-10 -1.2918328e-10
415.581 0.865 -0.836 1.06690738e-09 1.59046302e-10 -1.59046644e-10
417.644 0.803 -1.198 9.066450399999999e-10 1.35155626e-10 -1.3515593e-10
420.361 1.684 -1.913 4.953163199999999e-10 7.574768e-11 -7.5747832e-11
423.189 0.786 -1.144 9.2306674e-10 1.4116266599999998e-10 -1.4116297e-10
425.225 0.886 -1.249 8.3459362e-10 1.2763269e-10 -1.27632956e-10
427.275 0.949 -1.165 8.4302392e-10 1.28921916e-10 -1.2892218199999999e-10
429.271 1.032 -1.046 8.7325064e-10 1.30177436e-10 -1.3017774e-10
431.225 0.812 -0.923 1.04609972e-09 1.5594447599999998e-10 -1.5594478e-10
433.053 0.796 -1.016 1.0019155999999998e-09 1.4935782199999999e-10 -1.49358126e-10
434.965 0.771 -1.117 9.61286e-10 1.43301078e-10 -1.43301382e-10
436.649 0.764 -0.914 1.06203882e-09 1.62415382e-10 -1.62415686e-10
438.278 0.651 -0.865 1.19709424e-09 1.7845350999999999e-10 -1.7845389e-10
439.948 0.967 -1.019 8.8087458e-10 1.382269e-10 -1.38227166e-10
441.615 0.9 -0.7 1.13451052e-09 1.6912401599999997e-10 -1.69124358e-10
443.2 0.689 -0.686 1.3194492999999998e-09 1.9669332e-10 -1.9669369999999999e-10
444.832 0.718 -0.942 1.0734441399999998e-09 1.6415962e-10 -1.6415992399999999e-10
446.528 0.847 -0.979 9.941100199999999e-10 1.48194262e-10 -1.48194566e-10
448.47 0.935 -1.095 8.616021199999999e-10 1.35202632e-10 -1.35202898e-10
450.226 0.923 -0.821 1.04077782e-09 1.55151112e-10 -1.5515145399999998e-10
451.917 1.012 -0.769 1.01894416e-09 1.51896336e-10 -1.51896678e-10
453.891 0.866 -0.962 9.931425399999999e-10 1.48050052e-10 -1.48050356e-10
455.541 0.836 -0.785 1.1196072999999998e-09 1.66902422e-10 -1.66902802e-10
456.984 0.536 -0.606 1.5887381999999999e-09 2.36836824e-10 -2.36837318e-10
458.285 0.585 -0.766 1.3438187e-09 2.0032612e-10 -2.00326538e-10
459.461 0.724 -0.591 1.3802075e-09 2.05750658e-10 -2.05751076e-10
460.997 0.859 -0.812 1.0862178399999999e-09 1.61924954e-10 -1.61925296e-10
462.75 1.108 -0.895 9.0582766e-10 1.3503376e-10 -1.35034064e-10
464.656 0.777 -0.797 1.11084412e-09 1.7431367599999997e-10 -1.74314018e-10
466.483 0.795 -1.05 9.4802172e-10 1.48763578e-10 -1.48763882e-10
468.349 0.964 -1.071 8.9158488e-10 1.32910586e-10 -1.3291085199999998e-10
470.422 0.793 -1.109 9.3689342e-10 1.43277176e-10 -1.4327748e-10
472.433 1.23 -1.218 7.4125612e-10 1.1050077e-10 -1.1050099799999999e-10
474.806 1.086 -1.143 7.9930834e-10 1.22236614e-10 -1.2223688e-10
477.344 1.265 -1.452 6.5589216e-10 1.00304268e-10 -1.0030449599999999e-10
479.828 1.065 -1.219 7.9437366e-10 1.1841909599999999e-10 -1.18419362e-10
481.992 1.027 -1.099 8.3811166e-10 1.28170732e-10 -1.2817099799999998e-10
484.224 1.192 -1.205 7.5722486e-10 1.12881204e-10 -1.1288147e-10
486.448 1.038 -1.032 8.843675399999999e-10 1.31834692e-10 -1.31834958e-10
488.75 1.48 -1.265 6.776311999999999e-10 1.01016008e-10 -1.01016236e-10
491.546 1.091 -1.316 7.7278434e-10 1.1520076199999999e-10 -1.1520098999999999e-10
494.225 1.279 -1.588 6.3729306e-10 9.745996799999999e-11 -9.7460158e-11
496.532 0.986 -1.028 9.2316098e-10 1.37617722e-10 -1.37618026e-10
498.774 1.569 -1.257 6.1907548e-10 9.714532799999999e-11 -9.714551799999999e-11
501.585 1.01 -1.243 8.056611799999999e-10 1.20101736e-10 -1.2010200199999998e-10
503.95 1.329 -1.354 6.5191888e-10 1.0229915399999999e-10 -1.02299344e-10
506.637 1.228 -1.359 7.0148646e-10 1.0457216199999999e-10 -1.0457238999999999e-10
509.535 1.28 -1.669 6.1518124e-10 9.170646399999999e-11 -9.1706654e-11
512.089 1.106 -1.274 7.485296999999999e-10 1.14471124e-10 -1.14471352e-10
514.585 1.226 -1.389 6.9386138e-10 1.0343546799999999e-10 -1.03435696e-10
517.715 1.488 -1.904 5.2518508e-10 8.031547e-11 -8.031566e-11
520.317 1.368 -1.114 7.311545799999999e-10 1.08994868e-10 -1.0899509599999999e-10
522.799 1.235 -1.114 7.7269732e-10 1.1518772799999999e-10 -1.1518795599999999e-10
525.707 1.222 -1.673 6.042326799999999e-10 9.4816232e-11 -9.4816422e-11
528.529 1.438 -1.601 5.9964228e-10 9.0649304e-11 -9.064945599999999e-11
531.235 1.234 -1.268 7.123080999999999e-10 1.0893182599999999e-10 -1.08932054e-10
534.096 1.13 -1.627 6.342435599999999e-10 9.952553399999999e-11 -9.952576199999999e-11
536.875 1.251 -1.649 6.2572966e-10 9.327897999999999e-11 -9.327917e-11
539.253 1.325 -1.127 7.401670399999999e-10 1.10338396e-10 -1.10338662e-10
542.521 1.364 -1.943 5.486561599999999e-10 8.178941400000001e-11 -8.1789604e-11
545.657 1.608 -1.772 5.3681574e-10 8.0024352e-11 -8.002450399999999e-11
549.093 1.615 -1.828 5.271059799999999e-10 7.8576894e-11 -7.857704599999999e-11
552.395 1.672 -1.687 5.304838e-10 8.112578199999999e-11 -8.112593399999999e-11
556.105 1.718 -2.038 4.6571052e-10 7.307932e-11 -7.3079434e-11
559.196 1.481 -1.373 6.2441182e-10 9.5490048e-11 -9.549023799999999e-11
562.899 1.952 -2.222 4.3476256e-10 6.4811052e-11 -6.4811166e-11
566.572 1.655 -1.722 5.3738688e-10 8.010951e-11 -8.0109662e-11
570.078 1.677 -1.851 4.9575332e-10 7.779363799999999e-11 -7.779378999999999e-11
573.655 1.739 -1.899 4.987671e-10 7.4352358e-11 -7.435251e-11
576.989 1.514 -1.596 5.8351356e-10 8.6985724e-11 -8.6985914e-11
580.206 1.713 -1.703 3.5415912599999997e-10 6.466060999999999e-11 -6.466072399999999e-11
583.903 2.432 -1.983 4.035201e-10 6.170949199999999e-11 -6.170960599999999e-11
588.219 1.603 -1.884 3.4692654799999996e-10 6.334014799999999e-11 -6.3340224e-11
592.241 2.124 -2.418 3.9951984e-10 5.9557324e-11 -5.955743799999999e-11
596.397 2.125 -2.033 4.2855678e-10 6.553829599999999e-11 -6.5538448e-11
600.903 1.911 -2.38 2.7427237199999997e-10 5.2035071999999994e-11 -5.203514799999999e-11
605.382 2.013 -2.568 2.4259359599999997e-10 4.9781938e-11 -4.9781976e-11
609.093 1.873 -1.698 3.3880796199999994e-10 6.1857882e-11 -6.1857958e-11
612.824 1.581 -1.858 3.75228226e-10 6.633192599999999e-11 -6.633204e-11
616.541 2.236 -2.137 3.9995417999999996e-10 6.2760838e-11 -6.276099e-11
620.982 1.965 -2.204 2.90211548e-10 5.2985375999999996e-11 -5.2985452e-11
624.985 1.759 -2.039 3.0984895999999994e-10 5.878470799999999e-11 -5.8784784e-11
628.788 1.78 -2.043 3.1641041999999995e-10 5.7768663999999996e-11 -5.7768739999999994e-11
633.573 2.526 -3.005 2.18708468e-10 3.9930704e-11 -3.9930779999999996e-11
638.324 2.025 -2.225 2.76909762e-10 5.2535455999999994e-11 -5.2535532e-11
642.194 1.955 -1.845 3.6276627799999996e-10 6.3368344e-11 -6.336841999999999e-11
646.07 1.948 -1.92 3.1277594799999994e-10 5.7105069999999995e-11 -5.7105184e-11
649.676 1.797 -1.658 3.5014180399999997e-10 6.392717199999999e-11 -6.3927248e-11
653.196 1.487 -1.724 3.7671946e-10 6.8779582e-11 -6.877965799999999e-11
656.426 1.567 -1.742 3.45757668e-10 6.8201678e-11 -6.8201754e-11
659.876 1.938 -1.883 3.16562876e-10 5.779648e-11 -5.779655599999999e-11
663.619 1.667 -1.804 3.4852935e-10 6.3632786e-11 -6.3632862e-11
667.095 2.502 -1.809 2.806376e-10 5.1237413999999996e-11 -5.1237489999999994e-11
671.787 2.485 -2.191 3.63855282e-10 5.6990917999999995e-11 -5.6991032e-11
676.554 2.347 -2.282 2.5424717e-10 4.8235907999999996e-11 -4.823594599999999e-11
681.044 1.435 -2.143 3.1979394e-10 6.3080266e-11 -6.3080342e-11
685.039 2.052 -2.559 2.62335318e-10 4.7895884e-11 -4.789596e-11
689.039 2.172 -1.948 2.93602098e-10 5.3604434e-11 -5.3604509999999994e-11
692.826 2.022 -1.615 3.7703444199999996e-10 6.466121799999999e-11 -6.466133199999999e-11
697.485 2.524 -2.637 2.3439901e-10 4.279541e-11 -4.2795485999999996e-11
702.241 1.71 -2.232 3.06851026e-10 5.6023362e-11 -5.6023438e-11
706.096 1.948 -2.144 2.9564455999999997e-10 5.397732799999999e-11 -5.3977404e-11
710.131 2.536 -2.088 2.61632318e-10 4.776752e-11 -4.7767595999999995e-11
714.682 1.75 -2.015 3.2135365e-10 5.8671164e-11 -5.867124e-11
718.604 2.531 -2.171 2.50300148e-10 4.748708e-11 -4.748711799999999e-11
723.579 2.892 -2.445 2.2665936e-10 4.138234199999999e-11 -4.1382418e-11
728.733 1.444 -2.262 3.2644272399999996e-10 5.9600302e-11 -5.960037799999999e-11
732.218 2.292 -2.041 2.71679442e-10 5.1543161999999994e-11 -5.1543238e-11
736.835 2.968 -2.325 2.2856087999999998e-10 4.1729509999999996e-11 -4.1729585999999995e-11
741.7 2.378 -1.898 2.82965936e-10 5.1662519999999993e-11 -5.1662596e-11
746.501 3.02 -2.423 2.22289588e-10 4.0584531999999996e-11 -4.0584608e-11
752.057 2.414 -2.537 2.44334756e-10 4.4609415999999994e-11 -4.4609492e-11
762.526 7.113 -5.423 2.371048e-10 5.2056998e-11 -5.2056998e-11
777.022 10.168 -7.383 1.6415665600000001e-10 3.6765228e-11 -3.6765228e-11
798.098 11.659 -10.907 1.383485e-10 2.96681846e-11 -2.96681846e-11
819.59 10.224 -9.834 1.4849700799999998e-10 3.25035166e-11 -3.25035166e-11
845.059 14.844 -15.244 9.2914294e-11 2.09771324e-11 -2.09771324e-11
871.775 15.708 -11.873 1.01840342e-10 2.2992356e-11 -2.2992356e-11
903.369 14.202 -15.886 9.520843e-11 2.1289253e-11 -2.1289253e-11
940.121 17.567 -22.55 8.072815e-11 1.6950599199999997e-11 -1.6950599199999997e-11
980.296 17.509 -22.608 7.0488062e-11 1.5786803599999998e-11 -1.5786803599999998e-11
1040.21 40.336 -42.405 3.43032536e-11 7.719722799999999e-12 -7.719722799999999e-12
1144.064 69.367 -63.518 2.64720806e-11 5.3559556e-12 -5.3559556e-12
6131.176 864.771 -1582.371 1.7689068399999997e-12 4.2123304e-13 -4.2123304e-13
11456.12 1321.549 -1153.174 5.4983758e-13 1.4175345199999999e-13 -1.4175345199999999e-13
17184.339 468.678 -1091.288 6.3780948e-13 1.68001534e-13 -1.68001534e-13
18171.744 388.907 -518.727 8.0302664e-13 2.0606085199999998e-13 -2.0606085199999998e-13
22665.127 1679.735 -792.463 4.9155698e-13 1.05149306e-13 -1.05149306e-13
37418.646 4274.682 -9712.788 2.46121364e-13 5.0149435999999994e-14 -5.0149435999999994e-14
49123.991 4133.688 -3935.775 2.12588644e-13 5.2052855999999994e-14 -5.2052855999999994e-14
61335.145 3487.698 -3992.147 2.37904206e-13 6.0825764e-14 -6.0825764e-14
80777.788 11940.52 -11314.683 1.18020818e-13 3.23850022e-14 -3.23850022e-14
132327.134 52603.88 -34993.214 7.660553e-14 2.1062465200000002e-14 -2.1062465200000002e-14
303511.825 212088.136 -113588.034 1.5925211e-14 5.3215732000000004e-15 -5.3215732000000004e-15
558489.726 38228.608 -38228.608 1.951376e-14 0.0 0.0
