col1 col2 col3 col4 col5 col6
2886.949 41.292 -53.985 2.6029858800000002e-11 5.772284100000001e-12 -5.772284100000001e-12
2993.747 54.845 -65.506 1.94220081e-11 4.4319891e-12 -4.4319891e-12
3095.545 23.252 -46.953 3.363228e-11 7.596778200000001e-12 -7.596778200000001e-12
3174.684 51.926 -55.888 2.20189893e-11 4.9820265e-12 -4.9820265e-12
3280.683 38.699 -54.072 2.5405505400000003e-11 5.719177200000001e-12 -5.719177200000001e-12
3371.431 38.214 -52.049 2.6298620700000004e-11 5.930232000000001e-12 -5.930232000000001e-12
3478.494 76.574 -68.85 1.6297617600000002e-11 3.6812655e-12 -3.6812655e-12
3604.34 61.05 -49.272 2.15987277e-11 4.8952365e-12 -4.8952365e-12
3719.966 33.18 -54.576 2.7512773200000002e-11 6.235623900000001e-12 -6.235623900000001e-12
3783.436 37.408 -30.29 3.5939342999999996e-11 8.0497692e-12 -8.0497692e-12
3860.217 53.397 -39.374 2.57913513e-11 5.8854378e-12 -5.8854378e-12
3959.051 29.782 -45.437 3.1935288e-11 7.2134667000000005e-12 -7.2134667000000005e-12
4044.88 41.739 -56.047 2.46168615e-11 5.5982883e-12 -5.5982883e-12
4130.887 40.98 -44.269 2.81407302e-11 6.3671355000000005e-12 -6.3671355000000005e-12
4240.062 47.142 -68.195 2.0788201500000002e-11 4.6876566e-12 -4.6876566e-12
4344.217 60.83 -57.014 2.00629968e-11 4.5549042e-12 -4.5549042e-12
4456.406 71.5 -51.359 1.95235887e-11 4.3950654e-12 -4.3950654e-12
4586.995 43.71 -59.09 2.3201739000000004e-11 5.2318992e-12 -5.2318992e-12
4695.939 70.161 -65.234 1.7550660600000003e-11 3.9777639000000004e-12 -3.9777639000000004e-12
4832.639 61.334 -66.539 1.8512571e-11 4.1886636e-12 -4.1886636e-12
4967.509 91.947 -73.536 1.65742302e-11 3.7886178e-12 -3.7886178e-12
5100.977 53.758 -41.52 2.46931344e-11 5.5870815000000005e-12 -5.5870815000000005e-12
5203.419 39.071 -48.685 2.6761716300000002e-11 6.044870700000001e-12 -6.044870700000001e-12
5330.001 65.434 -87.51 1.90194642e-11 3.876632100000001e-12 -3.876632100000001e-12
8694.606 47.686 -35.055 1.50759246e-11 3.3914529e-12 -3.3914529e-12
8798.795 46.297 -56.503 1.2185850600000001e-11 2.74462518e-12 -2.74462518e-12
8869.523 35.744 -24.431 2.09550033e-11 4.7140005e-12 -4.7140005e-12
8952.768 22.704 -47.501 1.78475583e-11 4.014954900000001e-12 -4.014954900000001e-12
9012.997 30.173 -37.525 1.9493090100000002e-11 4.273302e-12 -4.273302e-12
9094.422 31.488 -51.253 1.5046861500000003e-11 3.4013595e-12 -3.4013595e-12
9171.064 42.603 -45.153 1.4970981300000002e-11 3.29331585e-12 -3.29331585e-12
9266.887 54.594 -53.221 1.16914974e-11 2.62692375e-12 -2.62692375e-12
9370.344 31.371 -48.863 1.65580503e-11 3.6340557000000003e-12 -3.6340557000000003e-12
9433.393 31.005 -31.678 2.1352758900000002e-11 4.6702425e-12 -4.6702425e-12
9513.259 43.909 -48.861 1.4291323200000001e-11 3.1693916100000003e-12 -3.1693916100000003e-12
9589.62 35.245 -32.452 1.88350635e-11 4.2319893e-12 -4.2319893e-12
9662.826 39.766 -37.961 1.61371551e-11 3.6345804000000003e-12 -3.6345804000000003e-12
9741.925 45.916 -39.333 8.5022091e-12 1.9128747e-12 -1.9128747e-12
9834.32 36.262 -46.479 1.6004006700000002e-11 3.5045538000000002e-12 -3.5045538000000002e-12
9938.352 62.61 -67.77 1.03727448e-11 2.27654394e-12 -2.27654394e-12
10053.812 52.458 -52.849 1.2089051700000002e-11 2.71624881e-12 -2.71624881e-12
10176.056 63.33 -69.786 1.1403625200000001e-11 2.5809366e-12 -2.5809366e-12
10297.927 46.766 -58.542 1.32767118e-11 2.83680177e-12 -2.83680177e-12
10383.914 41.013 -39.222 1.56047694e-11 3.5360655e-12 -3.5360655e-12
10483.231 36.974 -58.304 1.3748304900000002e-11 3.00356364e-12 -3.00356364e-12
10593.969 61.631 -73.764 9.316494e-12 2.09835912e-12 -2.09835912e-12
10724.127 46.809 -68.527 1.07508885e-11 2.4302503500000003e-12 -2.4302503500000003e-12
10818.165 35.513 -47.228 1.50582465e-11 3.3874764000000004e-12 -3.3874764000000004e-12
10920.7 50.821 -67.022 1.0500586800000002e-11 2.36791764e-12 -2.36791764e-12
11059.501 122.629 -87.979 8.8811712e-12 1.6345655700000002e-12 -1.6345655700000002e-12
14502.512 54.06 -53.754 6.698072700000001e-12 1.51069677e-12 -1.51069677e-12
14612.824 54.07 -56.252 6.5537340000000005e-12 1.4854870800000001e-12 -1.4854870800000001e-12
14703.734 35.872 -36.84 1.0002854400000001e-11 2.24496162e-12 -2.24496162e-12
14790.186 32.162 -50.58 1.29750192e-11 2.78172114e-12 -2.78172114e-12
14868.07 67.106 -45.723 1.1345367000000001e-11 2.5522358400000004e-12 -2.5522358400000004e-12
15015.058 80.586 -79.882 7.935041400000001e-12 1.7915508600000001e-12 -1.7915508600000001e-12
15163.272 72.782 -67.627 9.122322000000001e-12 2.0646209100000003e-12 -2.0646209100000003e-12
15308.593 47.812 -72.539 9.5160384e-12 2.14076478e-12 -2.14076478e-12
15418.189 38.508 -61.784 7.3288611e-12 1.65706266e-12 -1.65706266e-12
15490.532 33.862 -33.835 1.0921967100000001e-11 2.44522377e-12 -2.44522377e-12
15557.231 29.847 -32.836 1.1799123600000002e-11 2.6579120700000005e-12 -2.6579120700000005e-12
15625.802 31.481 -38.724 1.0521215100000001e-11 2.36712267e-12 -2.36712267e-12
15712.277 62.849 -54.995 6.2505630000000005e-12 1.40110344e-12 -1.40110344e-12
15811.208 46.66 -36.082 8.948963100000001e-12 2.01338907e-12 -2.01338907e-12
15918.385 52.312 -60.517 6.4725672e-12 1.4616426e-12 -1.4616426e-12
16011.176 32.233 -40.48 1.0041820800000001e-11 2.2564832400000003e-12 -2.2564832400000003e-12
16108.561 57.706 -65.152 5.980603200000001e-12 1.3422393600000003e-12 -1.3422393600000003e-12
16234.289 67.374 -68.022 8.9666181e-12 2.0368606500000002e-12 -2.0368606500000002e-12
16349.659 47.281 -47.997 8.492526900000001e-12 1.91305653e-12 -1.91305653e-12
16466.042 123.962 -69.101 8.4941703e-12 1.91736963e-12 -1.91736963e-12
16737.859 52.73 -147.855 6.2653569000000005e-12 1.4143813200000002e-12 -1.4143813200000002e-12
16887.053 79.047 -96.463 6.7971948e-12 1.1885379000000001e-12 -1.1885379000000001e-12
20435.678 76.365 -203.135 7.2802092e-12 1.6026631500000002e-12 -1.6026631500000002e-12
20571.942 52.93 -59.899 6.501356400000001e-12 1.4627091600000001e-12 -1.4627091600000001e-12
20686.994 40.677 -62.122 7.470101100000001e-12 1.6358370600000002e-12 -1.6358370600000002e-12
20799.586 76.018 -71.914 4.859151e-12 1.09865448e-12 -1.09865448e-12
20949.645 71.382 -74.042 5.2067928e-12 1.15371729e-12 -1.15371729e-12
21073.468 65.404 -52.44 7.4685039e-12 1.6373857500000001e-12 -1.6373857500000001e-12
21220.69 61.098 -81.819 5.011116e-12 1.13724006e-12 -1.13724006e-12
21348.935 80.784 -67.147 4.8951540000000005e-12 1.09998141e-12 -1.09998141e-12
21491.753 53.303 -62.034 6.2793126000000005e-12 1.41449649e-12 -1.41449649e-12
21616.868 81.134 -71.812 4.7123175e-12 1.0667771400000001e-12 -1.0667771400000001e-12
21771.686 76.755 -73.684 5.044650600000001e-12 1.11514755e-12 -1.11514755e-12
21937.524 63.863 -89.083 4.7478519000000005e-12 1.07083713e-12 -1.07083713e-12
22051.645 40.006 -50.258 8.0345925e-12 1.8121326300000002e-12 -1.8121326300000002e-12
22165.593 46.408 -73.943 6.072293700000001e-12 1.3678632e-12 -1.3678632e-12
22303.323 89.206 -91.321 3.967256700000001e-12 9.0146397e-13 -9.0146397e-13
22445.275 70.112 -52.746 5.9329116000000005e-12 1.33481733e-12 -1.33481733e-12
22637.846 115.726 -122.459 4.6936329000000005e-12 8.531169900000001e-13 -8.531169900000001e-13
26112.666 65.076 -96.386 5.402291400000001e-12 1.2154388400000002e-12 -1.2154388400000002e-12
26235.388 67.72 -57.646 7.3483707e-12 1.6573662600000002e-12 -1.6573662600000002e-12
26379.886 103.748 -76.779 4.0621548e-12 9.1959681e-13 -9.1959681e-13
26590.131 91.58 -106.497 3.6881922e-12 8.359764600000001e-13 -8.359764600000001e-13
26760.759 106.493 -79.048 3.9322767e-12 8.9019513e-13 -8.9019513e-13
26970.762 72.003 -103.509 4.1520336e-12 9.4111149e-13 -9.4111149e-13
27145.089 103.275 -102.324 3.14636619e-12 7.560194400000001e-13 -7.560194400000001e-13
27352.51 101.454 -104.146 2.9914348200000004e-12 7.361445300000001e-13 -7.361445300000001e-13
27525.004 86.92 -71.041 4.6126773e-12 1.04293134e-12 -1.04293134e-12
27694.745 110.243 -82.821 3.793663500000001e-12 8.5988265e-13 -8.5988265e-13
27906.726 73.774 -101.739 4.208711100000001e-12 9.457338e-13 -9.457338e-13
28081.842 79.184 -101.342 3.20688027e-12 8.2315695e-13 -8.2315695e-13
28241.094 87.923 -80.067 4.3756317e-12 9.8567073e-13 -9.8567073e-13
28432.889 106.73 -103.873 3.8319039e-12 8.280363300000001e-13 -8.280363300000001e-13
31941.266 108.285 -138.864 2.8349376000000003e-12 7.413516000000001e-13 -7.413516000000001e-13
32146.774 103.361 -97.223 3.1987259700000003e-12 7.8235146e-13 -7.8235146e-13
32352.15 70.989 -102.015 3.2372818500000004e-12 8.4118089e-13 -8.4118089e-13
32529.983 78.698 -106.843 3.0290577900000003e-12 7.912707e-13 -7.912707e-13
32723.832 77.911 -115.152 3.8924358e-12 8.7661035e-13 -8.7661035e-13
32929.636 97.766 -127.892 2.47785714e-12 6.438507900000001e-13 -6.438507900000001e-13
33101.476 113.975 -74.074 3.1820906700000004e-12 8.042621400000001e-13 -8.042621400000001e-13
33308.094 87.883 -92.644 3.08965008e-12 8.062395e-13 -8.062395e-13
33483.95 90.047 -87.973 3.1518329700000006e-12 8.233427400000001e-13 -8.233427400000001e-13
33686.634 105.499 -112.638 3.4844238000000004e-12 7.828533900000001e-13 -7.828533900000001e-13
33903.885 93.848 -111.752 3.8656662e-12 8.499549300000001e-13 -8.499549300000001e-13
34157.061 166.61 -159.328 2.44626162e-12 5.3745879e-13 -5.3745879e-13
37674.199 141.398 -86.767 2.42827728e-12 6.343335900000001e-13 -6.343335900000001e-13
37977.722 133.737 -162.125 1.86202797e-12 4.8745323e-13 -4.8745323e-13
38235.03 102.087 -123.571 2.4566942400000005e-12 6.3903114e-13 -6.3903114e-13
38413.428 89.172 -76.311 4.457514600000001e-12 1.00627725e-12 -1.00627725e-12
38596.954 121.275 -94.354 3.4208328000000005e-12 7.722481800000001e-13 -7.722481800000001e-13
38841.439 125.014 -123.21 2.4033494100000004e-12 6.251552999999999e-13 -6.251552999999999e-13
39073.597 98.455 -107.145 3.5905815000000003e-12 8.099223000000002e-13 -8.099223000000002e-13
39272.691 142.571 -100.638 2.27465931e-12 5.9293971e-13 -5.9293971e-13
39526.48 89.367 -111.218 2.7581532e-12 7.189729800000001e-13 -7.189729800000001e-13
39696.777 122.162 -80.93 2.7355587600000003e-12 7.100610000000001e-13 -7.100610000000001e-13
39979.372 130.409 -160.432 3.1783672800000002e-12 6.401270700000001e-13 -6.401270700000001e-13
43480.649 100.334 -102.758 3.6162489000000002e-12 8.170037700000001e-13 -8.170037700000001e-13
43727.953 91.224 -146.97 2.33803713e-12 6.0751614e-13 -6.0751614e-13
43938.089 119.283 -118.911 3.4316172e-12 7.7652993e-13 -7.7652993e-13
44180.177 127.537 -122.805 2.37959931e-12 6.008300100000001e-13 -6.008300100000001e-13
44432.778 95.579 -125.064 2.4942060000000002e-12 6.501617100000001e-13 -6.501617100000001e-13
44635.473 198.776 -107.116 1.7947145700000003e-12 4.673295e-13 -4.673295e-13
44975.493 132.053 -141.244 1.9974546900000003e-12 5.240152500000001e-13 -5.240152500000001e-13
45187.498 113.112 -79.952 2.85647142e-12 7.469744700000001e-13 -7.469744700000001e-13
45435.809 158.157 -135.199 1.86911571e-12 4.9245339e-13 -4.9245339e-13
45728.451 166.383 -134.485 2.18273319e-12 5.2272957e-13 -5.2272957e-13
49348.059 146.911 -179.741 1.68704943e-12 4.4544852000000005e-13 -4.4544852000000005e-13
49706.815 184.309 -211.845 1.55308692e-12 3.8417808000000003e-13 -3.8417808000000003e-13
50007.126 159.802 -116.002 1.97858034e-12 5.2018296e-13 -5.2018296e-13
50352.665 125.17 -185.737 1.74892773e-12 4.5980583e-13 -4.5980583e-13
50631.613 164.65 -153.778 1.70760051e-12 4.4894058000000003e-13 -4.4894058000000003e-13
50932.643 182.05 -136.379 1.7053740000000001e-12 4.4980254e-13 -4.4980254e-13
51293.573 111.968 -178.88 1.87351989e-12 4.9150761e-13 -4.9150761e-13
51558.322 123.013 -152.781 1.9772751900000002e-12 5.1928305e-13 -5.1928305e-13
55328.669 446.531 -333.239 1.1381907900000002e-12 2.4102282600000005e-13 -2.4102282600000005e-13
61240.509 163.527 -290.296 1.26418941e-12 3.3181005000000006e-13 -3.3181005000000006e-13
61533.936 103.279 -129.9 2.4978904500000002e-12 6.516272400000001e-13 -6.516272400000001e-13
61886.208 239.933 -248.992 1.18611471e-12 3.1017812100000005e-13 -3.1017812100000005e-13
62378.201 144.096 -252.06 1.45238016e-12 3.7934556000000004e-13 -3.7934556000000004e-13
62811.806 442.616 -289.509 1.2498868799999999e-12 2.5873716e-13 -2.5873716e-13
66881.598 301.218 -300.536 9.5867673e-13 2.5332945000000003e-13 -2.5332945000000003e-13
67545.504 226.53 -362.688 9.829710000000002e-13 2.57368782e-13 -2.57368782e-13
68073.356 187.604 -301.322 1.19775117e-12 3.1418003100000006e-13 -3.1418003100000006e-13
68634.823 403.394 -373.863 1.4585943900000002e-12 2.74359987e-13 -2.74359987e-13
72591.301 166.706 -285.611 1.3416942000000001e-12 3.5193345e-13 -3.5193345e-13
73089.507 232.644 -331.501 1.01503479e-12 2.6739372e-13 -2.6739372e-13
73534.886 183.42 -212.735 1.45476804e-12 3.8066193000000006e-13 -3.8066193000000006e-13
73894.341 157.438 -176.035 1.7362973100000001e-12 4.5239601e-13 -4.5239601e-13
74405.082 420.735 -353.304 9.5039241e-13 2.21295954e-13 -2.21295954e-13
78441.652 229.982 -354.221 9.914477100000002e-13 2.5895363999999997e-13 -2.5895363999999997e-13
79234.939 449.648 -563.305 5.5960872e-13 1.4906816099999999e-13 -1.4906816099999999e-13
80201.704 408.082 -517.117 7.476503100000001e-13 1.7946502200000002e-13 -1.7946502200000002e-13
84090.843 141.204 -217.341 1.65078804e-12 4.3011573000000004e-13 -4.3011573000000004e-13
84538.746 167.182 -306.699 1.2418345500000002e-12 3.26137548e-13 -3.26137548e-13
85449.387 946.459 -743.458 6.587044200000001e-13 1.25844774e-13 -1.25844774e-13
89982.931 433.955 -323.252 7.7161524e-13 2.03897727e-13 -2.03897727e-13
91224.488 959.753 -807.602 4.9995033e-13 1.10492448e-13 -1.10492448e-13
95838.209 263.838 -390.57 8.911772100000001e-13 2.3476701600000005e-13 -2.3476701600000005e-13
96609.675 319.785 -507.628 6.896168400000001e-13 1.83358923e-13 -1.83358923e-13
97419.299 548.178 -489.839 7.4315274e-13 1.7072381700000002e-13 -1.7072381700000002e-13
101830.854 651.038 -595.095 4.4673915000000004e-13 1.2073149e-13 -1.2073149e-13
103107.1 645.988 -625.207 5.2701693e-13 1.29689901e-13 -1.29689901e-13
108270.455 1270.2 -1253.858 4.2505617000000003e-13 8.421151200000001e-14 -8.421151200000001e-14
114036.871 1288.555 -1233.385 4.0426716000000006e-13 8.2793304e-14 -8.2793304e-14
119235.331 426.272 -645.846 5.8678488e-13 1.57481676e-13 -1.57481676e-13
120365.385 745.434 -703.782 6.7945944e-13 1.36769325e-13 -1.36769325e-13
125585.825 1311.529 -1208.318 2.47384863e-13 6.495357e-14 -6.495357e-14
133551.73 4335.699 -3391.442 3.25656111e-13 5.620263000000001e-14 -5.620263000000001e-14
465713.892 54581.107 -28798.806 2.80660875e-14 6.8799621e-15 -6.8799621e-15
1056173.226 42344.623 -87032.219 9.320985300000001e-15 3.716357700000001e-15 -3.716357700000001e-15
1160253.19 47644.164 -58046.901 2.584527e-14 0.0 0.0
