col1 col2 col3 col4 col5 col6
105.988 0.232 -0.273 6.694492e-09 8.1829256e-10 -8.1829209e-10
106.545 0.27 -0.324 5.5254798e-09 6.8571872e-10 -6.8571825e-10
107.087 0.299 -0.272 5.815074999999999e-09 7.1042568e-10 -7.1042568e-10
107.65 0.304 -0.264 5.8515235e-09 7.1487893e-10 -7.1487846e-10
108.269 0.289 -0.316 5.3656469e-09 6.764752300000001e-10 -6.764752300000001e-10
108.897 0.325 -0.338 4.9478498e-09 6.1403432e-10 -6.1403432e-10
109.498 0.293 -0.277 5.833358e-09 7.126595899999999e-10 -7.1265912e-10
110.084 0.369 -0.293 4.9039941e-09 6.182727800000001e-10 -6.1827231e-10
110.716 0.294 -0.263 4.26911716e-09 6.4988216e-10 -6.4988169e-10
111.242 0.301 -0.233 4.27191037e-09 6.2985969e-10 -6.2985969e-10
111.842 0.236 -0.298 4.10849701e-09 6.269536799999999e-10 -6.269536799999999e-10
112.438 0.278 -0.361 3.4923021e-09 5.2060255e-10 -5.2060208e-10
112.996 0.236 -0.28 4.6114294400000005e-09 6.6560366e-10 -6.6560319e-10
113.483 0.347 -0.251 3.73128817e-09 5.5622855e-10 -5.5622808e-10
114.152 0.27 -0.322 3.7013552799999998e-09 5.6482438e-10 -5.648239100000001e-10
114.647 0.288 -0.225 4.27969827e-09 6.530791e-10 -6.5307863e-10
115.219 0.274 -0.284 3.9253225e-09 5.9900137e-10 -5.9900137e-10
115.889 0.41 -0.396 2.7675809e-09 4.12567222e-10 -4.1256708099999997e-10
116.689 0.384 -0.39 2.88226654e-09 4.2966351899999996e-10 -4.2966337799999997e-10
117.479 0.401 -0.406 2.76156161e-09 4.11669898e-10 -4.11669804e-10
118.348 0.416 -0.467 2.48508176e-09 3.7922175599999996e-10 -3.7922166199999995e-10
119.274 0.437 -0.511 2.35227762e-09 3.50657365e-10 -3.50657271e-10
120.181 0.374 -0.469 2.60047804e-09 3.9683115199999996e-10 -3.9683105799999994e-10
120.933 0.353 -0.378 2.94754578e-09 4.6053702e-10 -4.60536879e-10
121.793 0.452 -0.507 2.32613434e-09 3.46760125e-10 -3.46760031e-10
122.843 0.647 -0.598 1.7911178300000002e-09 2.6700446199999996e-10 -2.67004368e-10
124.147 0.69 -0.657 1.62824967e-09 2.4846973e-10 -2.4846968300000003e-10
125.237 0.457 -0.4 2.60121547e-09 3.87766873e-10 -3.87766779e-10
126.253 0.568 -0.558 1.99126169e-09 3.00390677e-10 -3.00390583e-10
127.46 0.609 -0.639 1.75569299e-09 2.67917531e-10 -2.6791748399999996e-10
128.755 0.713 -0.686 1.59497837e-09 2.37765715e-10 -2.37765621e-10
130.211 0.555 -0.742 1.6906778900000001e-09 2.57996301e-10 -2.57996207e-10
131.491 0.642 -0.726 1.60271786e-09 2.44573665e-10 -2.44573571e-10
133.077 0.567 -0.944 1.4766366e-09 2.20124359e-10 -2.2012426499999999e-10
134.596 0.875 -0.952 1.2207013900000001e-09 1.81971686e-10 -1.8197159199999998e-10
136.281 0.892 -0.81 1.30998353e-09 1.9528114600000002e-10 -1.95281052e-10
138.19 0.98 -1.016 1.11717919e-09 1.6653947099999999e-10 -1.66539424e-10
140.044 1.239 -0.874 1.05507903e-09 1.5728216300000001e-10 -1.57282116e-10
142.029 0.72 -0.746 1.52116299e-09 2.2676193400000002e-10 -2.2676184e-10
143.754 1.126 -1.005 1.04626841e-09 1.55968748e-10 -1.55968701e-10
146.105 0.737 -1.224 1.13742209e-09 1.69557106e-10 -1.69557059e-10
147.914 1.367 -1.072 8.988186e-10 1.37159113e-10 -1.3715906599999999e-10
150.339 1.148 -1.058 1.01083323e-09 1.50686371e-10 -1.50686324e-10
152.875 1.3 -1.388 8.155374199999999e-10 1.24450454e-10 -1.24450407e-10
155.847 1.678 -1.672 6.6565583e-10 9.923025400000001e-11 -9.923025400000001e-11
158.771 1.474 -1.246 8.058822099999999e-10 1.2297709800000002e-10 -1.22977051e-10
161.931 2.158 -1.685 5.7040986e-10 8.7044141e-11 -8.7044141e-11
166.155 1.611 -2.067 5.9607374e-10 9.0960416e-11 -9.0960369e-11
169.222 1.137 -1.456 8.6622692e-10 1.2912968e-10 -1.2912963299999999e-10
171.902 1.367 -1.542 7.8562239e-10 1.17113801e-10 -1.17113801e-10
174.939 2.002 -1.67 6.223340499999999e-10 9.2772219e-11 -9.2772219e-11
178.71 2.372 -1.77 5.4967205e-10 8.1940411e-11 -8.1940364e-11
183.079 1.929 -1.997 5.6787233e-10 8.4653533e-11 -8.4653486e-11
186.93 1.905 -1.922 5.826575899999999e-10 8.6857598e-11 -8.6857551e-11
190.397 1.768 -1.561 6.585264e-10 1.0049070000000001e-10 -1.00490653e-10
194.362 1.992 -2.198 5.3214669e-10 7.9327822e-11 -7.9327822e-11
197.914 1.511 -1.56 7.0156289e-10 1.0961513900000001e-10 -1.09615092e-10
201.043 1.775 -1.618 6.571634e-10 9.7964309e-11 -9.7964262e-11
204.531 2.575 -1.713 5.2000142e-10 7.7517335e-11 -7.7517335e-11
208.949 2.206 -1.844 5.4132579e-10 8.2605931e-11 -8.2605931e-11
212.704 1.82 -1.549 4.37152687e-10 8.266942799999999e-11 -8.2669381e-11
216.789 2.105 -2.264 5.142646000000001e-10 7.847641699999999e-11 -7.847641699999999e-11
221.262 2.204 -2.368 4.830189999999999e-10 7.5468934e-11 -7.5468887e-11
225.254 2.21 -1.788 3.8118062200000003e-10 6.959379299999999e-11 -6.959379299999999e-11
230.122 2.142 -2.658 3.17463991e-10 5.7960776e-11 -5.7960776e-11
233.87 1.89 -1.606 4.08054329e-10 7.996824399999999e-11 -7.9968197e-11
237.887 2.1 -2.127 5.1854771e-10 7.9129999e-11 -7.9129952e-11
241.755 1.797 -1.768 4.1690790699999997e-10 7.6116688e-11 -7.6116688e-11
246.12 1.813 -2.568 3.38244289e-10 6.3964979e-11 -6.3964979e-11
250.106 1.342 -2.173 4.1149956999999997e-10 8.0643399e-11 -8.0643399e-11
253.322 1.71 -1.874 4.2526295599999996e-10 7.764212e-11 -7.764207299999999e-11
268.221 12.79 -9.776 4.4614796999999996e-10 8.153757399999999e-11 -8.153757399999999e-11
292.82 15.771 -11.81 2.40097056e-10 5.4180613e-11 -5.4180613e-11
316.697 11.952 -8.107 3.33771957e-10 7.4747108e-11 -7.4747108e-11
339.625 14.097 -10.976 2.7997265499999995e-10 6.1450244e-11 -6.1450244e-11
361.774 9.499 -8.052 4.19079871e-10 8.959534800000001e-11 -8.959534800000001e-11
385.388 10.959 -14.115 2.64277052e-10 5.9728493e-11 -5.9728493e-11
411.231 15.204 -14.884 2.31285496e-10 5.1060894e-11 -5.1060894e-11
438.725 12.782 -12.291 2.7904558e-10 6.1246781e-11 -6.1246781e-11
464.118 9.955 -12.611 2.95292963e-10 6.6331476e-11 -6.6331476e-11
487.522 19.147 -13.449 2.05298491e-10 4.61864676e-11 -4.61864676e-11
533.495 13.29 -26.827 1.7430692599999999e-10 3.84817435e-11 -3.84817435e-11
560.024 11.834 -13.239 2.67292901e-10 6.0041842e-11 -6.0041842e-11
589.45 12.496 -17.592 2.2219832799999998e-10 5.006487e-11 -5.006487e-11
615.331 14.195 -13.385 2.54357655e-10 5.5828104e-11 -5.5828104e-11
649.603 15.026 -20.076 2.0850060099999998e-10 4.4699115e-11 -4.4699115e-11
682.249 12.468 -17.62 2.22769754e-10 5.0040618000000004e-11 -5.0040618000000004e-11
705.824 13.966 -11.108 2.67671439e-10 6.0126865e-11 -6.0126865e-11
738.033 14.352 -18.243 2.0500601e-10 4.6261902600000003e-11 -4.6261902600000003e-11
778.99 16.019 -26.605 1.6348094599999998e-10 3.60916901e-11 -3.60916901e-11
817.631 17.495 -22.622 1.6678485800000002e-10 3.75793341e-11 -3.75793341e-11
850.473 12.233 -15.347 2.6693603e-10 5.7147440999999994e-11 -5.7147440999999994e-11
885.865 16.959 -23.158 1.66668627e-10 3.7495824499999997e-11 -3.7495824499999997e-11
926.638 26.332 -23.814 1.31913349e-10 2.99511307e-11 -2.99511307e-11
969.986 18.086 -17.016 1.90594917e-10 4.28132165e-11 -4.28132165e-11
1007.773 27.938 -19.701 1.40360236e-10 3.16254352e-11 -3.16254352e-11
1057.44 23.403 -21.728 1.4637445e-10 3.31834429e-11 -3.31834429e-11
1101.845 19.115 -21.002 1.6746743900000002e-10 3.75037628e-11 -3.75037628e-11
1141.453 22.132 -20.493 1.5751951299999999e-10 3.54375253e-11 -3.54375253e-11
1186.699 24.524 -23.115 1.4051763899999998e-10 3.15643869e-11 -3.15643869e-11
1227.861 18.464 -16.638 1.9137093400000002e-10 4.2856870099999994e-11 -4.2856870099999994e-11
1268.437 33.049 -22.112 1.20369538e-10 2.7162728799999998e-11 -2.7162728799999998e-11
1344.776 36.945 -43.289 8.6257032e-11 1.9211428599999998e-11 -1.9211428599999998e-11
1417.449 24.447 -35.728 1.1006821900000001e-10 2.4991159600000003e-11 -2.4991159600000003e-11
1488.489 33.641 -46.593 8.302221e-11 1.87636173e-11 -1.87636173e-11
1547.089 20.173 -24.958 1.5467653e-10 3.4098095799999997e-11 -3.4098095799999997e-11
1600.555 26.883 -33.293 1.1611049199999999e-10 2.54847019e-11 -2.54847019e-11
1648.937 16.11 -21.499 1.9576383599999997e-10 4.1852466e-11 -4.1852466e-11
1688.575 21.604 -23.528 1.54189939e-10 3.39908324e-11 -3.39908324e-11
1726.313 21.476 -16.134 1.86256864e-10 4.0821558599999996e-11 -4.0821558599999996e-11
1780.262 30.209 -32.473 1.06651742e-10 2.3993688e-11 -2.3993688e-11
1847.723 45.49 -37.252 8.4071673e-11 1.85605068e-11 -1.85605068e-11
1914.492 21.346 -21.279 1.56588772e-10 3.50675272e-11 -3.50675272e-11
1961.517 21.96 -25.679 1.47346363e-10 3.22468175e-11 -3.22468175e-11
2039.379 66.946 -55.902 8.0086543e-11 1.4923604500000002e-11 -1.4923604500000002e-11
5451.646 51.502 -48.79 2.3337046299999998e-11 5.2678305e-12 -5.2678305e-12
5529.449 33.875 -26.301 4.03196362e-11 9.0346126e-12 -9.0346126e-12
5589.353 44.176 -26.029 3.40416582e-11 7.6438779e-12 -7.6438779e-12
5663.839 37.387 -30.31 3.5678071299999995e-11 8.036605199999999e-12 -8.036605199999999e-12
5744.684 34.268 -43.458 3.1382699e-11 7.0468228e-12 -7.0468228e-12
5812.152 34.498 -33.2 3.75315727e-11 8.427518299999999e-12 -8.427518299999999e-12
5894.384 27.486 -47.734 3.1687503399999996e-11 7.1377161000000006e-12 -7.1377161000000006e-12
5970.449 41.684 -48.579 2.6682464e-11 5.9788699999999995e-12 -5.9788699999999995e-12
6063.36 46.558 -51.228 2.4880662599999997e-11 5.5926851e-12 -5.5926851e-12
6169.183 30.998 -59.265 2.68332165e-11 6.0379208e-12 -6.0379208e-12
6256.129 44.344 -55.948 2.40712145e-11 5.4221221e-12 -5.4221221e-12
6369.723 53.609 -69.249 2.00740384e-11 4.51699375e-12 -4.51699375e-12
6492.831 88.461 -69.499 1.54346214e-11 3.4840300999999997e-12 -3.4840300999999997e-12
6670.231 101.617 -88.939 1.27679589e-11 2.8973577699999998e-12 -2.8973577699999998e-12
6868.25 91.647 -96.401 1.2809051e-11 2.89747292e-12 -2.89747292e-12
7032.363 75.466 -72.466 1.67343265e-11 3.76550229e-12 -3.76550229e-12
7182.53 65.709 -74.701 1.7327302e-11 3.91126104e-12 -3.91126104e-12
7315.678 70.464 -67.439 1.77427585e-11 4.00504155e-12 -4.00504155e-12
7440.798 60.681 -54.656 2.21698154e-11 4.8717662e-12 -4.8717662e-12
7605.507 76.498 -104.029 1.41564376e-11 3.12335586e-12 -3.12335586e-12
7799.518 88.072 -117.513 2.15940419e-11 3.56412233e-12 -3.56412233e-12
11155.056 74.827 -88.149 1.1139752e-11 2.52681588e-12 -2.52681588e-12
11294.247 91.089 -64.364 1.16325188e-11 2.63858893e-12 -2.63858893e-12
11462.69 75.592 -77.354 1.1906773199999999e-11 2.6911053199999997e-12 -2.6911053199999997e-12
11576.407 42.108 -38.126 2.42789874e-11 5.3160901e-12 -5.3160901e-12
11723.832 87.747 -105.316 9.6495559e-12 2.180941e-12 -2.180941e-12
11867.958 68.986 -56.38 1.49806202e-11 3.35373858e-12 -3.35373858e-12
12015.24 59.607 -78.295 1.03490381e-11 2.33350817e-12 -2.33350817e-12
12126.348 41.269 -51.502 1.12679445e-11 2.52875181e-12 -2.52875181e-12
12213.974 61.458 -46.357 9.7859687e-12 2.19350739e-12 -2.19350739e-12
12341.196 59.601 -65.765 8.3555284e-12 1.88888441e-12 -1.88888441e-12
12445.516 58.082 -44.718 1.0199629799999999e-11 2.2973553e-12 -2.2973553e-12
12549.391 34.44 -45.794 1.43651458e-11 3.0795669000000002e-12 -3.0795669000000002e-12
12630.445 38.635 -46.613 1.22687437e-11 2.75335165e-12 -2.75335165e-12
12715.919 58.468 -46.839 9.843962e-12 2.22536587e-12 -2.22536587e-12
12815.479 39.143 -41.091 1.3010384900000001e-11 2.9092102300000003e-12 -2.9092102300000003e-12
12894.302 35.539 -39.681 1.4537936599999999e-11 3.18342421e-12 -3.18342421e-12
12962.418 40.135 -32.577 1.4525241899999999e-11 3.2558084400000003e-12 -3.2558084400000003e-12
13043.147 32.119 -40.593 1.4424708899999998e-11 3.2371926799999996e-12 -3.2371926799999996e-12
13147.157 55.982 -71.891 8.0876942e-12 1.82610745e-12 -1.82610745e-12
13271.152 67.383 -68.013 1.34494307e-11 3.0252903600000002e-12 -3.0252903600000002e-12
13441.703 87.387 -103.169 9.6185923e-12 2.1739427e-12 -2.1739427e-12
13596.347 73.152 -67.257 1.06976277e-11 2.24238504e-12 -2.24238504e-12
17031.133 59.71 -75.685 7.9818032e-12 1.79018018e-12 -1.79018018e-12
17135.335 45.771 -44.492 1.1962284899999999e-11 2.6802323400000002e-12 -2.6802323400000002e-12
17253.134 75.903 -72.028 7.199601000000001e-12 1.6212791e-12 -1.6212791e-12
17404.705 59.728 -75.667 7.887690400000001e-12 1.77085613e-12 -1.77085613e-12
17567.437 62.478 -103.005 6.3874692e-12 1.44865139e-12 -1.44865139e-12
17723.374 74.531 -93.459 6.3407465e-12 1.4307683600000001e-12 -1.4307683600000001e-12
17937.695 148.551 -139.79 1.49875809e-11 3.3729108200000002e-12 -3.3729108200000002e-12
18174.806 79.43 -88.56 6.338114499999999e-12 1.42712962e-12 -1.42712962e-12
18357.903 84.382 -103.667 4.54405165e-12 1.14174703e-12 -1.14174703e-12
18510.05 72.644 -67.765 7.5454505e-12 1.70779764e-12 -1.70779764e-12
18645.459 75.139 -62.764 7.7539472e-12 1.74258798e-12 -1.74258798e-12
18803.932 54.567 -83.335 7.739137499999999e-12 1.74101677e-12 -1.74101677e-12
18923.284 53.06 -64.784 9.0462404e-12 2.03506569e-12 -2.03506569e-12
19062.784 79.043 -86.44 6.4398554000000006e-12 1.45019158e-12 -1.45019158e-12
19296.959 155.766 -155.132 5.8202591e-12 1.00649137e-12 -1.00649137e-12
22924.482 66.853 -66.035 7.8420205e-12 1.77101734e-12 -1.77101734e-12
23110.991 63.377 -119.657 5.6941674999999995e-12 1.2859533699999999e-12 -1.2859533699999999e-12
23261.19 78.66 -86.822 6.3330103e-12 1.4223464299999999e-12 -1.4223464299999999e-12
23427.289 100.611 -87.438 5.5367363e-12 1.25178672e-12 -1.25178672e-12
23629.533 71.371 -101.634 6.0317356e-12 1.3606805500000001e-12 -1.3606805500000001e-12
23791.2 77.694 -90.296 4.68550943e-12 1.21334354e-12 -1.21334354e-12
23943.313 88.556 -74.419 6.417229600000001e-12 1.4444458299999998e-12 -1.4444458299999998e-12
24140.563 81.862 -108.694 4.07843534e-12 1.07186273e-12 -1.07186273e-12
24307.869 87.562 -85.443 4.52415044e-12 1.17847518e-12 -1.17847518e-12
24471.018 99.924 -75.588 4.440341919999999e-12 1.1635117900000001e-12 -1.1635117900000001e-12
24641.488 59.835 -70.546 8.011610599999999e-12 1.805317e-12 -1.805317e-12
24802.435 99.474 -101.112 3.87825764e-12 1.0162278900000001e-12 -1.0162278900000001e-12
25086.64 146.22 -184.731 5.2043523e-12 9.132494800000001e-13 -9.132494800000001e-13
28909.751 127.551 -93.093 3.6158204499999997e-12 9.4478272e-13 -9.4478272e-13
29149.49 100.933 -112.188 3.75266189e-12 9.7663932e-13 -9.7663932e-13
29380.248 148.486 -129.825 2.86700423e-12 7.491236e-13 -7.491236e-13
29665.8 91.1 -137.065 3.52104918e-12 9.1727315e-13 -9.1727315e-13
29933.183 167.219 -176.283 2.31453521e-12 6.0719206e-13 -6.0719206e-13
30216.285 62.137 -115.883 4.505521049999999e-12 1.17140826e-12 -1.17140826e-12
30373.799 100.194 -95.376 4.35804445e-12 1.10070663e-12 -1.10070663e-12
30555.324 81.644 -81.331 6.6012017e-12 1.4804544099999998e-12 -1.4804544099999998e-12
30838.823 176.737 -201.854 3.5566803500000004e-12 7.1472007e-13 -7.1472007e-13
34429.297 65.142 -115.385 4.51779745e-12 1.17512267e-12 -1.17512267e-12
34596.919 163.295 -102.48 4.12256834e-12 9.2841074e-13 -9.2841074e-13
34852.705 90.542 -92.492 4.45861458e-12 1.16341826e-12 -1.16341826e-12
35110.06 111.499 -166.813 2.9467199899999997e-12 7.664703600000001e-13 -7.664703600000001e-13
35387.552 122.348 -165.993 2.82328577e-12 7.3204239e-13 -7.3204239e-13
35640.778 97.288 -130.878 3.57308852e-12 9.2841309e-13 -9.2841309e-13
35926.687 169.925 -188.621 2.25403681e-12 5.8878639e-13 -5.8878639e-13
36348.739 184.147 -252.127 1.88247549e-12 4.9068752e-13 -4.9068752e-13
36703.041 93.098 -170.156 3.10290851e-12 8.088060800000001e-13 -8.088060800000001e-13
40080.967 133.695 -109.514 4.29354729e-12 1.11389765e-12 -1.11389765e-12
40500.513 107.797 -285.851 2.69894257e-12 7.0569184e-13 -7.0569184e-13
40796.424 162.909 -188.115 3.02240033e-12 7.8552792e-13 -7.8552792e-13
41170.384 162.539 -211.051 2.83327327e-12 7.372575099999999e-13 -7.372575099999999e-13
41554.663 222.055 -221.74 2.37888667e-12 6.2013633e-13 -6.2013633e-13
42278.038 298.5 -501.32 2.3733731e-12 4.61953788e-13 -4.61953788e-13
