col1 col2 col3 col4 col5 col6
82.835 0.588 -0.656 1.71863868e-09 2.56203684e-10 -2.56246364e-10
84.027 0.609 -0.605 1.7344355600000001e-09 2.63984204e-10 -2.64029744e-10
85.311 0.62 -0.675 1.65017204e-09 2.459985e-10 -2.4604778000000003e-10
86.725 0.692 -0.794 1.4166275200000002e-09 2.1561764399999999e-10 -2.1567682400000003e-10
88.147 0.817 -0.731 1.4115186800000002e-09 2.0812893200000004e-10 -2.08203116e-10
89.724 0.762 -0.759 1.3835047600000001e-09 2.1058615600000002e-10 -2.10677676e-10
91.247 0.609 -0.761 1.56016652e-09 2.3260679200000002e-10 -2.3273712000000003e-10
92.443 0.56 -0.587 1.86805916e-09 2.78521276e-10 -2.78698728e-10
93.758 0.56 -0.755 1.6453945200000001e-09 2.45355176e-10 -2.45563296e-10
94.878 0.65 -0.56 1.7606828800000002e-09 2.68071892e-10 -2.68316004e-10
96.091 0.465 -0.563 2.0713541200000005e-09 3.1538408000000003e-10 -3.15684468e-10
97.242 0.61 -0.686 1.67028488e-09 2.49103492e-10 -2.4936049600000003e-10
98.924 0.786 -1.073 1.1278326400000002e-09 1.75389896e-10 -1.7558428800000002e-10
100.283 0.689 -0.572 1.6886452000000003e-09 2.5720464e-10 -2.5753917200000004e-10
101.617 0.732 -0.645 1.5468556400000002e-09 2.3565498e-10 -2.36000028e-10
103.313 0.852 -0.964 1.1623211600000002e-09 1.8083832800000004e-10 -1.81109852e-10
104.827 0.617 -0.662 1.7175114000000002e-09 2.56392752e-10 -2.56864608e-10
106.248 0.865 -0.804 1.31651696e-09 1.9658518e-10 -1.9698610799999999e-10
107.791 0.685 -0.678 1.6121239200000003e-09 2.40819084e-10 -2.4137797200000004e-10
109.314 0.883 -0.838 1.2770221200000001e-09 1.9083402800000003e-10 -1.9133052400000002e-10
110.938 0.738 -0.742 1.48423836e-09 2.21912636e-10 -2.22575716e-10
112.209 0.646 -0.532 1.86538264e-09 2.78959164e-10 -2.7983947200000004e-10
113.619 0.602 -0.765 1.5850599600000001e-09 2.4202160400000003e-10 -2.42787248e-10
114.962 0.794 -0.742 1.4193124e-09 2.1679856000000004e-10 -2.17552412e-10
116.597 1.031 -0.841 1.1824758000000001e-09 1.7696606400000004e-10 -1.77631344e-10
118.281 0.809 -0.654 1.4901022400000001e-09 2.27606324e-10 -2.28393572e-10
119.908 0.762 -0.818 1.37933664e-09 2.1076748e-10 -2.1156330800000001e-10
121.362 0.807 -0.692 1.4756649600000002e-09 2.2114158000000003e-10 -2.22230404e-10
123.401 1.023 -1.231 9.8182656e-10 1.4724960800000001e-10 -1.4807918400000001e-10
125.23 0.872 -0.806 1.30947168e-09 2.0041797600000004e-10 -2.01462888e-10
126.782 0.77 -0.68 1.54188276e-09 2.3119998000000003e-10 -2.3246150400000003e-10
128.367 0.768 -0.816 1.41194724e-09 2.1189146000000002e-10 -2.13212516e-10
129.739 0.583 -0.604 1.8840025600000003e-09 2.8291612800000003e-10 -2.8485635200000005e-10
131.198 0.728 -0.877 1.3289738e-09 2.12275316e-10 -2.1350230000000005e-10
132.86 0.807 -0.933 1.2849078e-09 1.9285125200000004e-10 -1.9407634400000003e-10
134.582 0.617 -0.915 1.4594958400000003e-09 2.1895812400000004e-10 -2.2025696000000003e-10
136.169 0.896 -0.971 1.1954232400000002e-09 1.7927122400000003e-10 -1.80269276e-10
137.937 0.798 -0.873 1.2940721200000002e-09 2.0225233600000003e-10 -2.03304508e-10
139.361 0.65 -0.626 1.7216667600000002e-09 2.6366538000000003e-10 -2.6518932e-10
140.84 0.685 -0.829 1.47315652e-09 2.2100575200000002e-10 -2.2231563200000003e-10
142.263 0.698 -0.738 1.5534978800000001e-09 2.3320994400000003e-10 -2.3473700800000004e-10
143.879 0.95 -0.918 1.17561488e-09 1.80079504e-10 -1.81157944e-10
145.396 0.757 -0.567 1.6584590000000002e-09 2.53954272e-10 -2.5539294e-10
147.032 0.933 -0.88 1.22252196e-09 1.83258636e-10 -1.8420868400000002e-10
149.289 0.736 -1.324 1.05924764e-09 1.62102996e-10 -1.6293182400000002e-10
150.952 0.887 -0.926 1.2225114e-09 1.8320720000000002e-10 -1.8411254400000002e-10
152.716 0.996 -0.877 1.16486832e-09 1.78197184e-10 -1.7904506400000004e-10
154.689 0.807 -0.977 1.24202892e-09 1.86075736e-10 -1.8694442800000003e-10
156.327 0.793 -0.831 1.3943322800000001e-09 2.06598788e-10 -2.0755455600000002e-10
158.196 0.919 -1.075 1.1094846400000002e-09 1.6613907200000001e-10 -1.66845316e-10
159.817 0.682 -0.702 1.5986119600000002e-09 2.39207716e-10 -2.400783e-10
161.269 0.864 -0.769 1.35483084e-09 2.0262752400000002e-10 -2.03281848e-10
163.022 1.081 -0.89 1.1052624000000001e-09 1.68793152e-10 -1.6935208400000003e-10
164.797 0.576 -0.693 1.71756112e-09 2.6229711200000005e-10 -2.6316162400000006e-10
166.225 1.074 -0.853 1.11312432e-09 1.73537936e-10 -1.7406417600000002e-10
168.02 0.758 -0.721 1.4711334e-09 2.24545244e-10 -2.2519186800000002e-10
169.465 0.725 -0.688 1.53920404e-09 2.34827252e-10 -2.35421252e-10
171.026 0.741 -0.836 1.40089884e-09 2.0942147599999999e-10 -2.1002388000000003e-10
172.641 0.809 -0.874 1.29190644e-09 1.9719986000000002e-10 -1.9777590800000003e-10
174.088 0.925 -0.639 1.39036128e-09 2.1230638000000002e-10 -2.12988776e-10
175.598 0.668 -0.584 1.76305316e-09 2.6370322000000005e-10 -2.6457244000000006e-10
177.261 0.777 -0.995 1.2461856e-09 1.86407496e-10 -1.87032604e-10
179.042 0.718 -1.004 1.28041496e-09 1.9160895600000002e-10 -1.92317488e-10
180.374 0.628 -0.614 1.7756688400000001e-09 2.65629012e-10 -2.6653589600000005e-10
181.763 0.816 -0.762 1.37582764e-09 2.1002533200000002e-10 -2.1065105600000003e-10
183.5 0.815 -0.92 1.251657e-09 1.9104593200000003e-10 -1.9159606400000002e-10
185.034 0.679 -0.719 1.57683548e-09 2.3572076e-10 -2.3639708400000003e-10
186.461 0.547 -0.748 1.70249024e-09 2.545169e-10 -2.55256452e-10
188.047 0.77 -1.039 1.2184282000000001e-09 1.82181032e-10 -1.82733232e-10
189.728 0.81 -0.911 1.2304226000000002e-09 1.9177884e-10 -1.92324088e-10
191.32 0.941 -0.783 1.2473304800000001e-09 1.90259828e-10 -1.9071302800000002e-10
193.163 0.927 -0.902 1.1757526e-09 1.7929018800000001e-10 -1.7967954400000001e-10
195.157 1.148 -1.067 9.7082128e-10 1.4796381600000003e-10 -1.48229268e-10
197.256 0.852 -0.951 1.17455492e-09 1.82797164e-10 -1.8311299600000002e-10
199.008 1.105 -0.9 1.0558143200000001e-09 1.6433344400000001e-10 -1.6462908000000002e-10
201.078 0.994 -0.965 1.11523412e-09 1.6649472400000002e-10 -1.6680910400000002e-10
202.943 0.907 -0.871 1.2290894000000002e-09 1.8350807200000002e-10 -1.8386618800000003e-10
204.721 0.942 -0.872 1.1853085200000001e-09 1.80673196e-10 -1.8101133600000003e-10
206.598 0.871 -0.934 1.20972324e-09 1.8063223200000002e-10 -1.8099598000000003e-10
208.189 0.711 -0.719 1.52720524e-09 2.2804909600000002e-10 -2.28516596e-10
209.8 0.92 -0.9 1.1819236e-09 1.8013459200000002e-10 -1.80455132e-10
211.819 0.92 -1.099 1.06545472e-09 1.6240769600000003e-10 -1.62714068e-10
213.461 0.652 -0.722 1.5908992e-09 2.37500692e-10 -2.3794416800000004e-10
215.174 1.011 -1.061 1.02182388e-09 1.59058196e-10 -1.5935559200000002e-10
216.999 0.834 -0.814 1.32631488e-09 1.980572e-10 -1.9846754400000002e-10
218.638 0.85 -0.805 1.3205948800000001e-09 1.9717249200000002e-10 -1.97558768e-10
220.31 0.859 -0.822 1.2797312e-09 1.9505186800000003e-10 -1.9540668400000002e-10
221.949 0.567 -0.78 1.6226936e-09 2.42251592e-10 -2.42707212e-10
223.51 0.987 -0.994 1.10268356e-09 1.6465310400000003e-10 -1.64987372e-10
225.265 0.998 -0.767 1.21926596e-09 1.8586779200000002e-10 -1.8622916400000002e-10
227.335 1.137 -1.072 9.7383176e-10 1.4843928e-10 -1.48717668e-10
229.28 0.852 -0.808 1.2761416800000001e-09 1.98621456e-10 -1.9897499600000003e-10
230.889 0.681 -0.757 1.52012916e-09 2.2692714000000004e-10 -2.27344656e-10
232.584 1.227 -1.014 9.7344412e-10 1.4531426800000002e-10 -1.4557950000000002e-10
235.017 1.015 -1.206 9.525978000000001e-10 1.48226276e-10 -1.48462072e-10
236.965 1.138 -0.933 1.0375384800000002e-09 1.5811857600000002e-10 -1.5839212400000002e-10
239.08 0.807 -0.977 1.22288056e-09 1.8255811199999998e-10 -1.8289748400000003e-10
241.016 0.841 -1.129 1.09096504e-09 1.6628246800000002e-10 -1.6658620000000002e-10
242.903 0.761 -1.046 1.2058156000000001e-09 1.80024504e-10 -1.8036946400000002e-10
244.944 1.2 -1.28 8.7880012e-10 1.31198364e-10 -1.31446964e-10
246.914 0.893 -0.77 1.2498164800000002e-09 1.98640992e-10 -1.9895823200000002e-10
249.01 0.822 -1.202 1.07650048e-09 1.60678672e-10 -1.60957368e-10
250.941 0.987 -1.109 1.0399320800000001e-09 1.5517779200000002e-10 -1.5541420400000003e-10
252.652 0.5 -0.724 1.79365648e-09 2.67614688e-10 -2.67995552e-10
254.059 1.022 -0.907 1.1180241600000002e-09 1.7388562400000001e-10 -1.7409752800000002e-10
256.034 0.902 -0.953 1.1988064e-09 1.7883500800000001e-10 -1.7906578800000003e-10
257.765 0.883 -0.829 1.2598168000000001e-09 1.9593226400000003e-10 -1.9616542000000002e-10
259.656 0.888 -1.008 1.17294188e-09 1.74994204e-10 -1.7523528e-10
261.735 1.085 -1.191 9.6257788e-10 1.46636952e-10 -1.4684643600000003e-10
264.223 0.922 -1.404 9.1265108e-10 1.4198628400000002e-10 -1.4219374400000002e-10
266.146 0.862 -1.0 1.1725036400000001e-09 1.74963668e-10 -1.7523308000000002e-10
268.106 0.978 -1.099 1.0034609200000001e-09 1.5947888e-10 -1.59728184e-10
270.413 1.563 -1.328 7.3223964e-10 1.1395951600000002e-10 -1.1415668e-10
273.291 1.203 -1.316 8.686158800000001e-10 1.29715036e-10 -1.29988056e-10
276.062 1.336 -1.568 7.464287599999999e-10 1.13849736e-10 -1.1411681600000001e-10
278.682 1.114 -1.284 9.036896e-10 1.3787439600000002e-10 -1.3822600000000001e-10
281.066 1.13 -1.27 9.171052000000001e-10 1.3703940800000002e-10 -1.3738863600000002e-10
283.023 0.949 -0.827 1.23967272e-09 1.85243916e-10 -1.85719644e-10
285.012 0.924 -1.04 1.06502396e-09 1.69394368e-10 -1.6975534400000002e-10
287.129 1.116 -1.193 9.179500000000001e-10 1.4292256000000001e-10 -1.4321406e-10
289.285 0.88 -1.04 1.12176592e-09 1.71043356e-10 -1.7140402400000002e-10
291.256 1.026 -1.092 1.01713744e-09 1.5506053200000003e-10 -1.55366112e-10
293.013 1.283 -0.731 1.06923564e-09 1.6299888e-10 -1.63317264e-10
295.537 0.881 -1.241 9.9908556e-10 1.5553819600000003e-10 -1.5584316000000002e-10
297.273 0.912 -0.855 1.20082116e-09 1.8696202800000003e-10 -1.87341528e-10
299.357 1.474 -1.172 8.1461116e-10 1.24256088e-10 -1.24552384e-10
302.197 1.073 -1.366 8.973170800000001e-10 1.34086348e-10 -1.3443104400000003e-10
304.04 0.875 -0.77 1.32996952e-09 1.9874887999999999e-10 -1.9926772800000003e-10
306.022 1.021 -1.106 1.0310423200000002e-09 1.5405002800000002e-10 -1.54431772e-10
308.192 1.575 -1.149 7.8322068e-10 1.22016312e-10 -1.22317404e-10
311.229 1.351 -1.461 7.824889600000001e-10 1.1694566400000002e-10 -1.1725956e-10
313.507 0.919 -0.927 1.1918240400000001e-09 1.7819502800000001e-10 -1.78729012e-10
315.628 0.948 -1.202 1.02410396e-09 1.53108252e-10 -1.5355898800000002e-10
317.837 1.406 -1.261 8.2128904e-10 1.2270786000000001e-10 -1.23010228e-10
320.708 1.517 -1.465 7.228240800000001e-10 1.10228536e-10 -1.1047163600000001e-10
323.51 0.947 -1.285 9.8036532e-10 1.4647058800000002e-10 -1.46828088e-10
325.818 1.352 -1.361 8.06795e-10 1.20567304e-10 -1.20882872e-10
328.305 1.105 -1.135 9.6169216e-10 1.466817e-10 -1.47024768e-10
330.498 0.989 -1.088 1.05355228e-09 1.5739482e-10 -1.57771152e-10
332.621 1.251 -1.135 9.168530800000001e-10 1.3692844000000002e-10 -1.3722363600000002e-10
334.786 1.119 -0.913 1.06007704e-09 1.6158582e-10 -1.61889156e-10
337.026 0.953 -1.121 1.0544490000000001e-09 1.5740577600000002e-10 -1.57692524e-10
339.223 1.373 -1.244 8.3500692e-10 1.24673912e-10 -1.24920048e-10
341.708 1.366 -1.112 8.545182800000001e-10 1.32996864e-10 -1.33232088e-10
344.792 1.259 -1.718 7.3405376e-10 1.09595244e-10 -1.0980754400000001e-10
347.188 1.236 -1.138 9.064514800000001e-10 1.3816268400000002e-10 -1.38417444e-10
349.635 1.119 -1.212 9.243660800000001e-10 1.40892136e-10 -1.4115112000000002e-10
352.068 1.471 -1.313 7.860974e-10 1.17375984e-10 -1.1761112e-10
354.562 0.969 -1.023 1.0815547600000002e-09 1.6490980000000002e-10 -1.6525581600000002e-10
356.964 1.711 -1.433 6.641399600000001e-10 1.0561320000000001e-10 -1.05823696e-10
359.924 1.156 -1.249 9.093669200000001e-10 1.35824656e-10 -1.36127684e-10
363.114 1.194 -2.033 6.7756964e-10 1.01195248e-10 -1.01415424e-10
365.547 0.949 -1.239 9.9928004e-10 1.49235372e-10 -1.49554636e-10
367.47 0.99 -0.974 1.11333156e-09 1.6627503200000002e-10 -1.66635744e-10
369.474 1.221 -1.014 9.786189600000002e-10 1.46165448e-10 -1.46489508e-10
371.55 1.228 -0.855 9.852304e-10 1.6003781200000003e-10 -1.6033886e-10
374.154 1.284 -1.376 8.2223944e-10 1.22799556e-10 -1.2306514e-10
376.486 1.164 -1.048 9.7374948e-10 1.4847302800000002e-10 -1.48785164e-10
379.068 1.252 -1.418 8.1894868e-10 1.2234877600000001e-10 -1.22643136e-10
381.439 1.211 -1.12 9.411226000000002e-10 1.4062848800000002e-10 -1.4098686800000002e-10
384.112 1.323 -1.461 7.643856e-10 1.19063736e-10 -1.1934379600000002e-10
386.823 1.282 -1.389 8.222482400000002e-10 1.2285878e-10 -1.23166868e-10
389.236 1.494 -1.131 8.110260400000001e-10 1.26305344e-10 -1.26585272e-10
392.542 1.424 -1.812 6.551771600000001e-10 1.0201008400000001e-10 -1.022186e-10
395.451 1.25 -1.485 7.993136800000001e-10 1.1935686400000001e-10 -1.19601372e-10
398.102 1.458 -1.402 7.4100664e-10 1.15345604e-10 -1.1556094000000001e-10
400.661 0.946 -1.102 1.0345742e-09 1.61044224e-10 -1.6134610800000002e-10
403.387 1.588 -1.78 6.292501600000001e-10 9.795170000000001e-11 -9.813619200000001e-11
406.42 1.418 -1.445 7.4036292e-10 1.15243304e-10 -1.1545688e-10
409.286 1.608 -1.448 6.8239908e-10 1.08468096e-10 -1.0864880400000001e-10
412.104 1.357 -1.21 8.384226400000001e-10 1.2779324800000002e-10 -1.2802869200000002e-10
414.826 1.223 -1.364 8.311683600000001e-10 1.26719472e-10 -1.26976124e-10
417.618 1.607 -1.57 6.872166400000001e-10 1.0262027600000002e-10 -1.02832092e-10
420.432 1.227 -1.206 8.834192400000001e-10 1.34648272e-10 -1.34893836e-10
422.812 1.29 -1.152 8.7985084e-10 1.34079088e-10 -1.3430494000000003e-10
425.527 1.451 -1.424 7.580034000000001e-10 1.1312382400000002e-10 -1.1330792000000001e-10
428.569 1.415 -1.592 7.24812e-10 1.08172724e-10 -1.0835061600000001e-10
431.501 1.433 -1.517 7.388079600000001e-10 1.10259424e-10 -1.10439164e-10
434.155 1.147 -1.221 9.1962024e-10 1.37222712e-10 -1.37429952e-10
436.394 1.037 -1.093 9.9021252e-10 1.5402908400000002e-10 -1.54235224e-10
438.893 1.563 -1.461 6.972306000000001e-10 1.0845938400000001e-10 -1.0860779600000001e-10
441.819 1.295 -1.363 7.9337192e-10 1.23426688e-10 -1.2360493200000002e-10
444.172 1.205 -1.058 9.6204768e-10 1.4358806e-10 -1.4383155600000003e-10
447.421 1.333 -2.044 6.468611600000001e-10 9.656262000000001e-11 -9.6738928e-11
449.919 1.537 -1.166 7.834142800000001e-10 1.2192686e-10 -1.22139908e-10
452.913 1.301 -1.457 7.9208184e-10 1.1829945600000002e-10 -1.18558308e-10
455.663 1.689 -1.449 6.7524996e-10 1.05175136e-10 -1.05419248e-10
459.18 1.586 -1.828 6.311720800000001e-10 9.6258624e-11 -9.647580800000001e-11
462.417 1.462 -1.651 6.813285600000001e-10 1.0609192e-10 -1.0631605600000001e-10
465.844 1.946 -1.964 5.593772800000001e-10 8.3560488e-11 -8.375488000000001e-11
469.769 1.876 -1.979 5.5819764e-10 8.5099916e-11 -8.5270416e-11
473.073 1.263 -1.427 8.000110800000001e-10 1.2194094000000002e-10 -1.22167276e-10
475.705 1.217 -1.37 8.449073600000001e-10 1.26134096e-10 -1.2636989200000001e-10
478.604 1.573 -1.681 6.6100848e-10 1.00751596e-10 -1.0093714400000001e-10
481.579 1.508 -1.403 7.3898352e-10 1.1265174800000001e-10 -1.12870296e-10
484.596 1.339 -1.509 7.6692528e-10 1.1454410000000001e-10 -1.14795956e-10
487.691 1.283 -1.756 7.1077204e-10 1.0842515200000001e-10 -1.0868976800000001e-10
490.278 1.512 -1.304 7.812178000000001e-10 1.16795316e-10 -1.17139044e-10
493.034 1.304 -1.243 8.636016400000002e-10 1.2910312800000002e-10 -1.29476116e-10
496.084 1.699 -1.745 6.3877352e-10 9.5458484e-11 -9.570849200000002e-11
498.94 0.885 -1.158 1.05516004e-09 1.60900652e-10 -1.6124952800000002e-10
501.06 1.069 -1.235 9.344909200000001e-10 1.4246641200000002e-10 -1.42750916e-10
503.232 1.162 -1.103 9.506446400000001e-10 1.4492654000000003e-10 -1.4521408e-10
505.81 1.588 -1.417 7.276755200000001e-10 1.08663852e-10 -1.0888961600000001e-10
509.173 1.808 -1.774 6.013708800000001e-10 9.168649600000001e-11 -9.1873496e-11
512.355 1.393 -1.375 7.903592400000001e-10 1.18035676e-10 -1.18288984e-10
515.362 1.645 -1.614 6.7128556e-10 1.0025307600000001e-10 -1.004685e-10
518.534 1.481 -1.526 7.279888000000001e-10 1.0873992800000001e-10 -1.0898716400000001e-10
521.386 1.153 -1.371 8.451942400000001e-10 1.3163185200000002e-10 -1.31927444e-10
524.318 1.712 -1.779 6.015926400000001e-10 9.571320000000001e-11 -9.5938348e-11
527.314 1.539 -1.284 7.7967956e-10 1.16519964e-10 -1.1682836e-10
530.756 1.465 -1.903 6.539711200000001e-10 9.770934800000002e-11 -9.795016000000001e-11
533.536 1.462 -1.315 7.932707200000001e-10 1.18553468e-10 -1.1886908e-10
536.522 1.302 -1.523 7.5582584e-10 1.1776230400000003e-10 -1.18063264e-10
539.157 1.19 -1.333 8.732803200000001e-10 1.30484816e-10 -1.30812836e-10
542.351 1.562 -2.005 6.2802828e-10 9.381385200000001e-11 -9.4030772e-11
545.254 1.819 -1.341 6.998970000000001e-10 1.0671808400000001e-10 -1.069431e-10
548.493 1.377 -1.42 7.7839168e-10 1.2114036e-10 -1.2134870000000002e-10
551.911 1.814 -2.041 5.6191476e-10 8.742074000000001e-11 -8.7548868e-11
555.291 1.582 -1.566 6.858869600000001e-10 1.06689792e-10 -1.0683178000000001e-10
558.239 1.931 -1.366 6.7555356e-10 1.007974e-10 -1.00944448e-10
561.604 1.407 -1.434 7.8060048e-10 1.16478252e-10 -1.16653812e-10
564.941 1.85 -1.931 5.7538404e-10 8.5859972e-11 -8.5992104e-11
568.306 1.808 -1.515 6.4448648e-10 9.8201356e-11 -9.8358568e-11
571.349 1.574 -1.235 7.6244476e-10 1.16201008e-10 -1.1640657600000002e-10
574.744 1.368 -1.821 6.8592568e-10 1.02429624e-10 -1.02642672e-10
578.157 1.895 -2.045 5.2088872e-10 8.460456400000001e-11 -8.4758608e-11
581.279 1.295 -1.226 8.542199600000001e-10 1.3025694000000002e-10 -1.30537572e-10
584.086 1.394 -1.513 7.450132800000001e-10 1.13662824e-10 -1.13950936e-10
587.563 1.59 -2.082 6.0127144e-10 8.9903264e-11 -9.017602000000001e-11
591.478 1.856 -2.325 5.2809372e-10 7.897753600000001e-11 -7.9229568e-11
595.082 2.274 -1.748 5.4072788e-10 8.254985200000001e-11 -8.280016800000001e-11
599.361 1.484 -2.005 5.944162400000001e-10 9.666606400000002e-11 -9.6931868e-11
602.26 1.142 -1.415 8.510084e-10 1.29870972e-10 -1.30228252e-10
605.209 1.632 -1.807 6.3863272e-10 9.5393188e-11 -9.5610416e-11
608.454 1.559 -1.613 6.8928156e-10 1.02936944e-10 -1.03155448e-10
612.07 1.937 -2.057 5.4743612e-10 8.1759216e-11 -8.1936712e-11
615.855 2.082 -1.848 5.565164e-10 8.313426e-11 -8.332847600000001e-11
619.307 1.684 -1.37 7.05166e-10 1.0752935600000002e-10 -1.0776176400000001e-10
622.987 2.033 -1.995 5.1810616e-10 8.237812e-11 -8.2533308e-11
626.987 1.643 -1.967 5.863026400000001e-10 9.126013600000002e-11 -9.142746800000001e-11
630.58 1.707 -1.95 5.965308800000001e-10 8.905256800000001e-11 -8.9217524e-11
634.103 1.9 -1.815 5.783650400000001e-10 8.815114000000001e-11 -8.831068400000001e-11
637.99 1.734 -1.988 5.781679200000001e-10 8.8131912e-11 -8.829928800000001e-11
641.391 1.792 -1.666 6.2243324e-10 9.4887276e-11 -9.507326400000001e-11
645.463 1.714 -2.28 5.3897624e-10 8.216032000000001e-11 -8.2318236e-11
649.454 2.016 -2.277 4.9338212e-10 7.6792936e-11 -7.693096400000001e-11
653.588 1.723 -2.118 5.6888084e-10 8.4935136e-11 -8.509996000000001e-11
657.467 1.783 -2.156 5.3773368e-10 8.369526000000001e-11 -8.3845168e-11
661.525 2.03 -2.275 4.920555200000001e-10 7.6587808e-11 -7.672649600000001e-11
665.365 1.612 -1.809 6.2904028e-10 9.589170800000001e-11 -9.607756400000002e-11
668.868 1.86 -1.891 5.649877200000001e-10 8.7943856e-11 -8.8106216e-11
672.162 1.522 -1.435 7.281252000000001e-10 1.10996864e-10 -1.1121246400000001e-10
675.206 1.836 -1.522 6.513117600000001e-10 9.726208800000001e-11 -9.746536800000001e-11
678.531 1.991 -1.489 6.2790816e-10 9.3766948e-11 -9.3962704e-11
682.607 1.741 -2.086 5.6885224e-10 8.492154e-11 -8.5079632e-11
686.179 2.136 -1.831 5.4869936e-10 8.1890336e-11 -8.2025812e-11
690.258 1.688 -1.943 5.8326092e-10 9.078062400000001e-11 -9.094280800000002e-11
693.742 1.774 -1.795 6.051834800000001e-10 9.2288548e-11 -9.2492048e-11
697.479 2.386 -1.964 4.29287628e-10 7.054181200000001e-11 -7.068613200000001e-11
701.983 1.649 -2.118 4.304353240000001e-10 7.5994864e-11 -7.6123652e-11
705.638 1.882 -2.006 3.75376056e-10 6.863164e-11 -6.8740144e-11
709.518 1.535 -1.998 4.129917e-10 7.5513768e-11 -7.563661600000001e-11
712.886 1.735 -1.834 6.132777200000001e-10 9.162098e-11 -9.184054e-11
716.957 1.668 -2.335 5.383642e-10 8.20952e-11 -8.227348800000001e-11
720.828 2.088 -2.203 4.9428412e-10 7.695151200000001e-11 -7.7103092e-11
725.003 2.336 -2.087 4.824182e-10 7.575915600000001e-11 -7.590228800000001e-11
729.508 1.803 -2.169 5.3330376e-10 8.305858e-11 -8.324602000000001e-11
733.621 2.063 -2.31 4.865524400000001e-10 7.5787624e-11 -7.5966132e-11
737.516 2.251 -1.832 5.2258756e-10 8.140541200000001e-11 -8.1600684e-11
741.766 2.157 -1.999 4.27276608e-10 7.218024000000001e-11 -7.232715600000001e-11
746.036 2.737 -2.113 4.35780092e-10 6.7843688e-11 -6.797758e-11
750.639 1.871 -1.865 5.6568512e-10 8.803119600000001e-11 -8.817815600000002e-11
754.396 2.027 -1.887 5.5734844e-10 8.320488000000001e-11 -8.336024400000001e-11
758.809 1.717 -2.386 5.1569364e-10 8.025529600000001e-11 -8.0392048e-11
762.585 1.681 -2.058 3.80149e-10 7.1668696e-11 -7.1750756e-11
766.085 1.49 -1.819 6.395474800000001e-10 9.9528836e-11 -9.969744400000001e-11
769.595 2.139 -2.02 4.846292000000001e-10 8.040098e-11 -8.052255200000001e-11
773.929 2.375 -2.194 4.706587600000001e-10 7.173900800000001e-11 -7.1871624e-11
778.548 2.011 -2.245 4.9007464e-10 7.791212e-11 -7.8052348e-11
782.793 1.861 -2.234 3.55892548e-10 6.504832400000001e-11 -6.513584e-11
786.639 1.62 -1.984 4.12309128e-10 7.7380072e-11 -7.747264800000001e-11
789.926 1.792 -1.666 4.01305476e-10 7.808688800000001e-11 -7.8171368e-11
793.599 1.82 -1.881 3.9318615600000004e-10 7.1849888e-11 -7.1935732e-11
797.244 1.841 -1.826 4.2034370400000004e-10 7.6591812e-11 -7.669125200000001e-11
801.566 2.138 -2.481 4.7927308e-10 7.3081888e-11 -7.3238792e-11
805.832 1.935 -2.129 5.362425200000001e-10 8.3469012e-11 -8.3622792e-11
810.197 2.12 -2.429 4.8070352e-10 7.1796692e-11 -7.195540000000001e-11
814.523 2.033 -2.207 5.1547056e-10 7.69769e-11 -7.7138028e-11
818.726 2.575 -2.17 4.3192745200000003e-10 6.6757724e-11 -6.688858000000001e-11
823.358 2.471 -2.057 4.872652400000001e-10 7.2813356e-11 -7.300172e-11
827.225 2.004 -1.396 4.3261732800000006e-10 7.9136112e-11 -7.929046400000001e-11
831.601 2.273 -2.372 4.6728484e-10 7.1297644e-11 -7.148306e-11
836.157 2.586 -2.283 4.4577060000000004e-10 6.8040896e-11 -6.823762000000001e-11
840.491 1.915 -1.748 5.906973600000001e-10 9.0173204e-11 -9.044261600000001e-11
844.296 1.624 -1.89 4.20432936e-10 7.7956076e-11 -7.809142e-11
848.095 1.474 -2.175 4.0073070400000007e-10 7.326189200000001e-11 -7.3373784e-11
851.367 1.833 -1.798 3.9204237600000005e-10 7.392567600000001e-11 -7.4021112e-11
855.038 2.263 -1.837 3.38355072e-10 6.5840588e-11 -6.5913892e-11
859.528 2.197 -2.226 4.857934400000001e-10 7.403809600000001e-11 -7.416926e-11
864.129 1.844 -2.404 3.2698230400000003e-10 6.362906e-11 -6.370091200000001e-11
868.043 3.034 -2.07 4.2797132400000004e-10 6.389746e-11 -6.402176e-11
872.656 1.747 -1.578 4.1773476800000003e-10 8.1290484e-11 -8.138341200000001e-11
876.049 2.097 -1.646 3.8899295600000004e-10 7.109449600000001e-11 -7.1187424e-11
879.93 1.888 -1.784 5.947942000000001e-10 8.881474800000002e-11 -8.899492800000001e-11
883.705 1.825 -1.888 5.791640800000001e-10 8.830830800000002e-11 -8.849390000000001e-11
887.706 2.218 -2.175 4.895462e-10 7.4639224e-11 -7.479282800000001e-11
891.728 1.702 -1.805 3.9693126e-10 7.7241472e-11 -7.732929600000001e-11
895.657 1.86 -2.227 3.6790124800000004e-10 6.7237984e-11 -6.7324664e-11
899.798 1.777 -2.282 3.6194395600000003e-10 6.827106e-11 -6.837454800000001e-11
903.939 2.804 -2.364 4.0581257200000003e-10 6.3395244e-11 -6.3551884e-11
908.939 2.704 -2.196 4.5006500000000004e-10 6.7284316e-11 -6.748046800000001e-11
913.096 2.015 -1.453 4.23716216e-10 7.750138000000001e-11 -7.7647548e-11
917.05 1.627 -1.94 4.10249004e-10 7.5024004e-11 -7.515481600000001e-11
920.851 2.293 -2.173 4.8401056e-10 7.3828744e-11 -7.400518400000001e-11
925.379 2.698 -2.236 4.4952336000000004e-10 6.7134804e-11 -6.7279696e-11
930.353 1.801 -2.277 3.5872812800000007e-10 6.765083600000001e-11 -6.7743324e-11
934.438 2.474 -2.283 4.6364208e-10 7.073611600000001e-11 -7.0915988e-11
939.143 2.373 -2.231 4.709421200000001e-10 7.18652e-11 -7.205928400000001e-11
943.615 2.141 -2.099 5.0347748e-10 7.8400432e-11 -7.8567984e-11
947.672 2.558 -1.916 4.2435417200000004e-10 6.805282e-11 -6.8175052e-11
952.304 2.125 -2.073 4.80964e-10 7.980781600000001e-11 -7.9939464e-11
956.714 2.471 -2.285 4.2245258000000004e-10 6.675328000000001e-11 -6.6875072e-11
961.637 1.828 -2.453 4.9595128e-10 7.7252296e-11 -7.743489600000001e-11
965.745 1.318 -2.28 3.9654115600000003e-10 7.483973200000001e-11 -7.4985636e-11
969.318 2.221 -2.255 3.20200232e-10 6.0433956e-11 -6.055341600000001e-11
973.904 1.818 -2.365 3.5135588400000004e-10 6.4278368e-11 -6.4409092e-11
977.753 1.886 -2.031 3.6576179200000004e-10 6.900480400000001e-11 -6.91196e-11
981.854 2.416 -2.215 4.6521904000000004e-10 7.0940408e-11 -7.1093748e-11
986.801 1.604 -2.53 3.3654046800000005e-10 6.550271200000001e-11 -6.5586708e-11
990.532 2.024 -2.127 3.1901051600000003e-10 6.623095600000001e-11 -6.6303336e-11
994.329 2.31 -1.773 3.5720911600000003e-10 6.5297408e-11 -6.539134800000001e-11
998.962 1.952 -2.323 3.3319924e-10 6.2834948e-11 -6.2919692e-11
1003.367 2.441 -2.453 4.3967092400000003e-10 6.7026212e-11 -6.7157816e-11
1007.728 2.044 -1.92 5.5134684e-10 8.232725600000001e-11 -8.2494368e-11
1011.401 1.767 -1.629 4.2939296400000003e-10 7.849050000000001e-11 -7.860199600000001e-11
1015.027 2.094 -1.859 3.69054576e-10 6.7464452e-11 -6.7562836e-11
1019.201 1.543 -2.079 3.8420302800000004e-10 7.476942e-11 -7.4857904e-11
1022.523 1.562 -1.779 4.2636836e-10 8.0392752e-11 -8.049245600000001e-11
1025.813 2.106 -1.728 3.8026344400000004e-10 6.9504292e-11 -6.959898e-11
1030.206 1.964 -2.287 3.4297340000000006e-10 6.2682488e-11 -6.2763492e-11
1033.995 2.463 -1.825 3.3174974800000005e-10 6.254881600000001e-11 -6.262388e-11
1038.568 2.618 -2.111 3.07890352e-10 5.6266848e-11 -5.6336764e-11
1043.299 2.116 -2.113 3.4453878800000003e-10 6.296483600000001e-11 -6.3043508e-11
1048.147 2.315 -2.732 2.82160428e-10 5.3202908000000006e-11 -5.3269568000000003e-11
1052.831 1.61 -2.369 3.82413152e-10 6.877538800000001e-11 -6.888112e-11
1056.118 2.101 -1.678 3.96550088e-10 7.250570800000001e-11 -7.262244e-11
1060.486 1.414 -2.267 6.0125208e-10 9.1705152e-11 -9.191908e-11
1064.08 2.226 -2.179 4.7982572e-10 7.6321256e-11 -7.648674e-11
1068.375 2.583 -2.069 4.31691656e-10 6.823696e-11 -6.8378728e-11
1072.889 2.159 -1.931 4.2338054e-10 7.3339464e-11 -7.346103600000001e-11
1076.949 2.887 -1.901 2.9069004800000003e-10 5.6581932e-11 -5.6656908000000006e-11
1082.043 1.727 -2.207 3.70894612e-10 6.780202e-11 -6.7901724e-11
1085.804 1.924 -2.035 3.60094284e-10 6.7908632e-11 -6.8001604e-11
1089.616 2.012 -1.888 3.6553849200000005e-10 6.894228000000001e-11 -6.904176400000001e-11
1094.371 1.854 -2.743 3.1005317200000003e-10 5.846420800000001e-11 -5.853887600000001e-11
1097.859 1.917 -1.634 3.9133666000000003e-10 7.615515600000001e-11 -7.624346400000001e-11
1101.979 1.953 -2.203 3.34379584e-10 6.5073844e-11 -6.515119600000001e-11
1105.676 1.958 -1.744 3.9383476000000003e-10 7.6170644e-11 -7.6262296e-11
1109.396 1.88 -1.761 3.91838656e-10 7.625974400000001e-11 -7.6353156e-11
1113.442 2.147 -2.165 3.4688618800000003e-10 6.341258000000001e-11 -6.3505464e-11
1117.914 2.649 -2.325 2.82761732e-10 5.503700400000001e-11 -5.5108724e-11
1122.239 1.977 -1.676 4.3913509200000003e-10 7.654891200000001e-11 -7.667145200000002e-11
1127.174 2.089 -2.958 2.9086138400000004e-10 5.316867600000001e-11 -5.324492800000001e-11
1131.511 1.747 -2.247 3.74402952e-10 6.842888800000001e-11 -6.8519e-11
1135.277 2.215 -2.02 3.4502666000000006e-10 6.50584e-11 -6.514112000000001e-11
1140.134 2.026 -2.642 4.6381676000000005e-10 7.072604e-11 -7.0878544e-11
1144.682 1.426 -2.522 3.6948934e-10 6.7547788e-11 -6.764912e-11
1147.98 2.054 -1.872 3.7144716400000004e-10 6.791114e-11 -6.8017004e-11
1151.822 1.534 -1.788 4.38700548e-10 8.020826e-11 -8.033418800000001e-11
1155.11 2.43 -1.754 3.4823668000000003e-10 6.3652996e-11 -6.3741524e-11
1159.289 1.995 -1.748 4.1907170800000006e-10 7.512445600000001e-11 -7.5221344e-11
1162.903 2.219 -1.619 3.7926864800000007e-10 6.93088e-11 -6.9393192e-11
1167.149 2.399 -2.027 3.2880804000000003e-10 6.009344e-11 -6.0171056e-11
1171.399 1.81 -1.851 4.393961e-10 7.6595552e-11 -7.671901600000001e-11
1174.843 1.762 -1.634 4.22036384e-10 7.961474400000001e-11 -7.9741948e-11
1179.203 2.55 -2.597 2.7194758800000006e-10 5.2947972e-11 -5.3028580000000004e-11
1183.701 1.841 -1.948 3.7887832400000003e-10 7.1488032e-11 -7.1613432e-11
1187.111 2.358 -1.569 3.6566151600000003e-10 6.901906000000001e-11 -6.915946400000001e-11
1191.56 2.625 -2.091 3.1206489600000004e-10 5.7132108e-11 -5.7282236e-11
1196.825 2.059 -2.64 3.0681596000000003e-10 5.7936868e-11 -5.8074984e-11
1200.574 1.668 -1.691 4.3930774799999997e-10 8.0399176e-11 -8.0587056e-11
1205.32 1.988 -3.077 2.62854768e-10 5.4609324000000003e-11 -5.4696928000000006e-11
1209.21 1.694 -1.902 4.118009720000001e-10 7.6360328e-11 -7.649646400000001e-11
1212.606 1.857 -1.703 4.04309576e-10 7.6265376e-11 -7.6383296e-11
1216.769 1.91 -2.305 3.6741812800000007e-10 6.6083072e-11 -6.618783600000001e-11
1221.002 2.018 -2.323 3.4522065600000004e-10 6.311637200000001e-11 -6.321480000000001e-11
1225.182 2.143 -2.163 3.40559648e-10 6.2257316e-11 -6.2349408e-11
1229.392 2.818 -2.068 2.97719576e-10 5.4409784e-11 -5.4478644e-11
1234.635 2.072 -2.425 3.0857882000000005e-10 6.003844e-11 -6.0099336e-11
1240.331 2.965 -3.623 2.1582413600000002e-10 4.0688344400000004e-11 -4.0734535600000005e-11
1245.102 1.774 -1.806 3.69160484e-10 7.662661600000001e-11 -7.669855600000001e-11
1249.761 3.112 -2.885 2.4276340000000005e-10 4.436691600000001e-11 -4.4423500000000004e-11
1255.871 2.48 -2.998 2.5959793200000003e-10 4.8950484000000004e-11 -4.901314e-11
1260.678 1.957 -2.327 3.39658528e-10 6.207185600000001e-11 -6.2148548e-11
1265.056 2.797 -2.421 2.5316843200000004e-10 5.254876000000001e-11 -5.2597028e-11
1270.372 1.799 -2.519 3.29330364e-10 6.2087828e-11 -6.215880000000001e-11
1274.451 2.068 -2.28 3.19325512e-10 6.2138252e-11 -6.220786e-11
1278.282 1.618 -1.762 4.30997952e-10 7.877588400000001e-11 -7.8882012e-11
1282.039 2.497 -2.14 3.14431744e-10 5.747676e-11 -5.7558776000000004e-11
1286.575 2.001 -2.039 3.608614240000001e-10 6.596801200000001e-11 -6.606512e-11
1290.851 1.983 -2.275 3.4273628400000005e-10 6.265314e-11 -6.2744352e-11
1295.934 2.586 -3.1 2.44795936e-10 4.7649800000000006e-11 -4.7713644e-11
1301.394 2.755 -2.874 2.58977928e-10 4.8842684e-11 -4.8911808e-11
1306.482 2.015 -2.333 3.2847782e-10 6.393851200000001e-11 -6.402418000000001e-11
1310.935 2.788 -2.437 2.8071089200000003e-10 5.2941944e-11 -5.3017272000000004e-11
1315.393 1.995 -1.67 4.00549336e-10 7.555856e-11 -7.567718400000001e-11
1319.909 3.586 -2.522 2.37194672e-10 4.4746812e-11 -4.4819324000000004e-11
1859.468 3.328 -3.075 2.3930953200000004e-10 4.421384000000001e-11 -4.473471200000001e-11
1871.278 6.035 -8.481 2.03550512e-10 3.75561868e-11 -3.79459564e-11
1881.414 4.476 -4.101 1.7488869200000002e-10 3.43421716e-11 -3.4681209200000003e-11
1890.229 2.765 -4.339 2.1102901600000002e-10 4.14399788e-11 -4.18502216e-11
1901.263 8.219 -8.27 1.5580576e-10 3.05615904e-11 -3.082882e-11
1911.993 2.53 -2.51 3.00273292e-10 5.5306152e-11 -5.5781088e-11
1920.141 4.345 -5.618 1.30674764e-10 2.9149643600000005e-11 -2.9317160400000004e-11
1928.416 2.656 -3.93 2.23705372e-10 4.24742868e-11 -4.2803508e-11
1336.708 10.586 -11.979 2.2203434000000003e-10 4.8992944e-11 -4.8992944e-11
1357.816 7.03 -10.521 2.7443275200000004e-10 6.154346e-11 -6.154346e-11
1371.225 6.158 -6.379 4.2314338e-10 9.045286800000001e-11 -9.045286800000001e-11
1385.077 7.349 -7.694 3.3629719200000005e-10 7.4309268e-11 -7.4309268e-11
1404.651 10.341 -12.224 2.24148452e-10 4.9184828e-11 -4.9184828e-11
1424.1 8.444 -9.108 2.98744776e-10 6.420022400000001e-11 -6.420022400000001e-11
1444.152 10.957 -11.608 2.3444797200000005e-10 5.0249364e-11 -5.0249364e-11
1466.946 10.729 -11.837 2.33796332e-10 5.0109708e-11 -5.0109708e-11
1488.717 9.017 -11.042 2.6299605200000004e-10 5.6517824000000006e-11 -5.6517824000000006e-11
1514.75 15.579 -17.016 1.46727372e-10 3.3145547600000005e-11 -3.3145547600000005e-11
1546.012 14.405 -15.683 1.65401104e-10 3.63443564e-11 -3.63443564e-11
1567.933 10.035 -7.516 2.73940656e-10 6.1882876e-11 -6.1882876e-11
1588.403 9.623 -10.435 2.8974316800000004e-10 5.921511200000001e-11 -5.921511200000001e-11
1608.858 11.734 -10.832 2.44244792e-10 5.1121884e-11 -5.1121884e-11
1630.61 10.04 -10.018 2.38898044e-10 5.3809228e-11 -5.3809228e-11
1658.959 11.78 -18.308 1.66683484e-10 3.65245936e-11 -3.65245936e-11
1678.754 9.536 -8.015 2.7278803200000005e-10 6.108581600000001e-11 -6.108581600000001e-11
1698.131 10.217 -9.842 2.51285628e-10 5.4910812000000004e-11 -5.4910812000000004e-11
1728.205 12.738 -19.857 1.5514312e-10 3.4042998000000005e-11 -3.4042998000000005e-11
1752.72 8.282 -11.777 2.40846892e-10 5.3933176000000006e-11 -5.3933176000000006e-11
1770.024 6.022 -9.022 3.16600592e-10 7.1519712e-11 -7.1519712e-11
1789.58 14.046 -13.534 1.8266762800000003e-10 4.0027125600000004e-11 -4.0027125600000004e-11
1832.028 106.74 -28.402 1.75198584e-10 2.72785084e-11 -2.72785084e-11
6693.564 21.445 -33.716 3.48797988e-11 7.4859576e-12 -7.4859576e-12
6733.175 21.951 -18.166 4.406718800000001e-11 9.882514400000001e-12 -9.882514400000001e-12
6771.987 15.734 -16.861 6.0068404e-11 1.2874813600000001e-11 -1.2874813600000001e-11
6817.368 25.513 -29.647 3.3762066800000006e-11 7.4501592e-12 -7.4501592e-12
6872.707 20.321 -29.825 3.45255768e-11 7.8111616e-12 -7.8111616e-12
6930.106 30.619 -37.078 2.6341422800000003e-11 5.9246396e-12 -5.9246396e-12
6983.902 24.462 -23.177 3.63428296e-11 8.186120800000001e-12 -8.186120800000001e-12
7026.208 12.244 -17.844 6.1981216e-11 1.3525410800000001e-11 -1.3525410800000001e-11
7063.388 22.703 -24.936 3.6788994e-11 8.311001600000001e-12 -8.311001600000001e-12
7118.244 25.515 -32.153 3.18933252e-11 7.0377912e-12 -7.0377912e-12
7166.431 32.489 -22.672 3.1693684e-11 7.1599176e-12 -7.1599176e-12
7221.594 24.965 -22.674 3.63919996e-11 8.294523600000002e-12 -8.294523600000002e-12
7277.5 29.235 -30.941 2.97588104e-11 6.7228128e-12 -6.7228128e-12
7430.505 292.648 -123.771 3.1983349200000003e-11 5.032288800000001e-12 -5.032288800000001e-12
16878.903 79.502 -75.951 8.6779132e-12 1.6569806000000002e-12 -1.6569806000000002e-12
19009.928 268.522 -148.655 1.21427416e-11 2.2128356800000003e-12 -2.2128356800000003e-12
23165.711 1887.576 -573.199 6.662370000000001e-12 1.09030328e-12 -1.09030328e-12
28471.039 76.532 -141.604 3.79520416e-12 9.8949884e-13 -9.8949884e-13
28675.636 92.578 -128.065 4.9491596e-12 1.11402104e-12 -1.11402104e-12
28877.725 93.581 -109.511 5.384658400000001e-12 1.21852676e-12 -1.21852676e-12
29070.15 129.318 -98.845 5.05461e-12 1.11350888e-12 -1.11350888e-12
34256.053 106.83 -151.423 3.36157932e-12 8.793294400000001e-13 -8.793294400000001e-13
34468.893 109.618 -106.01 4.051389320000001e-12 1.05516312e-12 -1.05516312e-12
34709.583 112.137 -131.071 3.56506084e-12 9.3174268e-13 -9.3174268e-13
34904.512 127.822 -82.792 4.1420222800000005e-12 1.0787678e-12 -1.0787678e-12
35189.087 129.076 -156.754 3.0432842000000003e-12 7.967652000000001e-13 -7.967652000000001e-13
40059.598 172.37 -173.638 2.8562952e-12 7.4208068e-13 -7.4208068e-13
40420.163 120.204 -188.195 3.1694405600000003e-12 8.218641200000001e-13 -8.218641200000001e-13
40787.463 191.682 -247.096 2.19776656e-12 5.737371200000001e-13 -5.737371200000001e-13
41202.117 175.686 -222.971 4.05772488e-12 8.159694400000001e-13 -8.159694400000001e-13
45896.067 158.507 -232.634 2.52637572e-12 6.581401200000001e-13 -6.581401200000001e-13
46428.258 471.275 -373.684 1.7293122e-12 3.7284077600000007e-13 -3.7284077600000007e-13
53542.87 3725.527 -2100.628 2.5157968e-12 6.6044484e-13 -6.6044484e-13
57739.392 378.98 -470.994 1.2973034800000002e-12 2.93532404e-13 -2.93532404e-13
63416.515 461.171 -368.746 1.5710424400000003e-12 3.6445002e-13 -3.6445002e-13
69042.941 266.366 -257.663 1.5224167200000002e-12 3.985897960000001e-13 -3.985897960000001e-13
69864.456 1380.366 -555.149 1.16547816e-12 2.64231836e-13 -2.64231836e-13
76774.643 4248.678 -2174.524 1.0149708800000002e-12 1.9633882399999998e-13 -1.9633882399999998e-13
144006.598 30751.266 -16246.074 2.9284838e-13 5.101382000000001e-14 -5.101382000000001e-14
269308.659 49870.482 -49372.277 1.21435292e-13 3.1659487200000005e-14 -3.1659487200000005e-14
349964.81 61672.533 -26685.073 7.2495236e-14 2.0445484400000003e-14 -2.0445484400000003e-14
480435.793 69323.658 -64650.292 4.04307772e-14 1.1819077600000002e-14 -1.1819077600000002e-14
646329.467 112521.298 -91674.688 2.61629676e-14 9.661106400000001e-15 -8.0189384e-15
