col1 col2 col3 col4 col5 col6
685.29 0.747 -0.948 1.129868223e-09 1.7212689339999998e-10 -1.7212689339999998e-10
686.907 0.768 -0.87 1.188057827e-09 1.771055616e-10 -1.771055616e-10
688.385 0.846 -0.709 1.251916534e-09 1.866250474e-10 -1.866250881e-10
690.2 0.632 -0.969 1.2157492929999998e-09 1.812335998e-10 -1.812335998e-10
691.573 0.755 -0.741 1.280355252e-09 1.950523894e-10 -1.9505243009999997e-10
692.905 0.629 -0.577 1.613827446e-09 2.4057562429999997e-10 -2.40575665e-10
694.255 0.706 -0.721 1.3642741749999998e-09 2.033743998e-10 -2.033743998e-10
695.791 0.617 -0.83 1.345484613e-09 2.005734258e-10 -2.005734258e-10
697.191 0.741 -0.784 1.256111076e-09 1.913590272e-10 -1.913590272e-10
698.694 0.875 -0.762 1.188998404e-09 1.772457324e-10 -1.772457731e-10
700.183 0.578 -0.614 1.6326654409999998e-09 2.433838429e-10 -2.433838836e-10
701.373 0.51 -0.612 1.73359615e-09 2.5842973749999997e-10 -2.584297782e-10
702.479 0.563 -0.596 1.653584427e-09 2.51911022e-10 -2.5191106269999996e-10
703.688 0.546 -0.646 1.6066756419999998e-09 2.447648753e-10 -2.447648753e-10
704.757 0.559 -0.523 1.770514306e-09 2.697244759e-10 -2.697244759e-10
705.947 0.614 -0.632 1.563019194e-09 2.330015985e-10 -2.330015985e-10
707.105 0.601 -0.544 1.6719832689999998e-09 2.5471394959999997e-10 -2.547139903e-10
708.37 0.561 -0.663 1.565027739e-09 2.384201523e-10 -2.384201523e-10
709.447 0.487 -0.516 1.939980966e-09 2.891958443e-10 -2.891958443e-10
710.459 0.578 -0.525 1.7647572909999999e-09 2.630749913e-10 -2.630749913e-10
711.557 0.362 -0.52 2.1708472389999998e-09 3.307121235e-10 -3.307121235e-10
712.374 0.464 -0.454 2.120476105e-09 3.1610253289999997e-10 -3.1610253289999997e-10
713.513 0.677 -0.676 1.439675402e-09 2.1461451879999998e-10 -2.146145595e-10
714.803 0.599 -0.613 1.606708202e-09 2.395143718e-10 -2.395144125e-10
715.92 0.479 -0.519 1.950374932e-09 2.907452933e-10 -2.90745334e-10
716.722 0.325 -0.323 3.006080022e-09 4.48120838e-10 -4.48120838e-10
717.475 0.376 -0.428 2.420846582e-09 3.608792077e-10 -3.608792077e-10
718.19 0.341 -0.339 2.818899908e-09 4.2943790999999996e-10 -4.2943790999999996e-10
718.958 0.531 -0.428 1.933169007e-09 3.077553699e-10 -3.0775541059999996e-10
719.874 0.42 -0.384 2.420825825e-09 3.608761145e-10 -3.608761145e-10
720.756 0.437 -0.462 2.166756482e-09 3.230015899e-10 -3.230016306e-10
721.645 0.485 -0.452 2.043265356e-09 3.112760013e-10 -3.112760013e-10
722.73 0.466 -0.6 1.826745426e-09 2.723156414e-10 -2.723156414e-10
723.629 0.488 -0.434 2.1124061090000003e-09 3.148994816e-10 -3.148995223e-10
724.661 0.39 -0.544 2.0842140329999998e-09 3.1069688099999997e-10 -3.1069688099999997e-10
725.726 0.483 -0.675 1.6273264149999999e-09 2.534007234e-10 -2.534007234e-10
726.704 0.574 -0.495 1.8206005399999998e-09 2.713996472e-10 -2.713996472e-10
727.759 0.409 -0.48 2.18829655e-09 3.262126164e-10 -3.262126164e-10
728.956 0.566 -0.788 1.4377197669999998e-09 2.1432298469999997e-10 -2.1432302539999999e-10
730.163 0.617 -0.641 1.5229069019999998e-09 2.3200330889999998e-10 -2.3200330889999998e-10
731.423 0.599 -0.643 1.5674852050000002e-09 2.336673284e-10 -2.336673284e-10
732.823 0.772 -0.801 1.237690256e-09 1.845043332e-10 -1.845043332e-10
734.073 0.498 -0.478 1.992904397e-09 2.97085173e-10 -2.970852137e-10
735.418 0.504 -0.847 1.418570417e-09 2.1610849369999998e-10 -2.1610849369999998e-10
736.684 0.766 -0.762 1.273695918e-09 1.898717678e-10 -1.898717678e-10
738.324 0.791 -0.874 1.1504375959999999e-09 1.7526046780000002e-10 -1.752605085e-10
739.966 0.896 -0.851 1.114269134e-09 1.6610577609999998e-10 -1.6610577609999998e-10
741.974 0.894 -1.111 9.70918443e-10 1.447362818e-10 -1.447362818e-10
743.556 0.801 -0.688 1.286518453e-09 1.9599133839999998e-10 -1.959913791e-10
745.029 0.548 -0.672 1.5950631179999998e-09 2.377784761e-10 -2.377784761e-10
746.187 0.617 -0.61 1.560582485e-09 2.37742945e-10 -2.37742945e-10
747.387 0.731 -0.582 1.4590815690000001e-09 2.222800382e-10 -2.222800382e-10
748.678 0.383 -0.56 2.111048357e-09 3.146971619e-10 -3.146971619e-10
749.647 0.506 -0.586 1.7690914339999999e-09 2.754758336e-10 -2.754758336e-10
750.534 0.402 -0.381 2.5498159279999998e-09 3.801049109e-10 -3.801049109e-10
751.287 0.319 -0.351 2.928557918e-09 4.46143632e-10 -4.46143632e-10
752.052 0.302 -0.445 2.671239087e-09 3.982055847e-10 -3.982055847e-10
752.627 0.246 -0.274 3.84218582e-09 5.727605179999999e-10 -5.727605179999999e-10
753.187 0.351 -0.314 4.0663777e-09 5.20647831e-10 -5.20647831e-10
753.849 0.36 -0.31 4.43091946e-09 5.41324652e-10 -5.41324652e-10
754.458 0.329 -0.249 3.989195034e-09 5.53202947e-10 -5.53202947e-10
755.04 0.312 -0.252 3.539180832e-09 5.27590844e-10 -5.27590844e-10
755.696 0.328 -0.344 4.41907983e-09 5.39878174e-10 -5.39878174e-10
756.276 0.265 -0.253 3.855395005e-09 5.74729584e-10 -5.74729584e-10
756.852 0.302 -0.31 4.85584781e-09 5.93238316e-10 -5.93238316e-10
757.49 0.267 -0.336 3.4039265919999996e-09 5.069388500000001e-10 -5.069388500000001e-10
758.101 0.346 -0.344 4.30518495e-09 5.25963658e-10 -5.25963658e-10
758.705 0.288 -0.258 3.518526396e-09 5.478907830000001e-10 -5.478907830000001e-10
759.279 0.325 -0.285 4.74857075e-09 5.80132102e-10 -5.80132102e-10
759.948 0.264 -0.345 3.0459599169999997e-09 4.84908754e-10 -4.84908754e-10
760.541 0.303 -0.329 4.4899059699999995e-09 5.64784539e-10 -5.64784539e-10
761.084 0.302 -0.24 4.0648441240000005e-09 5.691931629999999e-10 -5.691931629999999e-10
761.622 0.287 -0.236 4.051565749e-09 5.78796328e-10 -5.78796328e-10
762.147 0.281 -0.238 5.57783325e-09 6.81442542e-10 -6.81442542e-10
762.653 0.314 -0.224 3.6222609279999998e-09 5.39975854e-10 -5.39975854e-10
763.251 0.33 -0.285 4.65699575e-09 5.77286358e-10 -5.772867649999999e-10
763.828 0.279 -0.246 4.037831941e-09 5.768341809999999e-10 -5.768341809999999e-10
764.361 0.265 -0.255 3.853343725e-09 5.73869593e-10 -5.73869593e-10
764.911 0.261 -0.285 3.563267499e-09 5.31181398e-10 -5.31181398e-10
765.496 0.314 -0.323 3.0556461099999997e-09 4.5550951599999997e-10 -4.5550951599999997e-10
766.052 0.259 -0.243 3.866388482e-09 6.00575305e-10 -6.00575305e-10
766.564 0.293 -0.253 3.4498618329999996e-09 5.37198486e-10 -5.37198486e-10
767.128 0.241 -0.271 3.7983429659999995e-09 5.66224505e-10 -5.66224505e-10
767.594 0.289 -0.225 3.809117884e-09 5.73676268e-10 -5.73676268e-10
768.214 0.26 -0.33 3.295010136e-09 4.911920199999999e-10 -4.911920199999999e-10
768.714 0.264 -0.24 3.828356367e-09 5.89057205e-10 -5.89057205e-10
769.325 0.251 -0.347 3.255827432e-09 4.85350756e-10 -4.85351163e-10
769.928 0.334 -0.353 2.8345922e-09 4.2255676099999997e-10 -4.2255676099999997e-10
770.611 0.263 -0.349 3.180671219e-09 4.74147267e-10 -4.74147267e-10
771.135 0.241 -0.26 3.694756989e-09 5.88195586e-10 -5.88195586e-10
771.672 0.286 -0.296 3.346027586e-09 4.98797222e-10 -4.98797222e-10
772.299 0.335 -0.341 2.833531558e-09 4.31667049e-10 -4.31667049e-10
773.005 0.373 -0.371 2.6175871259999995e-09 3.90207587e-10 -3.902076277e-10
773.731 0.371 -0.354 2.6883383779999998e-09 4.007545443e-10 -4.00754585e-10
774.417 0.388 -0.315 2.770058687e-09 4.12936909e-10 -4.12936909e-10
775.161 0.441 -0.356 2.403455472e-09 3.6614818900000003e-10 -3.661482297e-10
775.921 0.282 -0.319 3.237133108e-09 4.82564027e-10 -4.82564434e-10
776.584 0.366 -0.381 2.621563516e-09 3.948232926e-10 -3.9482333329999997e-10
777.291 0.335 -0.341 2.879344699e-09 4.29228305e-10 -4.29228305e-10
777.979 0.36 -0.353 2.728556897e-09 4.067500613e-10 -4.067500613e-10
778.679 0.387 -0.339 2.681746606e-09 3.9977200559999995e-10 -3.9977200559999995e-10
779.393 0.45 -0.328 2.463967418e-09 3.753668204e-10 -3.753668204e-10
780.24 0.311 -0.397 2.749169005e-09 4.09822952e-10 -4.09822952e-10
780.89 0.391 -0.339 2.668672545e-09 3.978230454e-10 -3.978230454e-10
781.671 0.355 -0.39 2.611382411e-09 3.892827202e-10 -3.892827202e-10
782.478 0.48 -0.452 2.021650807e-09 3.148033482e-10 -3.148033889e-10
783.489 0.426 -0.531 2.078938906e-09 3.065234623e-10 -3.06523503e-10
784.423 0.363 -0.507 2.201935527e-09 3.354482197e-10 -3.354482197e-10
785.285 0.411 -0.5 2.13706339e-09 3.185752207e-10 -3.185752207e-10
786.082 0.385 -0.385 2.486709357e-09 3.788313265e-10 -3.7883136719999996e-10
786.849 0.409 -0.383 2.513413441e-09 3.705833494e-10 -3.705833494e-10
787.589 0.381 -0.331 2.691859742e-09 4.1008465299999996e-10 -4.1008465299999996e-10
788.449 0.416 -0.479 2.140644583e-09 3.261110292e-10 -3.261110292e-10
789.432 0.488 -0.567 1.84511415e-09 2.7505389669999996e-10 -2.750539374e-10
790.36 0.485 -0.44 2.104185116e-09 3.1367400460000003e-10 -3.1367400460000003e-10
791.199 0.482 -0.354 2.254003444e-09 3.509843458e-10 -3.5098438649999997e-10
791.964 0.365 -0.283 2.9582237409999996e-09 4.5066296000000003e-10 -4.5066296000000003e-10
792.798 0.486 -0.469 2.005202716e-09 3.0547747229999995e-10 -3.0547747229999995e-10
793.867 0.367 -0.583 2.049070397e-09 3.054579363e-10 -3.05457977e-10
794.743 0.44 -0.508 2.020290613e-09 3.077760048e-10 -3.077760048e-10
795.782 0.621 -0.599 1.5696992849999999e-09 2.391318325e-10 -2.391318325e-10
796.961 0.616 -0.558 1.6578868239999998e-09 2.471436275e-10 -2.4714366820000003e-10
798.097 0.526 -0.52 1.8312818479999998e-09 2.789819758e-10 -2.789819758e-10
799.156 0.594 -0.532 1.72860226e-09 2.576852938e-10 -2.576852938e-10
800.206 0.375 -0.456 2.3430448689999996e-09 3.492811729e-10 -3.492812136e-10
801.304 0.577 -0.724 1.5061519329999998e-09 2.245243176e-10 -2.245243176e-10
802.693 0.539 -0.812 1.431105203e-09 2.2284593099999997e-10 -2.2284593099999997e-10
803.9 0.737 -0.668 1.420128006e-09 2.1170060229999998e-10 -2.1170060229999998e-10
805.094 0.485 -0.458 2.083133448e-09 3.173496216e-10 -3.173496216e-10
806.138 0.475 -0.559 1.931023303e-09 2.87860518e-10 -2.878605587e-10
807.304 0.523 -0.691 1.645046381e-09 2.4522946579999996e-10 -2.4522950649999997e-10
808.455 0.626 -0.628 1.5154404869999998e-09 2.41254134e-10 -2.41254134e-10
810.104 0.968 -1.023 1.002603393e-09 1.494595982e-10 -1.494595982e-10
811.658 0.548 -0.587 1.75850862e-09 2.6214349039999996e-10 -2.6214349039999996e-10
812.688 0.495 -0.481 1.998766011e-09 2.9795904269999997e-10 -2.9795904269999997e-10
813.657 0.35 -0.474 2.325769347e-09 3.543133616e-10 -3.543133616e-10
814.474 0.549 -0.467 1.8553758409999999e-09 2.889116362e-10 -2.889116362e-10
815.501 0.485 -0.477 2.022630863e-09 3.0151658899999997e-10 -3.0151658899999997e-10
816.431 0.512 -0.445 2.0339181939999997e-09 3.031992491e-10 -3.031992491e-10
817.447 0.529 -0.504 1.823469483e-09 2.8394330579999997e-10 -2.8394330579999997e-10
818.402 0.355 -0.426 2.452918182e-09 3.7368350909999996e-10 -3.7368350909999996e-10
819.058 0.308 -0.301 3.097720956e-09 4.823645970000001e-10 -4.823645970000001e-10
819.982 0.512 -0.616 1.698472457e-09 2.5874939529999996e-10 -2.5874943599999997e-10
820.992 0.352 -0.498 2.2892297009999996e-09 3.412588366e-10 -3.4125887729999996e-10
821.791 0.347 -0.446 2.453505483e-09 3.65747701e-10 -3.65747701e-10
822.623 0.42 -0.485 2.14985133e-09 3.2048152730000003e-10 -3.2048152730000003e-10
823.438 0.353 -0.394 2.522584372e-09 3.92806689e-10 -3.92806689e-10
824.149 0.322 -0.358 2.86468578e-09 4.27043122e-10 -4.27043122e-10
824.914 0.352 -0.444 2.448120466e-09 3.649449749e-10 -3.649449749e-10
825.748 0.379 -0.482 2.224996961e-09 3.389614437e-10 -3.389614437e-10
826.454 0.447 -0.327 2.475625526e-09 3.771428056e-10 -3.771428056e-10
827.264 0.356 -0.363 2.6656029510000002e-09 4.0608445350000004e-10 -4.060844942e-10
827.944 0.297 -0.324 3.1356212029999996e-09 4.67431767e-10 -4.67431767e-10
828.579 0.369 -0.339 2.618284317e-09 4.1682375899999997e-10 -4.1682375899999997e-10
829.36 0.405 -0.412 2.384118088e-09 3.554040402e-10 -3.554040402e-10
830.136 0.424 -0.371 2.409166089e-09 3.670182329e-10 -3.670182329e-10
830.904 0.312 -0.344 2.965612826e-09 4.4208828400000004e-10 -4.4208828400000004e-10
831.641 0.38 -0.424 2.421039907e-09 3.60908064e-10 -3.60908064e-10
832.394 0.339 -0.373 2.648710823e-09 4.12446474e-10 -4.12446474e-10
833.238 0.402 -0.505 2.111595365e-09 3.216855961e-10 -3.216855961e-10
834.053 0.332 -0.413 2.669365259e-09 3.935772214e-10 -3.935772214e-10
834.785 0.387 -0.4 2.475430573e-09 3.6901615520000004e-10 -3.6901615520000004e-10
835.703 0.575 -0.532 1.731058505e-09 2.637136557e-10 -2.637136557e-10
836.64 0.303 -0.362 2.878924268e-09 4.38582386e-10 -4.38582386e-10
837.444 0.437 -0.5 2.0431102889999997e-09 3.1125239529999996e-10 -3.1125239529999996e-10
838.364 0.513 -0.483 1.953830362e-09 2.912603925e-10 -2.912604332e-10
839.272 0.405 -0.394 2.398049698e-09 3.653246652e-10 -3.6532470589999997e-10
840.126 0.419 -0.449 2.242065727e-09 3.342280744e-10 -3.342280744e-10
840.949 0.416 -0.405 2.373380207e-09 3.538032685e-10 -3.538033092e-10
841.835 0.4 -0.47 2.16627378e-09 3.373234315e-10 -3.373234315e-10
842.788 0.543 -0.553 1.77618056e-09 2.647778386e-10 -2.647778793e-10
843.89 0.493 -0.559 1.794460151e-09 2.794260942e-10 -2.794260942e-10
844.861 0.445 -0.479 2.161717415e-09 3.2225039e-10 -3.222504307e-10
845.705 0.339 -0.399 2.660427539e-09 4.052959724e-10 -4.052959724e-10
846.402 0.356 -0.357 2.797841321e-09 4.17078541e-10 -4.17078541e-10
847.095 0.335 -0.338 2.920897771e-09 4.4497676299999997e-10 -4.4497676299999997e-10
847.716 0.342 -0.286 3.0771458849999996e-09 4.79160693e-10 -4.79160693e-10
848.38 0.297 -0.322 4.80007253e-09 5.86423915e-10 -5.86423915e-10
848.969 0.315 -0.292 3.2378286709999996e-09 4.932587659999999e-10 -4.932587659999999e-10
849.604 0.384 -0.32 4.12814809e-09 5.1927909e-10 -5.1927909e-10
850.312 0.384 -0.324 2.72921176e-09 4.24982074e-10 -4.24982074e-10
850.945 0.284 -0.248 3.752271787e-09 5.593567870000001e-10 -5.593567870000001e-10
851.531 0.326 -0.302 3.1782703260000003e-09 4.737895139999999e-10 -4.737895139999999e-10
852.156 0.33 -0.3 3.1692971969999997e-09 4.72451705e-10 -4.72451705e-10
852.733 0.259 -0.247 3.887593589e-09 5.922456429999999e-10 -5.922456429999999e-10
853.239 0.272 -0.247 3.8422301829999995e-09 5.7276703e-10 -5.7276703e-10
853.804 0.314 -0.293 3.2901204380000002e-09 4.90463083e-10 -4.90463083e-10
854.458 0.293 -0.341 3.151550776e-09 4.69806205e-10 -4.69806205e-10
855.054 0.322 -0.303 3.147354199e-09 4.69180646e-10 -4.69180646e-10
855.635 0.248 -0.259 3.8394894449999994e-09 5.72358402e-10 -5.72358402e-10
856.223 0.345 -0.34 2.7969894699999998e-09 4.26100103e-10 -4.26100103e-10
856.873 0.246 -0.306 3.5298479149999997e-09 5.26199718e-10 -5.26199718e-10
857.377 0.317 -0.258 3.387783751e-09 5.0502188e-10 -5.0502188e-10
857.951 0.278 -0.257 3.635390341e-09 5.41933117e-10 -5.41933117e-10
858.627 0.341 -0.398 2.63675764e-09 3.9306541889999996e-10 -3.9306541889999996e-10
859.249 0.3 -0.281 3.3463531860000003e-09 4.98845655e-10 -4.98846062e-10
859.832 0.244 -0.282 3.802355172e-09 5.662757870000001e-10 -5.662757870000001e-10
860.379 0.239 -0.303 3.587780702e-09 5.348358510000001e-10 -5.348358510000001e-10
860.951 0.231 -0.333 3.451970907e-09 5.1459045e-10 -5.1459045e-10
861.583 0.308 -0.401 2.705657042e-09 4.12186401e-10 -4.12186401e-10
862.19 0.325 -0.299 3.117529239e-09 4.64734578e-10 -4.64734578e-10
862.776 0.306 -0.261 3.430263969e-09 5.11354393e-10 -5.113548e-10
863.382 0.29 -0.299 3.095483677e-09 5.03920538e-10 -5.03920538e-10
863.983 0.292 -0.311 3.227888917e-09 4.81186332e-10 -4.81186332e-10
864.516 0.286 -0.241 3.7201322179999997e-09 5.602745719999999e-10 -5.602745719999999e-10
865.097 0.335 -0.295 3.091171919e-09 4.6080539999999996e-10 -4.6080539999999996e-10
865.783 0.321 -0.352 4.31035792e-09 5.265953219999999e-10 -5.265953219999999e-10
866.358 0.249 -0.255 3.866871998e-09 5.76440205e-10 -5.76440205e-10
866.873 0.249 -0.266 3.786583515e-09 5.64471556e-10 -5.64471556e-10
867.392 0.277 -0.271 3.553002552e-09 5.29651485e-10 -5.29651485e-10
867.95 0.349 -0.281 3.984352955e-09 5.23172452e-10 -5.23172452e-10
868.534 0.31 -0.235 3.837204954e-09 5.592057899999999e-10 -5.592057899999999e-10
869.103 0.256 -0.26 3.857382793e-09 5.68741393e-10 -5.68741393e-10
869.666 0.288 -0.306 3.2764033170000003e-09 4.88418315e-10 -4.88418315e-10
870.246 0.24 -0.292 3.660017097e-09 5.45604257e-10 -5.45604257e-10
870.84 0.329 -0.354 2.8498518510000004e-09 4.2483189099999996e-10 -4.2483189099999996e-10
871.413 0.274 -0.244 3.760565632999999e-09 5.60593253e-10 -5.60593253e-10
872.011 0.239 -0.325 3.452122718e-09 5.14613242e-10 -5.14613242e-10
872.54 0.269 -0.29 3.485110475e-09 5.19530616e-10 -5.19530616e-10
873.07 0.264 -0.261 3.8744458609999995e-09 5.65147176e-10 -5.65147176e-10
873.598 0.292 -0.263 3.3958915979999997e-09 5.2879475e-10 -5.2879475e-10
874.134 0.288 -0.245 3.5897570939999996e-09 5.46872469e-10 -5.46872469e-10
874.733 0.325 -0.31 4.56394334e-09 5.57576162e-10 -5.57576162e-10
875.297 0.279 -0.239 4.011285773e-09 5.789802919999999e-10 -5.789802919999999e-10
875.882 0.236 -0.307 4.009325661e-09 5.72268862e-10 -5.72268862e-10
876.457 0.33 -0.339 4.3333697e-09 5.29406878e-10 -5.29406878e-10
877.094 0.31 -0.307 4.645298569999999e-09 5.75836624e-10 -5.75837031e-10
877.653 0.27 -0.248 3.844149595e-09 5.66790235e-10 -5.66790235e-10
878.177 0.267 -0.254 3.734911609e-09 5.56768674e-10 -5.56768674e-10
878.792 0.319 -0.348 2.9182066870000003e-09 4.35021543e-10 -4.35021543e-10
879.377 0.266 -0.266 3.659958082e-09 5.45595303e-10 -5.45595303e-10
879.911 0.353 -0.268 3.035823989e-09 4.7272643e-10 -4.7272643e-10
880.7 0.338 -0.436 2.475682506e-09 3.7715155609999996e-10 -3.7715155609999996e-10
881.32 0.253 -0.282 3.716506662e-09 5.47970148e-10 -5.47970148e-10
881.855 0.248 -0.282 3.672271867e-09 5.47430873e-10 -5.4743128e-10
882.424 0.258 -0.32 3.3671663519999996e-09 5.01948623e-10 -5.01948623e-10
882.943 0.297 -0.262 3.4296636439999998e-09 5.224834009999999e-10 -5.224834009999999e-10
883.617 0.306 -0.377 2.849811558e-09 4.2482578599999995e-10 -4.2482578599999995e-10
884.199 0.332 -0.275 3.209177092e-09 4.78396754e-10 -4.78396754e-10
884.91 0.479 -0.38 2.265689228e-09 3.3774968259999996e-10 -3.3774968259999996e-10
885.688 0.314 -0.298 3.1811665379999997e-09 4.742213410000001e-10 -4.742213410000001e-10
886.398 0.29 -0.397 2.835155895e-09 4.2264100999999995e-10 -4.2264100999999995e-10
887.28 0.49 -0.592 1.799678298e-09 2.6828068409999997e-10 -2.6828068409999997e-10
888.18 0.342 -0.41 2.5866323340000002e-09 3.8559310239999994e-10 -3.855931431e-10
888.986 0.375 -0.463 2.323026574e-09 3.462970082e-10 -3.462970082e-10
889.778 0.312 -0.417 2.668650567e-09 3.97819708e-10 -3.9781974869999995e-10
890.603 0.429 -0.513 2.0644261e-09 3.077470264e-10 -3.0774706710000003e-10
891.454 0.413 -0.422 2.332955339e-09 3.477771451e-10 -3.477771451e-10
892.241 0.427 -0.374 2.431470503e-09 3.624628854e-10 -3.624629261e-10
893.177 0.446 -0.509 2.0375152599999998e-09 3.0373547159999996e-10 -3.0373547159999996e-10
893.917 0.469 -0.294 2.550458581e-09 3.8020063729999997e-10 -3.8020063729999997e-10
894.875 0.468 -0.489 2.033728125e-09 3.031708812e-10 -3.031708812e-10
895.774 0.354 -0.431 2.48105572e-09 3.6985465660000003e-10 -3.698546973e-10
896.659 0.498 -0.53 1.832755595e-09 2.853893361e-10 -2.853893361e-10
897.692 0.598 -0.535 1.717685706e-09 2.560579857e-10 -2.560579857e-10
898.808 0.487 -0.518 1.9365849580000002e-09 2.88689577e-10 -2.88689577e-10
899.944 0.622 -0.649 1.5324559359999998e-09 2.284454777e-10 -2.284454777e-10
901.243 0.694 -0.677 1.419147136e-09 2.115544079e-10 -2.115544079e-10
902.719 0.714 -0.782 1.301042655e-09 1.939483205e-10 -1.939483612e-10
904.089 0.636 -0.655 1.4831295710000001e-09 2.259435266e-10 -2.259435673e-10
905.705 0.872 -0.98 1.017618844e-09 1.584595078e-10 -1.584595078e-10
907.226 0.646 -0.649 1.5029704139999998e-09 2.2405004049999999e-10 -2.2405004049999999e-10
908.517 0.501 -0.645 1.699103307e-09 2.532878623e-10 -2.532878623e-10
909.622 0.757 -0.604 1.430344927e-09 2.1322359629999997e-10 -2.13223637e-10
910.931 0.549 -0.552 1.767711704e-09 2.63515406e-10 -2.63515406e-10
912.287 0.748 -0.807 1.251976363e-09 1.8663396069999998e-10 -1.8663396069999998e-10
913.813 0.844 -0.778 1.161627247e-09 1.808839461e-10 -1.808839461e-10
915.604 0.953 -0.947 1.0245443559999999e-09 1.5273037229999998e-10 -1.5273037229999998e-10
917.434 0.948 -0.876 1.050538632e-09 1.600415982e-10 -1.600415982e-10
919.14 0.749 -0.758 1.291707703e-09 1.925567875e-10 -1.9255682819999998e-10
921.204 1.204 -1.316 7.60270709e-10 1.1582149590000001e-10 -1.1582149590000001e-10
923.587 1.078 -1.18 8.483422529999999e-10 1.292384951e-10 -1.292384951e-10
925.77 0.965 -1.104 9.40644155e-10 1.402231809e-10 -1.402232216e-10
927.895 1.156 -1.161 8.00099322e-10 1.2737366179999998e-10 -1.2737366179999998e-10
930.265 0.964 -1.214 8.79666194e-10 1.340104887e-10 -1.340104887e-10
932.453 1.054 -1.225 8.54143224e-10 1.273283627e-10 -1.273283627e-10
934.57 1.161 -1.063 7.360456619999999e-10 1.377198867e-10 -1.377199274e-10
937.569 1.614 -1.838 5.55027935e-10 8.45543314e-11 -8.45543314e-11
940.469 1.468 -1.286 7.04199947e-10 1.0727954269999999e-10 -1.0727954269999999e-10
943.46 1.354 -1.523 6.827689549999999e-10 1.0401467009999999e-10 -1.0401467009999999e-10
946.125 1.532 -1.311 7.020672669999999e-10 1.046581778e-10 -1.046581778e-10
949.429 1.777 -1.772 3.995892626e-10 7.06381467e-11 -7.06381874e-11
953.121 1.768 -1.915 5.2851799e-10 7.87869379e-11 -7.87869379e-11
957.137 2.326 -2.248 4.0661803049999997e-10 6.20087699e-11 -6.20087699e-11
961.004 1.699 -1.541 3.939589467e-10 7.43125834e-11 -7.43125834e-11
964.927 2.452 -2.224 3.997581269e-10 6.507746849999999e-11 -6.507746849999999e-11
969.596 2.355 -2.218 3.7691919979999996e-10 6.32742143e-11 -6.32742143e-11
975.285 2.496 -3.334 2.1728199680000001e-10 4.09859582e-11 -4.09859582e-11
981.001 2.089 -3.22 2.3861608210000003e-10 4.5010211399999994e-11 -4.5010211399999994e-11
984.605 1.718 -1.515 4.014442465e-10 7.32934554e-11 -7.32934554e-11
989.44 2.547 -3.118 2.290906948e-10 4.18260876e-11 -4.18260876e-11
994.78 2.088 -2.792 2.595946936e-10 4.8967431699999994e-11 -4.8967431699999994e-11
999.243 2.409 -2.375 2.712882106e-10 4.9530272e-11 -4.9530272e-11
1004.442 3.297 -2.791 2.029846973e-10 3.957715212e-11 -3.957715212e-11
1011.95 2.554 -4.211 1.918379441e-10 3.502469839e-11 -3.502469839e-11
1018.144 2.879 -3.64 1.9908689899999998e-10 3.634817285e-11 -3.634817692e-11
117.227 35.496 -34.709 6.295655080000001e-11 1.442048619e-11 -1.442048619e-11
176.829 31.055 -24.106 8.0938869e-11 1.835532149e-11 -1.835532149e-11
241.5 24.052 -33.616 7.89092007e-11 1.774396272e-11 -1.774396272e-11
278.274 14.859 -12.722 1.711034919e-10 3.748773215e-11 -3.748773215e-11
320.817 22.462 -27.684 8.9469996e-11 2.0261261789999998e-11 -2.0261261789999998e-11
376.476 26.979 -33.197 7.82054163e-11 1.7203389389999998e-11 -1.7203389389999998e-11
429.411 29.204 -25.957 8.59819246e-11 1.883811303e-11 -1.883811303e-11
483.903 32.381 -25.288 7.8930731e-11 1.7748797879999998e-11 -1.7748797879999998e-11
547.806 31.161 -31.522 7.18457971e-11 1.6201241429999998e-11 -1.6201241429999998e-11
599.971 9.083 -21.004 1.492493013e-10 3.365574168e-11 -3.365574168e-11
617.054 7.044 -8.0 3.4631076480000004e-10 7.24753854e-11 -7.24753854e-11
636.988 9.676 -12.89 1.995701708e-10 4.4939678299999994e-11 -4.4939678299999994e-11
657.68 6.536 -11.015 2.636821132e-10 5.920970880000001e-11 -5.920970880000001e-11
674.101 7.661 -9.886 6.536961310000001e-10 9.20917272e-11 -9.20917272e-11
1037.05 10.824 -11.742 8.726352690000001e-11 1.9069134369999997e-11 -1.9069134369999997e-11
1057.764 7.661 -9.89 1.469061616e-10 3.2945962169999996e-11 -3.2945962169999996e-11
1073.685 9.291 -8.26 1.45409297e-10 3.270658919e-11 -3.270658919e-11
1099.212 18.867 -16.236 7.61436764e-11 1.668590924e-11 -1.668590924e-11
1127.299 8.331 -9.22 1.625757023e-10 3.475403525e-11 -3.475403525e-11
1148.315 9.88 -12.686 1.2970715559999998e-10 2.7115048179999998e-11 -2.7115048179999998e-11
1163.081 5.144 -4.885 2.571224535e-10 5.75788598e-11 -5.75788598e-11
1179.479 11.312 -11.254 1.192221437e-10 2.605283923e-11 -2.605283923e-11
1213.476 29.969 -22.685 1.23826494e-10 2.132817159e-11 -2.132817159e-11
4682.03 33.15 -34.548 1.33612402e-11 3.014943668e-12 -3.014943668e-12
4793.874 76.757 -78.695 1.1358767639999998e-11 1.834821527e-12 -1.834821527e-12
5931.875 107.692 -138.025 1.24745907e-11 2.8214151679999998e-12 -2.8214151679999998e-12
6127.351 70.177 -87.784 5.6789116999999994e-12 1.282633638e-12 -1.282633638e-12
6336.496 164.416 -138.968 6.4738396799999995e-12 1.0883110809999999e-12 -1.0883110809999999e-12
10938.39 101.193 -109.422 4.52495274e-12 1.022426735e-12 -1.022426735e-12
11143.463 116.763 -103.88 3.1928193549999996e-12 8.406760009999999e-13 -8.406760009999999e-13
11351.827 93.941 -91.6 5.146848739999999e-12 1.160510439e-12 -1.160510439e-12
11656.05 183.36 -210.282 3.168459591e-12 6.27399861e-13 -6.27399861e-13
22666.697 222.282 -379.475 2.079298287e-12 5.44190339e-13 -5.44190339e-13
23183.158 415.383 -294.179 1.9162068749999998e-12 4.85627516e-13 -4.85627516e-13
29019.201 521.73 -423.522 1.4621654080000001e-12 2.756380638e-13 -2.756380638e-13
51930.765 190069.795 -17221.535 2.406936136e-13 4.54522541e-14 -4.54522541e-14
475158.165 6540.852 -22355.4 1.3229942e-13 0.0 0.0
