col1 col2 col3 col4 col5 col6
93.067 0.278 -0.242 3.4538966000000004e-09 5.094803000000001e-10 -5.095972e-10
93.636 0.269 -0.292 3.13209925e-09 4.671345e-10 -4.672391500000001e-10
94.253 0.351 -0.348 3.701922e-09 4.5838625000000005e-10 -4.5853500000000006e-10
94.89 0.36 -0.285 2.71788755e-09 4.0540815000000003e-10 -4.0549705000000004e-10
95.523 0.256 -0.273 3.32186715e-09 4.955055e-10 -4.95614e-10
96.053 0.26 -0.274 3.1948108500000003e-09 4.950099000000001e-10 -4.951096500000001e-10
96.598 0.216 -0.286 3.49856185e-09 5.2190845e-10 -5.220187e-10
97.113 0.315 -0.299 2.778097e-09 4.3055005000000004e-10 -4.3062530000000004e-10
97.775 0.422 -0.347 3.36771785e-09 4.1733685e-10 -4.1743695e-10
98.557 0.274 -0.361 2.76362205e-09 4.1245190000000004e-10 -4.125149e-10
99.095 0.258 -0.264 3.31922255e-09 5.0489145e-10 -5.049527e-10
99.644 0.368 -0.292 3.4486795e-09 4.5643955000000004e-10 -4.5648015e-10
100.315 0.321 -0.302 2.8188657e-09 4.2099610000000004e-10 -4.2100555e-10
100.924 0.274 -0.288 3.03311015e-09 4.7057885e-10 -4.705708e-10
101.478 0.294 -0.281 3.0109089500000004e-09 4.583411e-10 -4.5833165000000007e-10
102.057 0.262 -0.285 3.21374655e-09 4.803459500000001e-10 -4.802875e-10
102.624 0.31 -0.306 2.8107502499999997e-09 4.2820960000000004e-10 -4.281396e-10
103.277 0.408 -0.343 3.44631875e-09 4.3152725e-10 -4.3141945e-10
103.983 0.288 -0.298 3.06814235e-09 4.673907e-10 -4.673193e-10
104.557 0.277 -0.287 3.18428215e-09 4.8532155e-10 -4.852092000000001e-10
105.134 0.267 -0.3 3.2867387e-09 5.025692e-10 -5.023977e-10
105.688 0.331 -0.286 2.9511184500000004e-09 4.4184840000000004e-10 -4.416832e-10
106.291 0.345 -0.272 3.32601045e-09 4.786971e-10 -4.7852735e-10
106.878 0.319 -0.242 3.2045044500000004e-09 4.8900355e-10 -4.888149e-10
107.527 0.371 -0.33 2.59905205e-09 3.8960810000000003e-10 -3.8942190000000007e-10
108.189 0.328 -0.291 2.8586495000000005e-09 4.4535995000000004e-10 -4.4514435e-10
108.82 0.239 -0.303 3.3097778e-09 5.0618715e-10 -5.0593165e-10
109.348 0.311 -0.289 2.95195845e-09 4.6038685000000003e-10 -4.6016565e-10
109.961 0.287 -0.302 3.04959935e-09 4.67096e-10 -4.668755000000001e-10
110.655 0.447 -0.407 2.102954e-09 3.22135975e-10 -3.21985125e-10
111.418 0.355 -0.316 2.6775035e-09 4.0992595000000005e-10 -4.097254e-10
112.126 0.254 -0.353 2.9601992e-09 4.534663e-10 -4.5325525000000003e-10
112.619 0.32 -0.24 3.2509428e-09 4.8890275e-10 -4.886714000000001e-10
113.229 0.341 -0.289 3.4070106e-09 4.734390500000001e-10 -4.732196e-10
113.936 0.303 -0.366 2.7507067000000005e-09 4.142838e-10 -4.141375e-10
114.601 0.275 -0.362 2.9041852e-09 4.465279e-10 -4.4649955e-10
115.189 0.352 -0.314 2.7799387000000002e-09 4.280675e-10 -4.2814905e-10
116.004 0.368 -0.463 2.22638605e-09 3.4293273000000004e-10 -3.43017185e-10
116.691 0.338 -0.319 2.85838875e-09 4.3214430000000005e-10 -4.3223425000000003e-10
117.407 0.386 -0.379 2.4528938e-09 3.7093175e-10 -3.7102625e-10
118.233 0.348 -0.44 2.38092015e-09 3.6044610000000003e-10 -3.6061655000000003e-10
118.946 0.406 -0.364 2.401196e-09 3.7014809999999997e-10 -3.7029545e-10
119.779 0.322 -0.427 2.433858e-09 3.8192840000000005e-10 -3.8202045000000003e-10
120.63 0.437 -0.529 1.85930605e-09 2.9734155500000003e-10 -2.974188e-10
121.512 0.373 -0.445 2.2602531e-09 3.4849699500000004e-10 -3.4865166e-10
122.272 0.296 -0.387 2.5899317500000005e-09 4.2283675e-10 -4.2309155e-10
122.896 0.321 -0.327 2.89765245e-09 4.3948415e-10 -4.398681e-10
123.636 0.317 -0.42 2.4750106500000003e-09 3.895955e-10 -3.8994585000000006e-10
124.476 0.393 -0.524 2.04106455e-09 3.15861175e-10 -3.1626420000000005e-10
125.249 0.369 -0.38 2.5634413e-09 3.9789015e-10 -3.9869935000000003e-10
126.113 0.338 -0.495 2.2726529e-09 3.601878e-10 -3.6113875000000007e-10
126.913 0.386 -0.463 2.2625169e-09 3.5209615e-10 -3.5305655e-10
127.639 0.309 -0.34 2.9567328000000005e-09 4.5996440000000004e-10 -4.6117365e-10
128.543 0.491 -0.594 1.7435887000000002e-09 2.76417295e-10 -2.77167625e-10
129.557 0.534 -0.523 1.79055415e-09 2.85039195e-10 -2.86137355e-10
130.611 0.408 -0.521 2.06745e-09 3.2322937500000004e-10 -3.2451982500000003e-10
131.396 0.433 -0.376 2.3375884000000003e-09 3.7159675000000004e-10 -3.7288265000000003e-10
132.395 0.438 -0.566 1.941219e-09 2.9701322e-10 -2.9793757e-10
133.224 0.407 -0.392 2.4383989e-09 3.722222e-10 -3.7314865000000003e-10
133.974 0.353 -0.343 2.8000679000000004e-09 4.297524e-10 -4.3145410000000006e-10
134.841 0.467 -0.515 1.95508845e-09 3.0640092e-10 -3.07827415e-10
135.704 0.329 -0.395 2.6311362e-09 4.1948655e-10 -4.2127365000000006e-10
136.385 0.37 -0.352 2.71550405e-09 4.1622630000000003e-10 -4.1772535000000003e-10
137.231 0.405 -0.476 2.22726245e-09 3.4315428000000004e-10 -3.4487635000000003e-10
137.951 0.37 -0.315 2.8227731000000003e-09 4.4156070000000004e-10 -4.433905e-10
138.635 0.324 -0.315 3.0272238500000002e-09 4.739007e-10 -4.7596115e-10
139.312 0.367 -0.352 2.7289983e-09 4.2044100000000006e-10 -4.225473e-10
140.244 0.591 -0.565 1.6961791000000002e-09 2.6128109e-10 -2.6257952e-10
141.31 0.457 -0.476 2.0739838000000003e-09 3.2388338500000006e-10 -3.2507524e-10
142.092 0.31 -0.325 3.08821975e-09 4.736966500000001e-10 -4.754970500000001e-10
142.834 0.433 -0.431 2.3189194000000003e-09 3.5048090000000004e-10 -3.5142135e-10
143.727 0.565 -0.46 1.8594415e-09 2.9401008e-10 -2.9460235e-10
144.599 0.362 -0.307 2.8903392e-09 4.4854145e-10 -4.4943045000000006e-10
145.395 0.361 -0.434 2.4312449000000003e-09 3.7724890000000003e-10 -3.7798425000000003e-10
146.074 0.386 -0.318 2.7549004e-09 4.189934e-10 -4.1963705e-10
146.816 0.335 -0.356 2.7857529e-09 4.236001e-10 -4.242294e-10
147.68 0.484 -0.53 1.8150195e-09 2.9223117e-10 -2.9276905e-10
148.772 0.486 -0.608 1.7323537e-09 2.68978395e-10 -2.6954837e-10
149.704 0.377 -0.445 2.3394336e-09 3.562972e-10 -3.5696990000000003e-10
150.746 0.367 -0.665 1.8368938000000002e-09 2.8532325500000003e-10 -2.85957665e-10
151.619 0.463 -0.507 1.9548592e-09 3.0360491e-10 -3.0426889499999996e-10
152.584 0.555 -0.502 1.81955795e-09 2.7727665e-10 -2.7784060500000005e-10
153.708 0.51 -0.568 1.79773405e-09 2.7550138000000003e-10 -2.7594371e-10
154.654 0.407 -0.437 2.2477175e-09 3.4795631500000003e-10 -3.4842787000000003e-10
155.616 0.513 -0.555 1.7756875500000001e-09 2.74931475e-10 -2.7531602e-10
156.557 0.382 -0.429 2.3177714000000004e-09 3.5856555000000006e-10 -3.5899395000000004e-10
157.561 0.688 -0.622 1.4308682500000001e-09 2.17197435e-10 -2.17432985e-10
158.854 0.649 -0.606 1.4298543000000001e-09 2.2876098000000002e-10 -2.2884022000000003e-10
159.987 0.521 -0.484 1.8639421500000004e-09 2.820811e-10 -2.82194605e-10
160.986 0.488 -0.478 1.93946935e-09 2.9333766e-10 -2.9342117e-10
161.994 0.482 -0.52 1.87055785e-09 2.82843295e-10 -2.8291025e-10
162.978 0.603 -0.501 1.6958669e-09 2.56144035e-10 -2.5615513e-10
164.116 0.424 -0.535 1.9259646e-09 2.9614221000000005e-10 -2.9612548e-10
165.012 0.48 -0.472 1.96844655e-09 2.9729665e-10 -2.97305785e-10
166.096 0.531 -0.604 1.6506567000000002e-09 2.4978884000000003e-10 -2.4988652500000003e-10
167.153 0.546 -0.527 1.7483011e-09 2.6450651500000004e-10 -2.64597795e-10
168.339 0.537 -0.639 1.5995077e-09 2.4200526e-10 -2.4209178e-10
169.321 0.402 -0.445 2.1577598e-09 3.38056775e-10 -3.38042705e-10
170.369 0.535 -0.647 1.5922840500000003e-09 2.4058251e-10 -2.40606345e-10
171.474 0.452 -0.571 1.8386844e-09 2.77606455e-10 -2.77599525e-10
172.751 0.67 -0.824 1.22273025e-09 1.91723735e-10 -1.9174305500000001e-10
173.948 0.544 -0.527 1.7562688500000002e-09 2.65146945e-10 -2.6513823e-10
175.091 0.655 -0.599 1.49966425e-09 2.2656354000000002e-10 -2.26582755e-10
176.279 0.744 -0.532 1.4745759000000002e-09 2.2258978000000003e-10 -2.2257795000000001e-10
177.449 0.347 -0.427 2.4304826e-09 3.662869e-10 -3.6618295000000003e-10
178.402 0.655 -0.606 1.4612444e-09 2.20149685e-10 -2.2008049000000002e-10
179.721 0.472 -0.663 1.6117675000000001e-09 2.4255441e-10 -2.4245074e-10
180.887 0.489 -0.694 1.50218495e-09 2.3457259e-10 -2.34473295e-10
181.957 0.548 -0.582 1.5962674000000001e-09 2.4460786000000003e-10 -2.44498555e-10
182.964 0.387 -0.458 2.1648312000000002e-09 3.2563548499999997e-10 -3.2548533500000003e-10
183.811 0.46 -0.46 1.9605880000000003e-09 3.004365e-10 -3.0030220500000004e-10
184.677 0.477 -0.407 2.00996845e-09 3.1399679500000004e-10 -3.1387489000000004e-10
185.711 0.529 -0.556 1.6857435e-09 2.53799805e-10 -2.53703065e-10
186.667 0.533 -0.427 1.90426775e-09 2.8637714000000003e-10 -2.8624148e-10
187.576 0.359 -0.375 2.48981495e-09 3.742375e-10 -3.740499e-10
188.339 0.501 -0.404 1.9908273000000002e-09 3.0470468e-10 -3.0455264e-10
189.221 0.429 -0.381 2.2205736000000002e-09 3.3998338500000003e-10 -3.3981706500000003e-10
190.11 0.41 -0.46 2.09605375e-09 3.1482962e-10 -3.1466487500000003e-10
190.959 0.344 -0.438 2.3294614e-09 3.4988516500000004e-10 -3.49702045e-10
191.599 0.293 -0.295 3.09656865e-09 4.650758e-10 -4.6483255e-10
192.239 0.383 -0.347 2.4285821e-09 3.7833705000000005e-10 -3.7815505000000004e-10
192.945 0.258 -0.324 3.1344453000000002e-09 4.705757e-10 -4.703307e-10
193.499 0.345 -0.296 2.8471765e-09 4.2764085000000005e-10 -4.274172e-10
194.286 0.307 -0.442 2.4346157500000003e-09 3.6565830000000003e-10 -3.654672e-10
194.916 0.357 -0.323 2.6448684500000005e-09 4.0441625000000003e-10 -4.0421255000000003e-10
195.649 0.321 -0.377 2.5774511e-09 3.9406780000000004e-10 -3.938697e-10
196.289 0.355 -0.319 2.7044181500000003e-09 4.0597375e-10 -4.057599e-10
196.896 0.299 -0.252 3.3063362500000004e-09 4.9622825e-10 -4.9596785e-10
197.617 0.404 -0.422 2.20897215e-09 3.3142347e-10 -3.3125186500000006e-10
198.546 0.42 -0.525 1.8476395000000003e-09 2.93262655e-10 -2.93129725e-10
199.298 0.322 -0.332 2.74307145e-09 4.1926360000000007e-10 -4.1905535e-10
200.075 0.348 -0.454 2.2676409e-09 3.4039243e-10 -3.40213755e-10
200.69 0.336 -0.267 3.0168278000000003e-09 4.5312890000000003e-10 -4.5289230000000003e-10
201.317 0.38 -0.291 2.71282585e-09 4.073223e-10 -4.0710775000000006e-10
202.048 0.32 -0.351 2.67404795e-09 4.088777e-10 -4.0867155e-10
202.654 0.315 -0.286 3.025771e-09 4.5408615000000004e-10 -4.5384815000000007e-10
203.465 0.343 -0.496 2.1667905e-09 3.25274845e-10 -3.2510341500000006e-10
204.249 0.31 -0.441 2.38890085e-09 3.6529255e-10 -3.6510775e-10
205.163 0.4 -0.604 1.8133073e-09 2.7194468e-10 -2.718079e-10
205.921 0.446 -0.358 2.2626219e-09 3.3935524000000005e-10 -3.3918304e-10
206.86 0.288 -0.493 2.29638955e-09 3.5084805e-10 -3.5068005e-10
207.473 0.333 -0.325 2.7640704e-09 4.1455365000000006e-10 -4.14344e-10
208.262 0.354 -0.456 2.24770315e-09 3.3742716000000006e-10 -3.3724981500000005e-10
209.222 0.439 -0.606 1.7422877499999999e-09 2.61439255e-10 -2.6130314000000005e-10
209.935 0.304 -0.275 3.3852798e-09 4.952216500000001e-10 -4.9496125e-10
210.682 0.348 -0.443 2.307298e-09 3.4595039500000003e-10 -3.45779595e-10
211.448 0.468 -0.418 2.0617401e-09 3.0928481500000004e-10 -3.0912623000000006e-10
212.424 0.406 -0.508 1.94056695e-09 3.0208835999999997e-10 -3.01951195e-10
213.241 0.403 -0.41 2.21465825e-09 3.3820829e-10 -3.3805474500000003e-10
213.895 0.286 -0.251 3.35132455e-09 5.1185435e-10 -5.116181000000001e-10
214.534 0.351 -0.353 2.5927937e-09 3.889235e-10 -3.8872645e-10
215.229 0.363 -0.344 2.5862630500000003e-09 3.8847305000000005e-10 -3.8827075000000003e-10
216.089 0.467 -0.497 1.8403091000000002e-09 2.8678016500000003e-10 -2.86640445e-10
216.951 0.395 -0.395 2.2795899000000004e-09 3.4861526e-10 -3.48438685e-10
217.839 0.48 -0.493 1.85029915e-09 2.82847145e-10 -2.8270571e-10
218.946 0.521 -0.626 1.59185565e-09 2.3883244e-10 -2.3870868e-10
220.024 0.556 -0.557 1.6401707000000002e-09 2.4589348e-10 -2.45774025e-10
221.07 0.414 -0.49 2.01222175e-09 3.0165782500000005e-10 -3.0151163e-10
222.006 0.507 -0.521 1.7421064500000002e-09 2.6609170000000003e-10 -2.659678e-10
223.012 0.588 -0.499 1.6718821e-09 2.5055975000000004e-10 -2.50443515e-10
224.097 0.467 -0.497 1.8578371000000002e-09 2.8361963e-10 -2.8349846e-10
224.922 0.355 -0.358 2.5474781500000002e-09 3.8166625000000003e-10 -3.8149825000000004e-10
225.806 0.395 -0.528 1.96822815e-09 2.9512567000000004e-10 -2.9498056e-10
226.73 0.51 -0.529 1.7491617500000001e-09 2.6245579500000003e-10 -2.6231929500000004e-10
227.933 0.49 -0.693 1.5361062500000002e-09 2.30303885e-10 -2.3019118500000001e-10
228.865 0.442 -0.442 1.99671115e-09 3.1084644500000005e-10 -3.1070438000000004e-10
229.824 0.378 -0.517 2.0308358e-09 3.0448201000000003e-10 -3.0433256e-10
230.675 0.49 -0.473 1.88821255e-09 2.8308896e-10 -2.8295050000000005e-10
231.884 0.749 -0.719 1.20472625e-09 1.8763727500000002e-10 -1.8754848e-10
233.223 0.56 -0.591 1.58199965e-09 2.3726244500000005e-10 -2.3714278000000005e-10
234.331 0.588 -0.547 1.6042873e-09 2.4050344500000004e-10 -2.4038721e-10
235.517 0.591 -0.599 1.508122e-09 2.30301015e-10 -2.30198815e-10
236.734 0.585 -0.625 1.50519915e-09 2.2584761500000003e-10 -2.2573005000000002e-10
237.999 0.617 -0.68 1.4040390000000001e-09 2.1054785500000002e-10 -2.1044264500000002e-10
239.184 0.566 -0.569 1.6042995500000002e-09 2.4061485e-10 -2.4049277000000005e-10
240.308 0.451 -0.558 1.8051974500000001e-09 2.7090217e-10 -2.70760385e-10
241.221 0.44 -0.462 1.9900251e-09 3.0418794000000004e-10 -3.0403789500000005e-10
242.177 0.563 -0.516 1.6398126500000002e-09 2.5537823500000005e-10 -2.5525745e-10
243.528 0.754 -0.789 1.16252395e-09 1.77649605e-10 -1.7756273500000001e-10
244.926 0.689 -0.644 1.3456975000000003e-09 2.05586255e-10 -2.0548825500000001e-10
246.228 0.679 -0.613 1.40839895e-09 2.11156225e-10 -2.1105273e-10
247.532 0.721 -0.626 1.3121843e-09 2.0436787e-10 -2.0427064000000002e-10
248.935 0.627 -0.682 1.3892805500000002e-09 2.08342365e-10 -2.08237715e-10
250.442 0.568 -0.88 1.2382216000000002e-09 1.8913867e-10 -1.890504e-10
251.651 0.754 -0.641 1.30421515e-09 1.9541767000000002e-10 -1.9533052000000003e-10
253.1 0.577 -0.695 1.4093863e-09 2.1528594500000002e-10 -2.15185355e-10
254.488 0.707 -0.81 1.1983804e-09 1.7970487500000001e-10 -1.7961506500000004e-10
255.839 0.753 -0.643 1.3021974000000001e-09 1.9536121500000002e-10 -1.9526031e-10
257.352 0.527 -0.761 1.4119175e-09 2.1188755000000002e-10 -2.11776915e-10
258.652 0.676 -0.772 1.255814e-09 1.88293735e-10 -1.8820112500000003e-10
260.065 0.614 -0.737 1.3467972e-09 2.02090455e-10 -2.01985595e-10
261.284 0.475 -0.605 1.66002585e-09 2.5373446000000003e-10 -2.5360828500000003e-10
262.983 0.859 -1.225 8.482572000000001e-10 1.32131685e-10 -1.3206837e-10
264.696 0.893 -0.854 1.0125713500000002e-09 1.5777296500000001e-10 -1.57696455e-10
266.596 0.953 -1.008 9.1556185e-10 1.39829235e-10 -1.3976567500000002e-10
268.371 0.753 -0.821 1.1400417e-09 1.7418352e-10 -1.7410029000000002e-10
269.894 0.865 -0.77 1.0978646000000002e-09 1.6790921e-10 -1.678243e-10
271.426 0.813 -0.667 1.2302171e-09 1.84604805e-10 -1.8450915000000003e-10
273.068 0.664 -0.829 1.2199820500000002e-09 1.8311874e-10 -1.8302301500000002e-10
274.784 0.993 -1.053 8.9021345e-10 1.33585235e-10 -1.3351569e-10
276.578 0.673 -0.8 1.21882215e-09 1.8631189500000002e-10 -1.86219285e-10
277.906 0.604 -0.655 1.44603025e-09 2.1693098000000002e-10 -2.16819785e-10
279.413 1.058 -0.903 9.290368500000001e-10 1.3934214e-10 -1.3927144e-10
281.313 0.758 -0.841 1.1225802000000001e-09 1.71653125e-10 -1.7156657e-10
283.169 0.94 -1.099 8.678698000000001e-10 1.35174515e-10 -1.3511050000000002e-10
285.14 1.075 -1.031 8.6442125e-10 1.29641575e-10 -1.2957626500000002e-10
287.375 1.136 -1.159 7.9327535e-10 1.1892790000000003e-10 -1.1887001e-10
289.462 1.032 -0.952 9.046842000000001e-10 1.382717e-10 -1.38203275e-10
291.578 0.995 -1.083 8.761256000000001e-10 1.3139924e-10 -1.31332845e-10
293.558 0.963 -0.985 9.2120105e-10 1.4082439e-10 -1.4075421500000001e-10
295.303 0.883 -0.783 1.0624649e-09 1.65462605e-10 -1.6538448500000003e-10
297.178 0.994 -0.992 9.177808500000001e-10 1.37732385e-10 -1.3766042500000003e-10
299.067 0.878 -0.896 1.0354883e-09 1.5653708000000003e-10 -1.5645665e-10
300.834 1.132 -0.889 9.0162275e-10 1.35296105e-10 -1.3522673500000002e-10
303.108 1.216 -1.141 7.619794e-10 1.16422915e-10 -1.1636807e-10
305.181 0.726 -0.858 1.1508367500000001e-09 1.7258034500000002e-10 -1.7249414e-10
306.715 1.048 -0.807 9.8186375e-10 1.4718683000000003e-10 -1.47116235e-10
309.205 1.363 -1.442 6.493578e-10 9.743650000000001e-11 -9.7386905e-11
311.969 1.311 -1.401 6.431803e-10 1.0215016e-10 -1.0210235e-10
314.28 1.108 -1.0 8.641640000000001e-10 1.2979578500000002e-10 -1.2972855e-10
316.166 1.069 -0.778 9.8677495e-10 1.48235185e-10 -1.4815825500000002e-10
318.285 0.877 -1.05 9.339582e-10 1.4292635000000002e-10 -1.42854425e-10
320.193 1.156 -1.031 8.3492675e-10 1.2536307000000002e-10 -1.2529727e-10
322.533 0.817 -1.184 8.860869500000002e-10 1.38134255e-10 -1.38066845e-10
324.348 1.165 -0.999 8.438451000000001e-10 1.26661815e-10 -1.2659626000000002e-10
327.036 1.085 -1.523 6.984547500000001e-10 1.0481534000000002e-10 -1.04760915e-10
329.451 1.241 -1.33 6.8598215e-10 1.0688471500000001e-10 -1.0683403500000002e-10
331.827 1.021 -1.135 8.418679500000001e-10 1.26233905e-10 -1.26171395e-10
333.894 0.945 -1.046 8.728090000000001e-10 1.3850816000000002e-10 -1.3844684e-10
336.131 1.201 -1.292 7.283017000000001e-10 1.09165805e-10 -1.0911411e-10
338.631 0.985 -1.299 7.959791000000001e-10 1.19566755e-10 -1.19505155e-10
340.526 1.293 -0.91 8.024215500000001e-10 1.2507061000000002e-10 -1.2500960500000001e-10
343.388 1.283 -1.569 6.197114000000001e-10 9.6551875e-11 -9.6505185e-11
345.72 0.972 -1.049 8.873305e-10 1.3568653000000002e-10 -1.3561793000000003e-10
348.276 1.451 -1.584 5.910446500000001e-10 9.037616000000001e-11 -9.033073e-11
350.831 0.97 -1.104 8.7787525e-10 1.3189057e-10 -1.3182249500000002e-10
353.33 1.042 -1.529 6.881671999999999e-10 1.0721798500000001e-10 -1.0716597500000001e-10
355.42 1.242 -1.048 7.8398915e-10 1.1978543500000002e-10 -1.1972786000000001e-10
357.649 1.58 -0.987 6.891167500000001e-10 1.0728774000000001e-10 -1.0723842500000001e-10
360.956 1.385 -1.727 5.864971e-10 8.801488500000001e-11 -8.796886000000001e-11
364.257 1.534 -1.915 5.1398445e-10 8.012581499999999e-11 -8.0086685e-11
367.103 1.517 -1.312 6.360035500000001e-10 9.729398000000002e-11 -9.7244735e-11
370.17 1.41 -1.551 6.154442e-10 9.230805500000001e-11 -9.226126e-11
372.858 1.463 -1.278 6.5389135e-10 9.9894865e-11 -9.984730000000001e-11
375.887 1.409 -1.566 6.1137965e-10 9.167308500000001e-11 -9.162755e-11
378.461 1.214 -1.165 7.645725500000001e-10 1.1461005500000002e-10 -1.1455507e-10
381.106 1.158 -1.431 6.92573e-10 1.05747355e-10 -1.0570063e-10
384.072 1.834 -1.808 4.9941535e-10 7.486472e-11 -7.482870500000001e-11
387.295 1.603 -1.39 5.991272000000001e-10 9.156189000000001e-11 -9.151691500000001e-11
390.141 1.396 -1.243 6.795138e-10 1.0390772000000001e-10 -1.03855185e-10
393.097 1.389 -1.561 5.963002500000001e-10 9.287096e-11 -9.282703499999999e-11
396.158 1.521 -1.672 5.669727000000001e-10 8.4972475e-11 -8.4932855e-11
398.95 1.542 -1.27 6.345251500000001e-10 9.697971500000001e-11 -9.693204499999999e-11
402.164 1.301 -1.672 6.102439000000001e-10 9.162307000000002e-11 -9.157484e-11
404.979 1.034 -1.513 7.135597e-10 1.0704529500000001e-10 -1.06990205e-10
407.831 1.659 -1.818 5.229322000000001e-10 7.841323000000001e-11 -7.837417000000001e-11
411.3 1.458 -1.811 5.562438e-10 8.3406295e-11 -8.336489000000002e-11
414.832 1.616 -2.074 4.948118e-10 7.426552000000002e-11 -7.4226635e-11
418.132 2.043 -1.684 4.828656000000001e-10 7.383736500000001e-11 -7.380009000000001e-11
422.091 1.832 -1.916 4.865770000000001e-10 7.296306499999999e-11 -7.29267e-11
425.665 1.3 -1.741 5.959936500000001e-10 8.9329205e-11 -8.928703e-11
428.339 1.5 -1.375 6.213011000000001e-10 9.486701e-11 -9.482494e-11
431.117 1.499 -1.278 6.4319185e-10 9.820590500000001e-11 -9.816264500000001e-11
434.934 1.816 -2.317 4.332923e-10 6.6219265e-11 -6.618685500000001e-11
438.305 1.467 -1.556 5.846651999999999e-10 9.1073815e-11 -9.1030065e-11
441.659 2.144 -1.887 4.5124485e-10 6.767733e-11 -6.764303e-11
445.21 1.8 -1.406 5.591628e-10 8.544249000000001e-11 -8.540091e-11
449.241 2.057 -2.231 4.1796125000000006e-10 6.386387e-11 -6.3832895e-11
452.989 1.813 -1.692 5.0391565e-10 7.846359500000001e-11 -7.842702e-11
456.73 1.799 -1.928 4.801251000000001e-10 7.335744500000001e-11 -7.332209500000001e-11
459.845 1.465 -1.315 6.433150500000001e-10 9.826733e-11 -9.82212e-11
463.383 1.955 -2.073 4.5055710000000005e-10 6.75717e-11 -6.7537645e-11
467.014 1.924 -1.676 4.9779485e-10 7.6102985e-11 -7.6064765e-11
470.727 1.571 -1.789 5.334098000000001e-10 8.151626e-11 -8.147622e-11
474.351 2.18 -2.053 4.2966945e-10 6.449471e-11 -6.4460865e-11
478.513 1.57 -1.982 3.41903625e-10 6.272413000000001e-11 -6.270201e-11
481.939 1.615 -1.856 5.2505705e-10 7.880271e-11 -7.876134e-11
485.011 1.632 -1.456 5.900874e-10 8.853901e-11 -8.849294999999999e-11
488.38 1.686 -1.737 5.3189395e-10 7.9800175e-11 -7.975884000000001e-11
491.917 1.483 -1.851 5.3807565e-10 8.2249125e-11 -8.220810500000002e-11
495.845 1.741 -2.445 4.2233695e-10 6.577672500000001e-11 -6.574547e-11
499.725 1.982 -2.139 4.4165275000000007e-10 6.624110500000001e-11 -6.6207435e-11
503.766 2.112 -2.059 4.301465e-10 6.5737455e-11 -6.5705115e-11
508.145 2.367 -2.267 3.9274865e-10 5.891189500000001e-11 -5.888176e-11
512.518 1.651 -2.006 4.979632e-10 7.469567e-11 -7.465738000000002e-11
516.203 1.564 -2.033 5.06338e-10 7.597604000000001e-11 -7.593642e-11
519.709 1.878 -1.942 4.7019945e-10 7.185013500000001e-11 -7.181513500000001e-11
523.524 1.395 -1.937 5.391386e-10 8.240141000000001e-11 -8.236067000000001e-11
526.718 1.984 -1.798 4.818478000000001e-10 7.2312905e-11 -7.2275035e-11
531.024 1.816 -2.322 4.350801e-10 6.6493315e-11 -6.6460555e-11
535.403 2.235 -2.563 3.8095715e-10 5.7210404999999997e-11 -5.718048e-11
539.298 1.914 -1.66 5.113405500000001e-10 7.677750499999999e-11 -7.673711500000001e-11
542.897 1.904 -1.685 5.075007e-10 7.616255500000001e-11 -7.612262e-11
547.189 2.389 -2.388 3.8124275e-10 5.720407e-11 -5.7174285e-11
551.318 2.044 -1.74 3.31359035e-10 5.978014e-11 -5.975865e-11
555.663 1.889 -2.301 4.279716e-10 6.5400545e-11 -6.5368555e-11
559.785 1.903 -2.233 4.3976835e-10 6.592754000000001e-11 -6.589555e-11
564.232 1.841 -2.544 4.1503455e-10 6.222086500000001e-11 -6.219059000000001e-11
568.062 1.889 -1.988 4.6953935e-10 7.042749000000001e-11 -7.0391615e-11
571.844 2.113 -1.893 4.4814070000000003e-10 6.852895000000001e-11 -6.84943e-11
576.24 2.397 -2.282 3.9002005000000003e-10 5.8546145e-11 -5.8515345e-11
580.276 1.842 -1.64 5.166637e-10 7.8977815e-11 -7.8938405e-11
583.99 1.814 -1.872 4.871352500000001e-10 7.450418500000001e-11 -7.446649e-11
588.026 2.474 -2.221 3.358754e-10 5.4118960000000003e-11 -5.4094285e-11
593.04 2.355 -2.541 2.9204794500000004e-10 5.9276385e-11 -5.925962000000001e-11
597.037 1.821 -1.641 5.175614500000001e-10 7.910472500000001e-11 -7.906556e-11
600.964 1.583 -2.107 4.856250000000001e-10 7.418474e-11 -7.414967e-11
604.87 2.015 -2.322 4.1980155e-10 6.293819000000001e-11 -6.290739e-11
608.967 1.944 -2.082 4.5299835000000003e-10 6.7960235e-11 -6.79252e-11
612.826 1.827 -1.915 3.0410988999999997e-10 6.074568500000001e-11 -6.0728745e-11
616.872 2.248 -2.219 4.009922e-10 6.1191165e-11 -6.116733e-11
621.554 2.111 -2.433 3.8808035000000003e-10 6.041007e-11 -6.0382945e-11
626.515 1.544 -2.851 2.7570165e-10 5.0569155e-11 -5.055134e-11
629.7 1.937 -1.641 3.3897633000000004e-10 6.2159125e-11 -6.213746e-11
633.797 2.925 -2.16 3.47568095e-10 5.413821e-11 -5.4112275e-11
638.523 2.365 -1.801 4.3734355000000006e-10 6.5638265e-11 -6.5603825e-11
643.109 1.819 -2.221 4.510905e-10 6.770337e-11 -6.7667845e-11
646.954 2.271 -2.025 2.64632725e-10 5.2872820000000007e-11 -5.2857385e-11
651.652 1.781 -2.427 4.3312605000000007e-10 6.500014500000001e-11 -6.4966125e-11
655.71 2.071 -2.278 4.0716935e-10 6.3401135e-11 -6.337156e-11
659.843 1.955 -2.062 2.8304591e-10 5.6550130000000005e-11 -5.653368e-11
663.582 1.828 -1.784 3.2924787000000005e-10 6.211359000000001e-11 -6.209294e-11
667.5 1.884 -2.09 3.3992896e-10 6.0073405e-11 -6.005062000000001e-11
671.436 2.481 -2.052 3.2503302999999997e-10 5.7146635e-11 -5.7125075e-11
676.306 3.082 -2.389 3.3266436e-10 4.9901145000000005e-11 -4.987556e-11
681.563 1.885 -2.175 2.9314005e-10 5.5269375e-11 -5.525198e-11
686.074 2.553 -2.626 3.4729852500000003e-10 5.3111905e-11 -5.3085025000000005e-11
690.509 2.208 -1.882 4.448605e-10 6.674731e-11 -6.671266e-11
694.791 2.316 -2.073 4.1295730000000006e-10 6.189841e-11 -6.1869045e-11
699.228 2.002 -2.122 2.8052552500000003e-10 5.4408445000000003e-11 -5.439339500000001e-11
702.688 2.124 -1.457 3.3090081500000003e-10 6.237273e-11 -6.2354005e-11
706.567 2.323 -1.755 3.4647543000000004e-10 5.8822085e-11 -5.8799895e-11
710.627 2.559 -1.737 3.32295565e-10 5.6979685e-11 -5.695735500000001e-11
715.271 2.654 -2.085 3.49697215e-10 5.491843000000001e-11 -5.4892985e-11
719.714 1.861 -1.788 3.3235034e-10 6.093405500000001e-11 -6.091309000000001e-11
723.985 1.736 -2.411 2.79773865e-10 5.4285910000000005e-11 -5.4269565000000005e-11
727.795 1.865 -2.073 3.3864327000000007e-10 5.920733e-11 -5.918556e-11
731.91 2.281 -2.251 3.8993290000000006e-10 6.0741975e-11 -6.071271500000001e-11
736.155 2.179 -1.965 3.16067255e-10 5.6717535000000004e-11 -5.6696955e-11
740.406 2.091 -2.072 3.2778403000000004e-10 5.840884000000001e-11 -5.838966e-11
744.356 2.603 -1.859 3.0754395e-10 5.29907e-11 -5.29704e-11
749.252 1.328 -2.293 3.4490837500000005e-10 6.219738e-11 -6.217613500000001e-11
752.825 1.827 -2.246 2.9062670000000004e-10 5.479768e-11 -5.4780530000000006e-11
756.493 1.922 -1.841 3.4531483e-10 6.138776000000001e-11 -6.1365255e-11
760.795 2.411 -2.38 3.8137575e-10 5.7298500000000005e-11 -5.7268925000000006e-11
764.885 1.85 -1.678 3.3720053500000004e-10 6.360053e-11 -6.3579705e-11
768.841 1.793 -2.107 3.1107685e-10 5.70276e-11 -5.7008175000000005e-11
772.505 1.895 -1.871 3.3667991000000003e-10 6.138667500000001e-11 -6.1365255e-11
776.43 2.043 -2.029 3.2850027e-10 6.0045475e-11 -6.002458e-11
781.075 1.824 -2.602 2.74169525e-10 5.0269345e-11 -5.0251984999999997e-11
785.722 2.081 -2.823 2.41501085e-10 4.5547005e-11 -4.5532130000000005e-11
789.608 1.639 -1.806 3.4975682000000004e-10 6.4079225e-11 -6.405973000000001e-11
793.2 1.791 -1.953 3.0805558000000003e-10 5.9729285e-11 -5.971434e-11
796.684 1.955 -1.694 3.2389595000000004e-10 6.104189000000001e-11 -6.1024355e-11
800.999 2.818 -2.36 3.46956505e-10 5.303672500000001e-11 -5.3010335e-11
806.122 1.886 -2.306 2.8362782000000004e-10 5.3503835e-11 -5.348609e-11
809.954 1.909 -1.946 3.0841664000000003e-10 5.8189425000000006e-11 -5.8170035000000005e-11
814.118 1.361 -2.254 3.2171118000000005e-10 6.2443115e-11 -6.2423655e-11
818.064 2.044 -2.585 2.5108464500000004e-10 4.872028e-11 -4.8705545e-11
822.288 2.077 -2.18 2.7276333e-10 5.292406e-11 -5.2908170000000005e-11
827.01 1.629 -2.645 2.8389221e-10 5.2043320000000006e-11 -5.202561e-11
831.099 2.64 -2.46 2.3738288e-10 4.3500975000000005e-11 -4.348701e-11
844.606 5.931 -4.099 3.4183422000000003e-10 7.305840500000001e-11 -7.305840500000001e-11
854.534 6.032 -3.997 3.37770475e-10 7.370755e-11 -7.370755e-11
867.952 7.658 -7.386 2.13819165e-10 4.7875975000000003e-11 -4.7875975000000003e-11
884.375 6.279 -8.765 2.2778899500000002e-10 4.862438e-11 -4.862438e-11
900.965 9.748 -10.311 1.69622565e-10 3.735039e-11 -3.735039e-11
919.953 8.31 -9.241 2.32761445e-10 4.574318e-11 -4.574318e-11
938.813 9.51 -10.549 1.6709497000000003e-10 3.660412000000001e-11 -3.660412000000001e-11
961.463 9.425 -13.141 1.42974545e-10 3.21870745e-11 -3.21870745e-11
979.898 13.556 -9.01 1.4177159500000001e-10 3.1829847000000004e-11 -3.1829847000000004e-11
1000.169 8.329 -6.715 2.2938870500000002e-10 4.902604e-11 -4.902604e-11
1016.241 7.301 -7.743 2.2754466e-10 4.8631905000000005e-11 -4.8631905000000005e-11
1033.295 15.32 -9.754 1.2703159e-10 2.8636797e-11 -2.8636797e-11
1056.902 9.264 -8.287 1.9063604000000001e-10 4.170733e-11 -4.170733e-11
1074.928 8.789 -8.762 2.00496905e-10 4.2903875e-11 -4.2903875e-11
1091.459 7.302 -7.742 2.29042975e-10 4.8892060000000005e-11 -4.8892060000000005e-11
1108.238 10.582 -9.476 1.668933e-10 3.665445e-11 -3.665445e-11
1130.631 8.248 -11.811 1.8200658e-10 3.8040205e-11 -3.8040205e-11
1148.379 5.543 -9.501 2.54993445e-10 5.2403610000000004e-11 -5.2403610000000004e-11
1162.927 8.547 -9.004 1.8788357000000003e-10 4.1211240000000004e-11 -4.1211240000000004e-11
1184.621 9.419 -13.147 1.41067045e-10 3.1671668e-11 -3.1671668e-11
1206.432 12.681 -12.392 1.3808634e-10 2.97316495e-11 -2.97316495e-11
1226.852 9.812 -7.739 1.9879587e-10 4.253984000000001e-11 -4.253984000000001e-11
1251.809 14.943 -15.145 1.0514868000000001e-10 2.3833285e-11 -2.3833285e-11
1272.445 6.843 -5.694 2.80947205e-10 6.004537e-11 -6.004537e-11
1287.801 11.546 -8.513 1.5918899500000002e-10 3.5788759999999995e-11 -3.5788759999999995e-11
1307.77 9.128 -8.423 2.00733505e-10 4.3007405e-11 -4.3007405e-11
1324.529 7.413 -7.631 2.37868015e-10 5.0775865e-11 -5.0775865e-11
1339.208 7.778 -7.266 2.1065317e-10 4.748765e-11 -4.748765e-11
1356.75 10.295 -9.764 1.61320495e-10 3.626798e-11 -3.626798e-11
1377.339 7.257 -10.295 2.08791835e-10 4.384453500000001e-11 -4.384453500000001e-11
1394.081 8.067 -9.485 1.9440515500000003e-10 4.2531930000000003e-11 -4.2531930000000003e-11
1413.889 13.331 -11.742 1.3760579000000002e-10 3.0183083e-11 -3.0183083e-11
1433.961 8.304 -6.74 2.2489180000000002e-10 4.939256e-11 -4.939256e-11
1456.391 10.947 -14.127 1.35358965e-10 2.96138115e-11 -2.96138115e-11
1477.106 10.291 -9.768 1.5861779500000002e-10 3.561208e-11 -3.561208e-11
1498.296 9.159 -10.899 1.61096145e-10 3.6119615000000004e-11 -3.6119615000000004e-11
1520.746 11.782 -13.292 1.3277047000000002e-10 2.9010149e-11 -2.9010149e-11
1544.591 10.503 -12.063 1.5721321000000002e-10 3.3641685e-11 -3.3641685e-11
1565.106 12.554 -10.012 1.42176195e-10 3.2138204e-11 -3.2138204e-11
1585.558 7.146 -7.898 2.462362e-10 5.140408e-11 -5.140408e-11
1607.684 7.585 -14.981 1.6412844000000004e-10 3.4343953e-11 -3.4343953e-11
1623.242 7.072 -7.972 2.3616099500000003e-10 5.0597785000000006e-11 -5.0597785000000006e-11
1640.457 9.915 -10.144 1.61112665e-10 3.6319710000000004e-11 -3.6319710000000004e-11
1662.661 12.784 -12.289 1.3840904e-10 2.9764283500000003e-11 -2.9764283500000003e-11
1685.12 10.384 -9.675 1.7700588500000001e-10 3.7923725e-11 -3.7923725e-11
1709.906 13.178 -14.402 1.14610545e-10 2.58718775e-11 -2.58718775e-11
1734.129 9.014 -11.044 1.7789852500000002e-10 3.797465e-11 -3.797465e-11
1755.366 10.343 -12.223 1.4799340500000002e-10 3.25035025e-11 -3.25035025e-11
1776.733 9.034 -11.024 1.568357e-10 3.5500290000000006e-11 -3.5500290000000006e-11
1800.108 13.24 -14.34 1.2929035e-10 2.7734777e-11 -2.7734777e-11
1827.565 8.349 -14.217 1.63911055e-10 3.4338864000000004e-11 -3.4338864000000004e-11
1855.192 15.824 -19.278 9.282500500000001e-11 2.0812428e-11 -2.0812428e-11
1881.036 10.039 -10.02 1.6197881e-10 3.6268470000000003e-11 -3.6268470000000003e-11
1904.612 14.044 -13.537 1.23611775e-10 2.7113569e-11 -2.7113569e-11
1927.545 11.169 -8.89 1.61998375e-10 3.6371055e-11 -3.6371055e-11
1956.366 14.943 -17.652 9.608648000000001e-11 2.1809018e-11 -2.1809018e-11
1978.574 10.287 -7.265 1.8323228000000002e-10 4.1138405e-11 -4.1138405e-11
2003.834 12.607 -14.973 1.3213133500000001e-10 2.7713756e-11 -2.7713756e-11
2029.815 11.699 -13.374 1.6148209000000002e-10 3.24715545e-11 -3.24715545e-11
2050.287 6.272 -8.772 2.22691035e-10 4.8846070000000004e-11 -4.8846070000000004e-11
2071.089 10.543 -14.53 1.2956177500000001e-10 2.9088556e-11 -2.9088556e-11
2099.923 9.289 -18.291 1.17054875e-10 2.635192e-11 -2.635192e-11
2125.997 10.795 -16.785 1.1704819e-10 2.6350415000000002e-11 -2.6350415000000002e-11
2151.075 10.779 -14.283 1.6117496500000001e-10 3.23746815e-11 -3.23746815e-11
5545.503 23.584 -21.548 5.4461890000000004e-11 1.22658865e-11 -1.22658865e-11
5602.041 27.221 -32.954 4.0446735e-11 9.070148500000001e-12 -9.070148500000001e-12
5656.82 22.589 -27.558 4.95509e-11 1.1127731999999999e-11 -1.1127731999999999e-11
5715.961 33.652 -36.552 3.6864975000000005e-11 8.122149e-12 -8.122149e-12
5775.05 22.202 -25.437 5.2748150000000004e-11 1.1811765e-11 -1.1811765e-11
5811.032 23.83 -13.78 6.715219e-11 1.5080492e-11 -1.5080492e-11
5852.401 20.071 -17.539 6.629616000000001e-11 1.4866859000000002e-11 -1.4866859000000002e-11
5903.163 26.977 -30.691 4.2798175e-11 9.625105e-12 -9.625105e-12
5958.333 19.446 -28.193 5.2030230000000004e-11 1.17521355e-11 -1.17521355e-11
6006.0 21.925 -28.221 5.2605175e-11 1.1526564000000002e-11 -1.1526564000000002e-11
6066.751 28.872 -38.825 3.6669745e-11 8.2587505e-12 -8.2587505e-12
6125.186 30.613 -29.563 4.147997e-11 9.355601500000001e-12 -9.355601500000001e-12
6181.718 34.257 -25.919 4.1332795e-11 9.268850500000001e-12 -9.268850500000001e-12
6248.016 18.104 -32.042 5.217856e-11 1.14644845e-11 -1.14644845e-11
6291.176 30.105 -25.056 4.482264500000001e-11 1.0109526e-11 -1.0109526e-11
6335.545 10.809 -14.264 1.0498544000000001e-10 2.2972379500000003e-11 -2.2972379500000003e-11
6381.553 27.485 -35.198 4.00085e-11 8.997723000000002e-12 -8.997723000000002e-12
6443.866 22.84 -34.828 4.320183e-11 9.701916e-12 -9.701916e-12
6490.514 23.831 -23.808 5.209344e-11 1.16819115e-11 -1.16819115e-11
6529.76 19.688 -15.415 7.0839685e-11 1.59315135e-11 -1.59315135e-11
6570.874 18.69 -21.427 6.2269515e-11 1.4024321500000002e-11 -1.4024321500000002e-11
6620.123 34.632 -30.558 3.8202325000000006e-11 8.6163455e-12 -8.6163455e-12
6691.445 23.486 -36.69 4.3577135e-11 9.561482000000001e-12 -9.561482000000001e-12
6736.107 21.448 -21.177 5.8501415e-11 1.3137764500000001e-11 -1.3137764500000001e-11
6786.237 31.493 -28.682 4.110484e-11 9.2309875e-12 -9.2309875e-12
6849.057 21.328 -31.326 4.645144e-11 1.04467125e-11 -1.04467125e-11
6900.576 22.462 -30.191 4.684190000000001e-11 1.05649565e-11 -1.05649565e-11
6956.106 34.63 -33.068 3.6697395e-11 8.2057885e-12 -8.2057885e-12
7019.426 36.5 -28.69 3.8133935000000005e-11 8.5761445e-12 -8.5761445e-12
7075.974 27.592 -20.048 5.2308130000000004e-11 1.1713233000000001e-11 -1.1713233000000001e-11
7142.887 43.42 -39.321 2.96616145e-11 6.6900295e-12 -6.6900295e-12
7232.549 28.977 -46.242 3.7421755000000003e-11 7.9113545e-12 -7.9113545e-12
7289.72 24.46 -28.194 4.690945000000001e-11 1.0626241500000001e-11 -1.0626241500000001e-11
7345.14 31.723 -30.96 4.2013125e-11 9.205693000000001e-12 -9.205693000000001e-12
7420.331 39.274 -43.468 2.9592860500000005e-11 6.713308e-12 -6.713308e-12
7492.119 27.661 -32.514 4.320624e-11 9.4801e-12 -9.4801e-12
7558.237 34.256 -38.456 3.37590085e-11 7.748454e-12 -7.748454e-12
7621.302 33.874 -28.809 4.16745e-11 9.219875e-12 -9.219875e-12
7692.515 32.866 -37.339 3.517528e-11 7.922166e-12 -7.922166e-12
7779.132 36.513 -53.751 2.8359761500000004e-11 6.300315e-12 -6.300315e-12
7865.309 55.625 -49.664 3.842552e-11 6.7653670000000006e-12 -6.7653670000000006e-12
11342.938 34.997 -35.208 2.5107866e-11 5.6362040000000004e-12 -5.6362040000000004e-12
11440.455 37.772 -62.521 1.7595053000000003e-11 3.9574535e-12 -3.9574535e-12
11524.833 53.687 -46.605 1.74988205e-11 3.947384e-12 -3.947384e-12
11611.346 39.886 -32.826 2.4208478000000003e-11 5.429011e-12 -5.429011e-12
11715.991 55.592 -64.759 1.4631295e-11 3.2812248000000004e-12 -3.2812248000000004e-12
11809.154 65.229 -37.571 1.6794981e-11 3.766455e-12 -3.766455e-12
11925.134 34.498 -50.751 2.10041265e-11 4.724216000000001e-12 -4.724216000000001e-12
12029.004 76.053 -69.372 1.1934520500000001e-11 2.6948316500000003e-12 -2.6948316500000003e-12
12151.416 51.426 -46.36 1.79723145e-11 4.038356e-12 -4.038356e-12
12243.317 32.237 -40.475 2.4005373e-11 5.383462000000001e-12 -5.383462000000001e-12
12344.936 60.999 -69.382 1.3362587000000002e-11 2.9996274e-12 -2.9996274e-12
12459.818 41.395 -53.883 1.8110666000000003e-11 4.093432e-12 -4.093432e-12
12540.436 35.997 -39.223 2.3645821500000002e-11 5.302829e-12 -5.302829e-12
12635.191 51.564 -58.758 1.66579455e-11 3.651963e-12 -3.651963e-12
12730.018 34.464 -43.263 2.3699602500000003e-11 5.190899000000001e-12 -5.190899000000001e-12
12826.118 48.686 -61.637 1.5980643e-11 3.59786e-12 -3.59786e-12
12951.951 40.697 -77.147 1.5231366500000002e-11 3.3361093500000004e-12 -3.3361093500000004e-12
13104.921 43.181 -112.273 1.1239182500000001e-11 2.5254309500000002e-12 -2.5254309500000002e-12
13204.232 49.177 -56.13 1.65117085e-11 3.7174235e-12 -3.7174235e-12
13304.394 51.816 -50.984 1.7026478e-11 3.8183705e-12 -3.8183705e-12
13431.637 62.476 -75.427 1.2454144500000001e-11 2.82881935e-12 -2.82881935e-12
13611.199 70.944 -117.086 1.33265195e-11 2.4913724500000003e-12 -2.4913724500000003e-12
17114.367 49.158 -48.627 1.4727979e-11 3.3245096500000005e-12 -3.3245096500000005e-12
17205.247 53.556 -41.722 1.4363548500000001e-11 3.22999495e-12 -3.22999495e-12
17302.789 33.741 -43.986 1.7593471e-11 3.9675685000000006e-12 -3.9675685000000006e-12
17392.526 61.847 -55.996 1.1778263e-11 2.64863025e-12 -2.64863025e-12
17517.401 59.831 -63.028 1.11587245e-11 2.5116854e-12 -2.5116854e-12
17652.108 47.982 -74.876 1.1745398000000001e-11 2.5815356000000002e-12 -2.5815356000000002e-12
17750.871 49.513 -50.78 1.45312895e-11 3.17952285e-12 -3.17952285e-12
17851.126 49.55 -50.743 1.3918572500000002e-11 3.1210851e-12 -3.1210851e-12
17952.807 40.64 -52.131 1.49032835e-11 3.3545372e-12 -3.3545372e-12
18045.336 38.375 -51.889 1.56999185e-11 3.5172165e-12 -3.5172165e-12
18145.483 53.564 -61.772 1.1985540000000001e-11 2.7003445000000004e-12 -2.7003445000000004e-12
18264.699 77.265 -65.652 9.7640025e-12 2.19567495e-12 -2.19567495e-12
18391.207 61.08 -49.242 1.25316835e-11 2.81539545e-12 -2.81539545e-12
18486.879 30.599 -34.592 2.1248633e-11 4.7737655e-12 -4.7737655e-12
18564.834 60.458 -47.357 1.2823622000000001e-11 2.89464385e-12 -2.89464385e-12
18695.095 58.071 -69.803 1.08358075e-11 2.4390009e-12 -2.4390009e-12
18844.504 64.116 -91.338 8.9352095e-12 2.0207551e-12 -2.0207551e-12
18958.117 48.288 -49.498 1.4306477500000001e-11 3.2080678000000004e-12 -3.2080678000000004e-12
19083.777 73.068 -77.372 9.722275500000001e-12 2.1349468e-12 -2.1349468e-12
19206.194 38.407 -49.349 1.7005716e-11 3.7309825000000006e-12 -3.7309825000000006e-12
19290.464 56.938 -45.862 1.3508922000000002e-11 3.0493351e-12 -3.0493351e-12
19390.603 49.569 -43.202 1.0370164000000001e-11 2.17324415e-12 -2.17324415e-12
22817.082 61.207 -69.173 7.064890000000001e-12 1.6074089500000001e-12 -1.6074089500000001e-12
22924.036 47.024 -45.747 1.0305725500000002e-11 2.3161509e-12 -2.3161509e-12
23040.106 58.827 -69.046 7.373758e-12 1.66058585e-12 -1.66058585e-12
23182.133 114.878 -83.2 2.2271368000000002e-11 4.917976e-12 -4.917976e-12
23363.425 48.923 -66.414 8.232532000000001e-12 1.8539843000000002e-12 -1.8539843000000002e-12
23509.776 95.636 -97.428 8.4160125e-12 1.85228505e-12 -1.85228505e-12
23742.366 91.212 -136.955 5.2405325e-12 1.1849404e-12 -1.1849404e-12
23878.44 57.938 -44.862 1.3215688500000001e-11 2.9699502e-12 -2.9699502e-12
24016.836 57.445 -80.458 7.2941435e-12 1.6409848e-12 -1.6409848e-12
24115.641 33.859 -41.36 1.3636360500000002e-11 2.97569755e-12 -2.97569755e-12
24205.511 66.848 -56.01 7.793065e-12 1.7550151500000002e-12 -1.7550151500000002e-12
24336.505 91.309 -64.146 6.0487489999999995e-12 1.35941995e-12 -1.35941995e-12
24483.134 52.489 -55.32 9.321130000000001e-12 2.0438873e-12 -2.0438873e-12
29966.178 59.564 -60.787 6.574078e-12 1.47509005e-12 -1.47509005e-12
30069.847 43.652 -44.105 9.3442195e-12 2.0480348e-12 -2.0480348e-12
30159.745 54.047 -46.246 7.8601495e-12 1.7575831000000002e-12 -1.7575831000000002e-12
30265.556 41.007 -51.764 8.551431000000001e-12 1.9209816500000003e-12 -1.9209816500000003e-12
30400.195 69.345 -93.632 5.104967e-12 1.1238269e-12 -1.1238269e-12
30510.145 44.643 -40.606 9.2571675e-12 2.08673745e-12 -2.08673745e-12
30622.838 67.346 -68.049 5.8524795e-12 1.3146924e-12 -1.3146924e-12
30751.241 44.25 -61.057 7.938283500000002e-12 1.73797715e-12 -1.73797715e-12
30876.684 84.28 -81.193 7.228441500000001e-12 1.3237805000000001e-12 -1.3237805000000001e-12
34493.803 79.009 -78.952 5.005329000000001e-12 1.1246396e-12 -1.1246396e-12
34640.247 60.438 -67.435 6.1786795e-12 1.3869352e-12 -1.3869352e-12
34779.646 51.419 -78.961 6.324346000000001e-12 1.3902833e-12 -1.3902833e-12
34890.721 63.203 -59.656 6.4194445000000005e-12 1.4451703000000002e-12 -1.4451703000000002e-12
35015.59 76.237 -61.666 5.729409e-12 1.2910786e-12 -1.2910786e-12
35163.271 46.4 -71.444 7.336175000000001e-12 1.5737186500000001e-12 -1.5737186500000001e-12
35310.041 90.186 -100.371 4.1099065e-12 9.279361000000002e-13 -9.279361000000002e-13
35452.862 70.223 -52.635 6.4116640000000005e-12 1.43923395e-12 -1.43923395e-12
35595.898 52.553 -72.813 6.330114e-12 1.41818775e-12 -1.41818775e-12
35742.187 71.748 -93.736 4.7458005000000005e-12 1.0715085500000001e-12 -1.0715085500000001e-12
35903.661 65.728 -89.726 5.042709e-12 1.1374391000000001e-12 -1.1374391000000001e-12
36059.192 88.217 -89.803 4.629996e-12 1.0178136500000002e-12 -1.0178136500000002e-12
36295.802 119.874 -148.393 4.116609e-12 7.8389535e-13 -7.8389535e-13
40126.864 96.501 -110.749 5.270713e-12 1.1865686e-12 -1.1865686e-12
40452.7 221.979 -229.334 3.8524675e-12 6.4010765e-13 -6.4010765e-13
46100.873 273.511 -215.413 2.75179485e-12 4.781591500000001e-13 -4.781591500000001e-13
51832.292 115.802 -177.553 2.4499454e-12 6.424120500000001e-13 -6.424120500000001e-13
52084.045 109.763 -135.951 3.1915289e-12 8.0365215e-13 -8.0365215e-13
57557.735 89.89 -145.798 2.55175795e-12 6.681052e-13 -6.681052e-13
57789.071 126.837 -141.446 2.22561745e-12 5.8447165e-13 -5.8447165e-13
58013.292 120.748 -97.384 3.691926e-12 8.3232625e-13 -8.3232625e-13
63322.695 142.884 -147.964 2.2422477000000004e-12 5.8546005e-13 -5.8546005e-13
63623.75 130.171 -158.17 2.26153935e-12 5.8947665e-13 -5.8947665e-13
63918.104 156.748 -164.182 2.4364438e-12 5.8174375e-13 -5.8174375e-13
69237.682 237.724 -298.838 1.3422192e-12 3.2868983000000003e-13 -3.2868983000000003e-13
74989.757 185.247 -261.055 1.4277865000000001e-12 3.7237935e-13 -3.7237935e-13
75375.787 157.763 -200.783 1.7764442500000003e-12 4.6305245e-13 -4.6305245e-13
75898.236 357.411 -364.686 1.403374e-12 2.90705135e-13 -2.90705135e-13
80589.823 191.546 -151.955 1.83618085e-12 4.780853e-13 -4.780853e-13
80992.166 170.315 -210.796 1.6590514500000001e-12 4.3111355000000005e-13 -4.3111355000000005e-13
81403.409 180.904 -240.929 1.5171635500000002e-12 3.9757900000000004e-13 -3.9757900000000004e-13
81978.446 455.22 -394.132 1.550283e-12 3.36277165e-13 -3.36277165e-13
87260.885 1293.844 -1129.986 1.2181865500000001e-12 2.0580406000000002e-13 -2.0580406000000002e-13
92275.208 320.927 -280.828 1.0951157e-12 2.8607376000000004e-13 -2.8607376000000004e-13
92958.816 246.597 -362.681 1.09536315e-12 2.85736325e-13 -2.85736325e-13
93454.316 204.922 -248.903 1.5663004000000001e-12 3.939726e-13 -3.939726e-13
93987.984 338.184 -328.747 1.3888598500000001e-12 3.06320525e-13 -3.06320525e-13
98034.592 376.835 -340.257 9.8046375e-13 2.5744589500000004e-13 -2.5744589500000004e-13
98724.333 218.646 -312.905 1.3240941e-12 3.4585554500000007e-13 -3.4585554500000007e-13
99210.722 256.287 -267.743 1.3503532e-12 3.5210035e-13 -3.5210035e-13
99778.605 305.188 -311.596 1.3712776000000002e-12 3.2760700000000004e-13 -3.2760700000000004e-13
103675.017 300.823 -238.247 2.11850905e-12 4.446624e-13 -4.446624e-13
109895.435 499.256 -548.795 9.5642365e-13 1.97786785e-13 -1.97786785e-13
116201.567 1166.962 -1179.489 7.2205595e-13 1.35478385e-13 -1.35478385e-13
121696.685 1430.29 -882.61 8.185611e-13 1.54401135e-13 -1.54401135e-13
128140.014 748.649 -1658.862 8.572823000000001e-13 1.8690647500000002e-13 -1.8690647500000002e-13
133340.771 1112.298 -1011.909 7.297101000000001e-13 1.7752028e-13 -1.7752028e-13
167813.608 1022.125 -946.106 4.5032295000000003e-13 1.00231285e-13 -1.00231285e-13
176378.592 2673.915 -3715.053 3.0783665500000006e-13 8.294174e-14 -8.294174e-14
179729.006 1008.403 -676.499 4.914287e-13 1.2963702500000002e-13 -1.2963702500000002e-13
207662.641 13401.758 -23510.669 2.924341e-13 5.3586050000000006e-14 -5.3586050000000006e-14
317976.096 64279.992 -70179.603 1.8653341000000002e-13 4.3244635000000005e-14 -4.3244635000000005e-14
491902.906 45331.077 -70982.289 1.1240866000000001e-13 2.8256361e-14 -2.8256361e-14
877130.744 288543.64 -283351.15 4.1768545e-14 1.05815885e-14 -1.05815885e-14
1259584.769 38210.891 -61016.174 7.44835e-14 0.0 0.0
