col1 col2 col3 col4 col5 col6
89.888 0.435 -0.424 1.24910422e-08 1.616470128e-09 -1.6008152159999999e-09
90.728 0.462 -0.404 1.2620851879999999e-08 1.5946654359999998e-09 -1.579375616e-09
91.581 0.39 -0.391 1.3742714439999999e-08 1.7776802679999999e-09 -1.761387992e-09
92.438 0.432 -0.467 1.205859564e-08 1.53768342e-09 -1.52848878e-09
93.233 0.367 -0.364 1.509179672e-08 1.88092086e-09 -1.8694494e-09
94.006 0.321 -0.405 1.520244544e-08 1.895208588e-09 -1.883333452e-09
94.771 0.415 -0.445 1.26059206e-08 1.6105791519999999e-09 -1.598849616e-09
95.645 0.395 -0.459 1.2569047399999998e-08 1.6383177719999999e-09 -1.61203588e-09
96.448 0.348 -0.408 1.419536664e-08 1.8602791479999998e-09 -1.8194456279999998e-09
97.264 0.338 -0.468 1.3318257679999999e-08 1.748269068e-09 -1.7069736319999999e-09
97.923 0.327 -0.321 1.6885020879999997e-08 2.155470772e-09 -2.1138954199999998e-09
98.594 0.364 -0.345 1.515841964e-08 1.987041784e-09 -1.942833984e-09
99.241 0.283 -0.283 1.914959592e-08 2.487217824e-09 -2.424922136e-09
99.869 0.352 -0.345 1.539456464e-08 2.04080786e-09 -1.972459216e-09
100.472 0.289 -0.252 2.0048097159999997e-08 2.615726568e-09 -2.538022032e-09
101.032 0.261 -0.271 2.0194719999999997e-08 2.658121284e-09 -2.5874859919999997e-09
101.575 0.275 -0.281 1.965233816e-08 2.500998864e-09 -2.4588796960000002e-09
102.156 0.282 -0.305 1.86398212e-08 2.390260964e-09 -2.3318567999999997e-09
102.744 0.367 -0.307 1.59312608e-08 2.071610268e-09 -2.041915876e-09
103.457 0.365 -0.345 1.527443736e-08 1.967552496e-09 -1.9339247200000002e-09
104.249 0.357 -0.428 1.3819729559999998e-08 1.7671930639999997e-09 -1.7495554439999998e-09
104.937 0.362 -0.33 1.566711328e-08 2.001798708e-09 -1.9838134679999996e-09
105.611 0.321 -0.312 1.7278715999999998e-08 2.1834740200000002e-09 -2.1618211159999997e-09
106.238 0.325 -0.306 1.6849971319999997e-08 2.207925356e-09 -2.185212848e-09
106.893 0.282 -0.33 1.820983892e-08 2.2578919999999998e-09 -2.224747252e-09
107.506 0.327 -0.331 1.67773424e-08 2.123811872e-09 -2.0766582199999997e-09
108.221 0.412 -0.387 1.31955824e-08 1.774676904e-09 -1.734983432e-09
108.912 0.302 -0.28 1.863798664e-08 2.424174116e-09 -2.36398162e-09
109.572 0.4 -0.357 1.4306528599999999e-08 1.8572903439999997e-09 -1.8140165679999998e-09
110.339 0.38 -0.367 1.490959288e-08 1.872282776e-09 -1.8247633039999998e-09
111.173 0.344 -0.453 1.3421943079999998e-08 1.7608889479999999e-09 -1.722192472e-09
111.879 0.333 -0.363 1.494654252e-08 2.0110384839999997e-09 -1.986611172e-09
112.575 0.391 -0.363 1.4447611359999999e-08 1.837271436e-09 -1.808205672e-09
113.346 0.347 -0.379 1.5013922559999997e-08 1.895798996e-09 -1.878184308e-09
114.064 0.367 -0.371 1.47609644e-08 1.862987672e-09 -1.84653742e-09
114.755 0.355 -0.324 1.588835612e-08 2.028151944e-09 -2.0114290559999997e-09
115.486 0.366 -0.376 1.442000924e-08 1.8625232079999998e-09 -1.84758392e-09
116.394 0.458 -0.542 1.079975988e-08 1.380852564e-09 -1.367637544e-09
117.343 0.351 -0.491 1.31889576e-08 1.630511064e-09 -1.6123984240000001e-09
118.142 0.397 -0.449 1.2896159639999999e-08 1.635749388e-09 -1.61592158e-09
118.933 0.297 -0.395 1.59865888e-08 2.017713152e-09 -1.990147796e-09
119.618 0.322 -0.387 1.5493751e-08 1.946605024e-09 -1.920432696e-09
120.332 0.463 -0.391 1.2762032919999999e-08 1.6237075399999998e-09 -1.5990505439999999e-09
121.273 0.457 -0.479 1.150493708e-08 1.509170936e-09 -1.475337864e-09
122.155 0.442 -0.425 1.285865308e-08 1.62622096e-09 -1.591755984e-09
123.068 0.507 -0.471 1.128201256e-08 1.446152344e-09 -1.4115545079999999e-09
124.02 0.471 -0.445 1.215955104e-08 1.5392111279999999e-09 -1.5032490200000001e-09
124.912 0.359 -0.42 1.351603708e-08 1.843984688e-09 -1.7960509839999998e-09
125.707 0.444 -0.437 1.26510748e-08 1.603552496e-09 -1.563960944e-09
126.571 0.459 -0.42 1.233012872e-08 1.606821216e-09 -1.5803260200000001e-09
127.435 0.364 -0.405 1.462778772e-08 1.8295815719999999e-09 -1.787235268e-09
128.274 0.498 -0.475 1.155273028e-08 1.44020786e-09 -1.411757256e-09
129.24 0.381 -0.468 1.288905072e-08 1.6573076520000001e-09 -1.632511244e-09
130.236 0.436 -0.616 1.030625596e-08 1.340458028e-09 -1.3208253239999999e-09
131.282 0.621 -0.61 8.9670308e-09 1.1399300639999998e-09 -1.12176428e-09
132.451 0.563 -0.547 9.70763976e-09 1.2645760400000001e-09 -1.244794824e-09
133.525 0.49 -0.511 1.065269296e-08 1.402249212e-09 -1.38156018e-09
134.647 0.475 -0.632 9.368668399999998e-09 1.2791771719999998e-09 -1.260489412e-09
135.655 0.379 -0.534 1.213311008e-08 1.5293627439999998e-09 -1.5027536159999998e-09
136.514 0.465 -0.48 1.172219048e-08 1.477973588e-09 -1.451831472e-09
137.393 0.332 -0.414 1.146106052e-08 1.751208368e-09 -1.498459872e-09
138.083 0.33 -0.358 8.20029392e-09 1.5596981399999999e-09 -1.16225746e-09
138.69 0.245 -0.277 1.0727567759999999e-08 2.055996852e-09 -1.5362132239999999e-09
139.242 0.281 -0.307 9.587825519999998e-09 1.77003008e-09 -1.33920696e-09
139.922 0.37 -0.398 7.27601056e-09 1.393402556e-09 -1.043340116e-09
140.612 0.24 -0.32 9.78544112e-09 1.979587792e-09 -1.4633950239999998e-09
141.199 0.45 -0.347 7.01616552e-09 1.366626716e-09 -1.013497212e-09
142.079 0.326 -0.43 7.4672598e-09 1.43047632e-09 -1.0618881e-09
142.727 0.307 -0.321 8.99053064e-09 1.7216930639999998e-09 -1.2789019879999999e-09
143.37 0.4 -0.337 7.59202808e-09 1.558771396e-09 -1.134266952e-09
144.091 0.378 -0.321 8.07543464e-09 1.60659408e-09 -1.17494832e-09
144.924 0.419 -0.454 6.40164616e-09 1.227850988e-09 -9.174572679999999e-10
145.651 0.373 -0.308 8.20689688e-09 1.637078716e-09 -1.202129656e-09
146.411 0.285 -0.387 8.31544168e-09 1.723806084e-09 -1.2519143e-09
147.136 0.478 -0.44 5.973512999999999e-09 1.2226086599999998e-09 -9.005458279999999e-10
148.0 0.383 -0.386 7.26034764e-09 1.4718048799999998e-09 -1.087328424e-09
148.741 0.453 -0.358 7.24584588e-09 1.454588044e-09 -1.061792732e-09
149.692 0.404 -0.498 6.29599516e-09 1.2522411720000001e-09 -9.32824256e-10
150.524 0.307 -0.428 7.92399244e-09 1.474062408e-09 -1.121804684e-09
151.273 0.327 -0.442 7.5348728e-09 1.50485972e-09 -1.1054701839999999e-09
151.921 0.32 -0.321 9.12945488e-09 1.8114805799999997e-09 -1.3248620839999998e-09
152.643 0.352 -0.402 7.6771422e-09 1.4979236999999999e-09 -1.109910984e-09
153.436 0.406 -0.441 6.9045704e-09 1.285393564e-09 -9.681115079999999e-10
154.292 0.493 -0.45 6.201016639999999e-09 1.1700670799999999e-09 -8.756172880000001e-10
155.286 0.373 -0.502 6.679956919999999e-09 1.3713609e-09 -9.93581316e-10
156.11 0.453 -0.45 6.28387032e-09 1.2842535159999998e-09 -9.464702520000001e-10
156.989 0.397 -0.425 6.97740316e-09 1.387113728e-09 -1.026112724e-09
157.793 0.523 -0.407 6.16359016e-09 1.20558802e-09 -8.991080279999999e-10
158.694 0.437 -0.378 6.825520519999999e-09 1.291321668e-09 -9.85263552e-10
159.559 0.444 -0.428 6.32541364e-09 1.2179159719999998e-09 -9.14285372e-10
160.448 0.435 -0.446 6.383853839999999e-09 1.26159852e-09 -9.243994759999999e-10
161.328 0.461 -0.445 6.2083803599999996e-09 1.229790016e-09 -9.00324516e-10
162.315 0.512 -0.527 5.20360204e-09 1.024880584e-09 -7.71619576e-10
163.293 0.463 -0.465 5.995640559999999e-09 1.1367250439999999e-09 -8.539669319999999e-10
164.177 0.432 -0.42 6.407506559999999e-09 1.278095364e-09 -9.50764724e-10
165.161 0.467 -0.552 5.409218359999999e-09 1.0806879719999999e-09 -7.978152e-10
166.036 0.493 -0.408 6.005737919999999e-09 1.20228472e-09 -8.98258816e-10
166.953 0.509 -0.425 5.90381064e-09 1.144557232e-09 -8.56290344e-10
167.956 0.467 -0.493 5.73970852e-09 1.092248976e-09 -8.24819632e-10
168.87 0.425 -0.446 6.2637338399999996e-09 1.1691115800000001e-09 -8.98742936e-10
169.723 0.383 -0.428 7.1406134800000004e-09 1.3229310639999998e-09 -1.0065145999999999e-09
170.473 0.384 -0.367 7.60085144e-09 1.478819888e-09 -1.111962852e-09
171.307 0.459 -0.45 6.4009036e-09 1.244049352e-09 -9.23436696e-10
172.285 0.351 -0.519 6.68912972e-09 1.223837888e-09 -9.37943552e-10
173.129 0.393 -0.493 6.56797232e-09 1.2347535199999999e-09 -9.320605839999999e-10
174.035 0.499 -0.513 5.69280348e-09 1.10580106e-09 -8.26460908e-10
174.885 0.294 -0.35 9.12290288e-09 1.6964667719999998e-09 -1.2792499719999999e-09
175.592 0.364 -0.414 7.4123686000000005e-09 1.33775642e-09 -1.0408587280000001e-09
176.373 0.479 -0.417 6.5877011199999995e-09 1.22449964e-09 -9.25661828e-10
177.3 0.428 -0.447 6.712513079999999e-09 1.255625644e-09 -9.433059999999999e-10
178.25 0.446 -0.522 6.07079564e-09 1.210138384e-09 -8.84328536e-10
179.14 0.411 -0.444 6.86588812e-09 1.405970748e-09 -1.018827992e-09
180.073 0.504 -0.521 5.48418052e-09 1.089993996e-09 -8.170915479999999e-10
181.171 0.484 -0.594 5.34641016e-09 1.061603088e-09 -7.812859599999999e-10
182.23 0.49 -0.576 5.490437679999999e-09 1.097342792e-09 -8.02216324e-10
183.242 0.455 -0.522 5.844340319999999e-09 1.130197068e-09 -8.469737639999999e-10
184.381 0.557 -0.684 4.5518928e-09 7.894191759999999e-10 -6.35140324e-10
185.554 0.623 -0.615 4.7000881199999995e-09 8.861874839999999e-10 -6.63127192e-10
186.817 0.716 -0.64 4.21073744e-09 7.839227759999999e-10 -5.99599364e-10
188.243 0.66 -0.71 4.08559424e-09 7.39155144e-10 -5.833929920000001e-10
189.539 0.586 -0.636 4.76161504e-09 8.79692996e-10 -6.65380716e-10
190.835 0.672 -0.71 4.14118068e-09 7.6688248e-10 -5.92221084e-10
192.295 0.589 -0.788 4.23187492e-09 7.812451919999999e-10 -5.999557199999999e-10
193.64 0.808 -0.755 3.4994104599999996e-09 6.744315759999999e-10 -5.15173204e-10
195.053 0.519 -0.605 3.498248208e-09 7.105349159999999e-10 -5.792728759999999e-10
196.338 0.722 -0.765 3.841408479999999e-09 6.932401839999999e-10 -5.48105376e-10
197.562 0.679 -0.502 3.479762832e-09 6.6850056e-10 -5.56949848e-10
198.694 0.7 -0.453 3.411871008e-09 6.30143332e-10 -5.48150512e-10
200.168 0.66 -0.774 2.7429907960000003e-09 5.33897364e-10 -4.47513248e-10
201.427 0.668 -0.599 3.2238024e-09 6.09168924e-10 -5.10629756e-10
202.842 0.737 -0.747 3.9382688799999994e-09 7.18018028e-10 -5.55513868e-10
204.165 0.584 -0.586 3.4180353479999998e-09 6.635308679999999e-10 -5.5015142e-10
205.497 0.765 -0.747 3.8263134e-09 6.7174926e-10 -5.3609192e-10
207.185 0.788 -0.923 2.271202024e-09 4.38111128e-10 -3.74421684e-10
208.626 0.709 -0.653 2.8524306719999996e-09 5.47259076e-10 -4.69401296e-10
209.896 0.575 -0.56 3.525228252e-09 6.804874439999999e-10 -5.66339956e-10
211.245 0.651 -0.774 2.687626396e-09 5.354844039999999e-10 -4.53358724e-10
212.59 0.825 -0.694 2.66743568e-09 5.00413732e-10 -4.2475524e-10
214.061 0.651 -0.646 3.130909964e-09 5.9228806e-10 -4.99900128e-10
215.711 1.034 -0.998 1.998600604e-09 3.8087321999999997e-10 -3.1977946e-10
217.629 0.807 -0.885 2.400048924e-09 4.40207768e-10 -3.7964362799999994e-10
219.372 0.928 -0.936 2.05359336e-09 3.8370368399999996e-10 -3.4490900079999997e-10
221.219 0.855 -0.918 2.2566358359999997e-09 4.086628e-10 -3.6052507399999993e-10
223.326 1.246 -1.252 1.638528892e-09 2.9066979759999995e-10 -2.5689274519999997e-10
225.523 0.96 -0.951 2.1181738759999997e-09 3.814993e-10 -3.3799380159999996e-10
227.899 0.822 -1.416 1.8345217799999999e-09 3.238130532e-10 -2.872084488e-10
230.168 1.447 -1.447 1.33752164e-09 2.577674372e-10 -2.264763956e-10
233.072 1.152 -1.456 1.522923584e-09 2.7472754399999997e-10 -2.465622068e-10
235.859 1.375 -1.635 1.347908744e-09 2.39406258e-10 -2.114260876e-10
238.675 1.557 -1.441 1.334202324e-09 2.4357871719999997e-10 -2.13678738e-10
241.832 1.268 -1.6 1.414801024e-09 2.5752959960000003e-10 -2.233208432e-10
244.478 1.216 -1.378 1.5487555719999997e-09 2.741883508e-10 -2.460062696e-10
247.6 1.328 -1.906 1.262816464e-09 2.2435463959999998e-10 -1.9807686079999997e-10
251.636 1.644 -2.707 8.85039792e-10 1.700505352e-10 -1.49729762e-10
255.586 2.51 -2.306 8.562736e-10 1.5964264679999997e-10 -1.4173996199999998e-10
260.378 2.326 -2.282 9.56896304e-10 1.658331584e-10 -1.491420476e-10
265.182 3.094 -2.478 7.548672039999999e-10 1.4069175119999998e-10 -1.249366664e-10
270.829 2.361 -2.553 8.520056999999999e-10 1.530007752e-10 -1.39715576e-10
275.879 2.231 -2.688 8.479889599999999e-10 1.544936484e-10 -1.357107752e-10
282.423 3.811 -4.314 4.79415664e-10 8.85550848e-11 -7.91690536e-11
289.574 3.258 -3.339 6.12920308e-10 1.119860924e-10 -1.009391656e-10
296.481 4.52 -3.65 4.85074408e-10 9.163194040000001e-11 -8.05731836e-11
305.54 3.838 -4.538 3.445633828e-10 7.429148999999999e-11 -6.48382644e-11
313.736 4.414 -4.359 3.0049597759999995e-10 6.47123204e-11 -5.8602362e-11
332.472 4.107 -3.415 2.419075568e-10 5.1638204799999993e-11 -5.1638204799999993e-11
346.033 8.097 -9.455 2.055741324e-10 4.5149977599999994e-11 -4.5149977599999994e-11
364.102 10.087 -9.972 1.859576628e-10 4.1750363199999994e-11 -4.1750363199999994e-11
385.912 8.335 -11.723 1.967840784e-10 4.3052427599999995e-11 -4.3052427599999995e-11
403.102 8.696 -8.855 2.346562036e-10 5.0275498e-11 -5.0275498e-11
432.286 12.107 -20.488 1.198043756e-10 2.6346542039999998e-11 -2.6346542039999998e-11
461.553 22.957 -17.16 9.281723359999999e-11 2.081071356e-11 -2.081071356e-11
512.225 27.446 -27.715 7.471485839999999e-11 1.600778816e-11 -1.600778816e-11
572.179 35.189 -32.509 5.4541650799999996e-11 1.2278699159999999e-11 -1.2278699159999999e-11
646.452 33.628 -39.084 5.10516188e-11 1.15400194e-11 -1.15400194e-11
708.552 34.21 -28.472 5.89275596e-11 1.326607828e-11 -1.326607828e-11
766.99 18.396 -24.228 8.830749199999999e-11 1.979957252e-11 -1.979957252e-11
859.484 130.97 -74.097 4.41687428e-11 7.45644172e-12 -7.45644172e-12
4284.869 25.103 -32.565 2.633493408e-11 5.62253692e-12 -5.62253692e-12
4333.027 19.57 -23.054 3.2436946359999996e-11 7.27563564e-12 -7.27563564e-12
4399.709 40.643 -47.112 2.636194652e-11 4.54586132e-12 -4.54586132e-12
6421.733 72.412 -67.997 2.072256004e-11 4.65133032e-12 -4.65133032e-12
6630.051 114.825 -135.906 2.250806012e-11 4.00829156e-12 -4.00829156e-12
9999.765 54.094 -53.72 1.340141348e-11 3.0107750399999997e-12 -3.0107750399999997e-12
10090.693 38.385 -36.834 1.931701044e-11 4.335691359999999e-12 -4.335691359999999e-12
10180.931 33.396 -51.853 1.7690432759999998e-11 3.8811827599999995e-12 -3.8811827599999995e-12
10257.92 41.655 -43.593 1.696810752e-11 3.80489564e-12 -3.80489564e-12
10339.541 40.268 -39.966 1.793051988e-11 4.04736696e-12 -4.04736696e-12
10437.69 37.397 -57.881 1.514214884e-11 3.4082772359999998e-12 -3.4082772359999998e-12
10526.695 38.656 -51.607 1.661285808e-11 3.65133132e-12 -3.65133132e-12
10621.462 64.24 -56.111 1.1969706840000001e-11 2.6916638839999998e-12 -2.6916638839999998e-12
10720.36 43.068 -34.658 1.9462326519999998e-11 4.25844692e-12 -4.25844692e-12
10807.392 48.807 -43.963 1.545726364e-11 3.4857899439999996e-12 -3.4857899439999996e-12
10898.915 47.547 -42.717 1.57406158e-11 3.536302224e-12 -3.536302224e-12
10989.109 47.616 -42.647 1.659910616e-11 3.6548876e-12 -3.6548876e-12
11076.196 28.226 -39.471 2.114508032e-11 4.745999439999999e-12 -4.745999439999999e-12
11145.132 42.031 -40.71 1.7414113079999998e-11 3.90858468e-12 -3.90858468e-12
11244.812 27.6 -57.649 1.6791745879999998e-11 3.776008599999999e-12 -3.776008599999999e-12
11329.422 35.76 -57.01 1.553018012e-11 3.4857389839999996e-12 -3.4857389839999996e-12
11412.12 43.325 -46.938 1.686562332e-11 3.68367272e-12 -3.68367272e-12
11490.522 42.65 -35.077 1.8635391319999998e-11 4.182702159999999e-12 -4.182702159999999e-12
11566.254 24.586 -33.082 2.5027788239999998e-11 5.6121847600000004e-12 -5.6121847600000004e-12
11637.076 33.998 -46.236 1.889089384e-11 4.12971468e-12 -4.12971468e-12
11705.408 35.871 -34.334 2.064364848e-11 4.62474012e-12 -4.62474012e-12
11803.666 55.456 -62.387 1.241946524e-11 2.784917772e-12 -2.784917772e-12
11907.862 41.523 -48.74 1.6134314559999998e-11 3.621336264e-12 -3.621336264e-12
11995.743 51.427 -46.358 1.462521424e-11 3.2981530399999997e-12 -3.2981530399999997e-12
12081.376 30.985 -34.205 2.237193868e-11 5.0308439999999995e-12 -5.0308439999999995e-12
12150.196 49.92 -37.836 1.651997256e-11 3.71489664e-12 -3.71489664e-12
12248.358 39.514 -48.241 1.6821047879999998e-11 3.77192088e-12 -3.77192088e-12
12321.828 31.234 -33.956 2.311153572e-11 5.1922598e-12 -5.1922598e-12
12418.984 59.433 -65.922 1.861778828e-11 3.3086573519999998e-12 -3.3086573519999998e-12
15833.654 76.922 -88.561 7.42872312e-12 1.635130224e-12 -1.635130224e-12
15993.741 92.347 -83.164 6.240081119999999e-12 1.4094534999999998e-12 -1.4094534999999998e-12
16253.396 126.045 -167.308 7.047888119999999e-12 1.1567446799999999e-12 -1.1567446799999999e-12
17756.014 45.222 -57.578 9.39550248e-12 2.0589332399999998e-12 -2.0589332399999998e-12
17835.951 32.983 -34.715 1.870962912e-11 4.19737136e-12 -4.19737136e-12
17930.571 81.28 -61.637 1.062716928e-11 2.3971700479999997e-12 -2.3971700479999997e-12
18098.202 116.741 -86.351 1.211156128e-11 2.057540576e-12 -2.057540576e-12
22103.174 58.704 -71.676 1.089362456e-11 2.457876512e-12 -2.457876512e-12
22219.633 77.64 -57.755 1.085711172e-11 2.4441224080000002e-12 -2.4441224080000002e-12
22372.701 57.459 -75.428 9.59711116e-12 2.160475044e-12 -2.160475044e-12
22508.738 56.817 -78.577 7.07029596e-12 1.59545568e-12 -1.59545568e-12
22631.33 102.214 -65.775 1.0127106079999999e-11 2.0788101879999998e-12 -2.0788101879999998e-12
52093.309 73.12 -89.856 7.31553368e-12 1.6468841479999998e-12 -1.6468841479999998e-12
52406.601 218.663 -240.172 4.61651372e-12 7.99957704e-13 -7.99957704e-13
55967.466 73.288 -49.569 7.31028116e-12 1.576356236e-12 -1.576356236e-12
58073.717 277.807 -281.321 4.20415996e-12 7.536277839999999e-13 -7.536277839999999e-13
63930.995 151.906 -148.97 4.406948e-12 7.86459856e-13 -7.86459856e-13
67483.128 66.836 -71.066 5.946260319999999e-12 1.339763152e-12 -1.339763152e-12
67631.428 89.034 -81.463 4.7562788e-12 1.0704799559999999e-12 -1.0704799559999999e-12
67780.382 47.895 -59.92 7.51176608e-12 1.692490436e-12 -1.692490436e-12
67914.509 94.294 -86.233 4.47491772e-12 1.0137731239999998e-12 -1.0137731239999998e-12
68672.785 1162.283 -663.982 3.6717371599999995e-12 6.37912548e-13 -6.37912548e-13
73231.393 133.137 -77.477 3.481360064e-12 8.495301359999999e-13 -8.495301359999999e-13
73454.772 97.807 -90.241 4.576826799999999e-12 1.030269604e-12 -1.030269604e-12
73636.059 79.496 -83.48 5.29664044e-12 1.18876212e-12 -1.18876212e-12
73785.156 110.925 -69.602 3.5718610199999996e-12 9.34230752e-13 -9.34230752e-13
74010.791 100.919 -114.71 2.995170724e-12 7.795012679999999e-13 -7.795012679999999e-13
74264.032 136.012 -152.323 3.88208184e-12 7.66134824e-13 -7.66134824e-13
183589.538 4448.838 -899.036 1.1610835599999999e-12 3.034996692e-13 -3.034996692e-13
188339.122 193.195 -300.746 1.438071544e-12 3.76516868e-13 -3.76516868e-13
188668.278 162.408 -135.962 2.3868568359999996e-12 6.202676480000001e-13 -6.202676480000001e-13
189143.52 396.728 -312.834 1.658750912e-12 3.355295944e-13 -3.355295944e-13
193949.776 317.723 -223.856 1.166637836e-12 3.058400436e-13 -3.058400436e-13
194745.643 554.862 -478.143 8.888548759999999e-13 1.9507979399999999e-13 -1.9507979399999999e-13
199648.253 273.107 -205.79 1.318985304e-12 3.475527692e-13 -3.475527692e-13
200177.969 520.651 -256.609 9.31813428e-13 2.2962121e-13 -2.2962121e-13
251999.177 840.746 -753.897 7.68461148e-13 1.462314308e-13 -1.462314308e-13
257492.154 107.575 -160.707 2.457167804e-12 6.395913159999999e-13 -6.395913159999999e-13
257907.896 451.544 -308.167 1.4366883439999999e-12 2.9064366239999996e-13 -2.9064366239999996e-13
263636.054 181.128 -137.3 2.010210384e-12 5.24032964e-13 -5.24032964e-13
264202.748 456.886 -385.566 1.1604592999999999e-12 2.4547592159999996e-13 -2.4547592159999996e-13
292694.942 644.868 -628.84 9.73767704e-13 1.8384176719999999e-13 -1.8384176719999999e-13
298340.151 324.262 -435.453 8.40213556e-13 2.2166948439999998e-13 -2.2166948439999998e-13
298837.705 262.975 -173.292 1.558757564e-12 3.9700024e-13 -3.9700024e-13
305876.719 4681.943 -2018.005 1.077692252e-12 1.7763152679999999e-13 -1.7763152679999999e-13
424167.863 573.144 -479.922 8.595106519999999e-13 1.9167992479999999e-13 -1.9167992479999999e-13
429927.498 513.0 -655.404 6.41595136e-13 1.5902253639999997e-13 -1.5902253639999997e-13
435379.304 579.546 -882.21 5.199921999999999e-13 1.273491128e-13 -1.273491128e-13
674306.733 37712.427 -38291.977 1.890518812e-13 4.78694944e-14 -4.78694944e-14
864580.83 105017.852 -91541.543 9.32201452e-14 2.5711587719999997e-14 -2.5711587719999997e-14
1037993.659 427.495 -46.385 8.864128e-13 0.0 0.0
