col1 col2 col3 col4 col5 col6
76.655 0.413 -0.587 6.55224565e-09 8.3770557e-10 -8.159557850000001e-10
77.463 0.404 -0.395 8.07812085e-09 1.059962195e-09 -1.013678005e-09
78.216 0.305 -0.35 9.8563975e-09 1.275590615e-09 -1.237540295e-09
78.931 0.526 -0.41 6.8955768e-09 9.386256799999999e-10 -8.6517192e-10
80.042 0.484 -0.585 6.034978700000001e-09 8.27114145e-10 -7.571049499999999e-10
81.008 0.506 -0.481 6.53539025e-09 8.434445e-10 -8.2022253e-10
82.079 0.495 -0.565 5.9646638499999995e-09 7.985330950000001e-10 -7.68732975e-10
82.932 0.421 -0.358 8.1160313e-09 1.09364424e-09 -1.04604655e-09
83.76 0.342 -0.407 8.78699905e-09 1.100033175e-09 -1.07412634e-09
84.772 0.584 -0.67 5.14478425e-09 6.741126950000001e-10 -6.45890195e-10
85.775 0.551 -0.418 6.78775975e-09 9.060881550000001e-10 -8.29670145e-10
86.926 0.524 -0.6 5.567525350000001e-09 7.4489863e-10 -7.26977875e-10
87.954 0.526 -0.503 6.2127485e-09 8.0987357e-10 -7.900027999999999e-10
88.989 0.43 -0.51 7.0063226e-09 9.345233e-10 -8.56388865e-10
89.917 0.651 -0.498 5.6147332499999995e-09 7.41293605e-10 -7.048681200000001e-10
91.109 0.537 -0.541 5.92562095e-09 7.730057549999999e-10 -7.5351519e-10
92.196 0.493 -0.55 6.1895102e-09 8.04287645e-10 -7.7711204e-10
93.123 0.457 -0.434 7.38384735e-09 9.7032292e-10 -9.0289635e-10
94.1 0.494 -0.52 6.4266785999999995e-09 8.42777455e-10 -7.962827499999999e-10
95.135 0.46 -0.542 6.44245125e-09 8.425570000000001e-10 -8.091994250000001e-10
96.099 0.509 -0.503 6.5014203e-09 8.14744525e-10 -7.9480595e-10
97.114 0.533 -0.506 6.30748025e-09 8.04979895e-10 -7.72511595e-10
98.186 0.635 -0.54 5.37343975e-09 7.31443065e-10 -6.8622636e-10
99.505 0.701 -0.683 4.55831715e-09 6.04881305e-10 -5.8088863e-10
100.75 0.523 -0.544 6.08907005e-09 7.7463059e-10 -7.45988125e-10
101.78 0.458 -0.508 6.5311835000000005e-09 8.487510400000001e-10 -8.30503685e-10
102.856 0.583 -0.618 5.1481106000000005e-09 6.8159645e-10 -6.718960749999999e-10
103.981 0.546 -0.541 5.7458241e-09 7.6612337e-10 -7.40988305e-10
105.111 0.413 -0.584 6.5239557e-09 8.3244944e-10 -7.987712999999999e-10
105.994 0.456 -0.471 6.875593849999999e-09 9.1063251e-10 -8.657718700000001e-10
107.012 0.47 -0.562 6.29912355e-09 8.2899458e-10 -7.75466615e-10
108.192 0.612 -0.71 4.8241624499999996e-09 6.621378349999999e-10 -6.25647385e-10
109.198 0.545 -0.394 7.0483262e-09 9.3546902e-10 -8.79350265e-10
110.352 0.604 -0.609 5.34913645e-09 7.09769605e-10 -6.8295539e-10
111.538 0.579 -0.581 5.6516284e-09 7.38866115e-10 -7.119908400000001e-10
112.647 0.505 -0.531 6.331322050000001e-09 8.23391615e-10 -7.96896545e-10
113.651 0.467 -0.499 6.78602735e-09 8.8913584e-10 -8.550622299999999e-10
114.67 0.567 -0.552 5.9749837e-09 7.659245700000001e-10 -7.3391777e-10
115.938 0.597 -0.701 5.09798815e-09 6.60997575e-10 -6.3426927e-10
117.208 0.6 -0.672 5.153591800000001e-09 6.7606697e-10 -6.49521845e-10
118.424 0.442 -0.616 6.301654700000001e-09 8.0429652e-10 -7.736529200000001e-10
119.554 0.599 -0.688 5.0602268e-09 6.61903535e-10 -6.3754166e-10
120.825 0.55 -0.673 4.0447777e-09 5.01915685e-10 -4.95017325e-10
121.721 0.27 -0.346 4.10636665e-09 5.165399100000001e-10 -5.16540265e-10
122.354 0.307 -0.364 3.8510293499999995e-09 4.70479725e-10 -4.7048008e-10
122.92 0.277 -0.259 4.771870950000001e-09 5.91526915e-10 -5.91527625e-10
123.423 0.289 -0.226 3.33017832e-09 5.12404515e-10 -5.12404515e-10
123.994 0.322 -0.281 4.23706345e-09 5.2523173e-10 -5.25232085e-10
124.599 0.295 -0.283 4.5339535e-09 5.498247100000001e-10 -5.49825065e-10
125.212 0.342 -0.318 3.9133354e-09 4.7809199e-10 -4.78092345e-10
125.852 0.357 -0.298 3.9452073e-09 4.81985275e-10 -4.81985985e-10
126.495 0.241 -0.286 4.9048575e-09 5.992261549999999e-10 -5.9922651e-10
127.09 0.316 -0.355 3.8098671e-09 4.72276025e-10 -4.7227638e-10
127.638 0.344 -0.232 3.544656185e-09 4.8689741e-10 -4.86897765e-10
128.259 0.296 -0.277 2.9801156600000004e-09 4.5399813999999997e-10 -4.5399849500000005e-10
128.911 0.338 -0.356 3.7226613499999996e-09 4.54797245e-10 -4.547976e-10
129.57 0.301 -0.32 4.07112225e-09 5.12106315e-10 -5.1210667e-10
130.124 0.25 -0.254 3.4455920150000003e-09 5.13639915e-10 -5.136402700000001e-10
130.6 0.286 -0.227 3.1703718750000003e-09 5.161117800000001e-10 -5.16112135e-10
131.222 0.319 -0.336 3.88476145e-09 4.81559985e-10 -4.8156034e-10
131.831 0.224 -0.29 3.2919079e-09 4.9072999e-10 -4.90730345e-10
132.384 0.295 -0.329 2.71042784e-09 4.0404786499999997e-10 -4.0404786499999997e-10
132.947 0.243 -0.268 3.314848e-09 4.94149705e-10 -4.9415006e-10
133.473 0.288 -0.283 4.4126784e-09 5.39096255e-10 -5.39096965e-10
134.035 0.244 -0.273 3.26928304e-09 4.87357135e-10 -4.873574899999999e-10
134.524 0.294 -0.245 3.1398017600000002e-09 4.68055075e-10 -4.680554299999999e-10
135.165 0.285 -0.347 2.6798914500000004e-09 3.994957e-10 -3.994957e-10
135.719 0.269 -0.27 3.0398933999999998e-09 4.733601949999999e-10 -4.7336055e-10
136.285 0.273 -0.296 2.9730603900000004e-09 4.43198685e-10 -4.4319904e-10
136.836 0.288 -0.278 2.9916545800000002e-09 4.4597052499999997e-10 -4.4597088e-10
137.421 0.253 -0.297 3.0788393849999997e-09 4.5896743000000005e-10 -4.5896778500000003e-10
137.969 0.368 -0.296 3.376336485e-09 4.4639545999999997e-10 -4.46395815e-10
138.614 0.259 -0.277 3.110376165e-09 4.738426400000001e-10 -4.738426400000001e-10
139.124 0.33 -0.251 3.426532775e-09 4.7067178e-10 -4.70672135e-10
139.797 0.337 -0.343 3.66847415e-09 4.5474861e-10 -4.54748965e-10
140.393 0.276 -0.259 3.160669015e-09 4.7116594e-10 -4.71166295e-10
141.011 0.29 -0.341 2.63724459e-09 4.0176450500000003e-10 -4.0176486e-10
141.581 0.233 -0.279 3.250775115e-09 4.95231035e-10 -4.952313899999999e-10
142.089 0.477 -0.276 2.2138297000000003e-09 3.37260366e-10 -3.3726057900000004e-10
142.886 0.232 -0.32 3.13924512e-09 4.6285752e-10 -4.62857875e-10
143.459 0.299 -0.341 2.60235661e-09 3.96449445e-10 -3.964498e-10
144.028 0.251 -0.27 3.19741471e-09 4.87102245e-10 -4.87102245e-10
144.565 0.27 -0.285 3.05125766e-09 4.5485582e-10 -4.5485582e-10
145.149 0.344 -0.314 2.58918398e-09 3.8994691e-10 -3.89947265e-10
145.815 0.321 -0.322 2.63709762e-09 3.9311635e-10 -3.9311635e-10
146.419 0.273 -0.284 3.0415047450000002e-09 4.5340174e-10 -4.5340209500000003e-10
147.018 0.288 -0.326 2.7154897850000003e-09 4.1368433999999996e-10 -4.1368469500000004e-10
147.613 0.365 -0.308 2.47852054e-09 3.77584035e-10 -3.77584035e-10
148.317 0.401 -0.339 2.215650495e-09 3.4501232350000003e-10 -3.45012501e-10
149.046 0.326 -0.327 2.593984645e-09 3.8668943e-10 -3.8668943e-10
149.647 0.227 -0.275 3.322135795e-09 5.06102555e-10 -5.06102555e-10
150.271 0.287 -0.398 2.472707415e-09 3.68610345e-10 -3.686107e-10
150.918 0.38 -0.36 2.25202628e-09 3.4307931300000003e-10 -3.430794905e-10
151.564 0.306 -0.266 2.87132165e-09 4.47110785e-10 -4.4711114000000003e-10
152.222 0.35 -0.352 2.37175713e-09 3.61319355e-10 -3.6131971e-10
152.952 0.374 -0.38 2.245370385e-09 3.347208025e-10 -3.347210155e-10
153.66 0.334 -0.333 2.5388038000000003e-09 3.7846337e-10 -3.78463725e-10
154.285 0.255 -0.291 3.101207935e-09 4.62301945e-10 -4.62301945e-10
154.914 0.309 -0.375 2.47933704e-09 3.69598665e-10 -3.69598665e-10
155.601 0.313 -0.378 2.37565574e-09 3.6992775000000004e-10 -3.6992775000000004e-10
156.294 0.358 -0.381 2.294163005e-09 3.4199439749999997e-10 -3.41994575e-10
156.976 0.375 -0.324 2.42252355e-09 3.6112943e-10 -3.6112943e-10
157.667 0.255 -0.316 2.965896845e-09 4.42130845e-10 -4.4213119999999997e-10
158.23 0.28 -0.309 2.830520435e-09 4.3120856e-10 -4.3120856e-10
158.831 0.275 -0.321 2.706283925e-09 4.3083332500000003e-10 -4.3083368e-10
159.525 0.487 -0.419 1.84069914e-09 2.804166655e-10 -2.804168075e-10
160.475 0.39 -0.462 2.000141355e-09 3.01233475e-10 -3.012336525e-10
161.205 0.334 -0.34 2.51200982e-09 3.74469265e-10 -3.74469265e-10
161.827 0.222 -0.288 3.3172577399999996e-09 4.9450861e-10 -4.94508965e-10
162.376 0.428 -0.326 2.245405175e-09 3.3472602100000004e-10 -3.347261985e-10
163.21 0.355 -0.407 2.18899248e-09 3.33476563e-10 -3.33476705e-10
163.899 0.438 -0.334 2.158638205e-09 3.288522975e-10 -3.28852475e-10
164.735 0.362 -0.397 2.229476325e-09 3.32351426e-10 -3.323516035e-10
165.473 0.379 -0.376 2.245238325e-09 3.347011355e-10 -3.3470131299999997e-10
166.176 0.469 -0.325 2.13452341e-09 3.1819668849999997e-10 -3.18196866e-10
167.072 0.443 -0.427 1.915815365e-09 2.91860055e-10 -2.91860197e-10
167.91 0.448 -0.395 2.008393685e-09 2.993943265e-10 -2.9939446850000003e-10
168.824 0.347 -0.466 2.049957085e-09 3.1229555899999997e-10 -3.12295701e-10
169.532 0.39 -0.36 2.3060036749999996e-09 3.4000249249999995e-10 -3.4000267e-10
170.369 0.444 -0.447 1.9001588e-09 2.832595765e-10 -2.832597185e-10
171.192 0.411 -0.379 2.109978355e-09 3.21439294e-10 -3.214394715e-10
172.074 0.382 -0.47 1.797707575e-09 3.062327625e-10 -3.0623286899999996e-10
172.871 0.403 -0.416 2.0037268550000002e-09 3.1201234e-10 -3.12012482e-10
173.752 0.392 -0.478 1.946787695e-09 2.90210583e-10 -2.9021072500000005e-10
174.575 0.38 -0.431 1.95481957e-09 3.182293485e-10 -3.182294905e-10
175.478 0.391 -0.523 1.852120555e-09 2.7609844550000003e-10 -2.76098552e-10
176.163 0.356 -0.293 2.608191035e-09 3.88807005e-10 -3.88807005e-10
176.974 0.502 -0.455 1.71318456e-09 2.667702525e-10 -2.667703945e-10
177.96 0.399 -0.484 1.9193724650000003e-09 2.861237875e-10 -2.861239295e-10
178.862 0.44 -0.503 1.7676323299999999e-09 2.692854985e-10 -2.69285605e-10
179.729 0.391 -0.428 2.069543145e-09 3.0850994550000004e-10 -3.08510123e-10
180.586 0.452 -0.466 1.756908845e-09 2.7969527e-10 -2.79695412e-10
181.477 0.463 -0.439 1.87769227e-09 2.799104355e-10 -2.799105775e-10
182.319 0.359 -0.379 2.29395107e-09 3.419628025e-10 -3.419629445e-10
183.046 0.417 -0.368 2.12435976e-09 3.236301765e-10 -3.2363031849999996e-10
184.02 0.574 -0.557 1.4492207600000002e-09 2.256668615e-10 -2.2566696800000002e-10
185.041 0.431 -0.446 1.931022145e-09 2.878603765e-10 -2.878605185e-10
185.918 0.429 -0.446 1.9349299850000003e-09 2.884429315e-10 -2.8844307349999997e-10
186.805 0.363 -0.458 1.9949981150000002e-09 3.106531515e-10 -3.1065329350000004e-10
187.65 0.43 -0.481 1.800171275e-09 2.803154905e-10 -2.80315597e-10
188.483 0.36 -0.403 2.2191245250000003e-09 3.3080824100000003e-10 -3.3080841850000005e-10
189.298 0.418 -0.455 1.93890705e-09 2.8903581700000003e-10 -2.8903595899999997e-10
190.107 0.457 -0.39 1.968170765e-09 2.998359465e-10 -2.998360885e-10
191.002 0.386 -0.438 2.0234066349999997e-09 3.0825076e-10 -3.0825090199999996e-10
192.029 0.726 -0.642 1.178857375e-09 1.876709985e-10 -1.876710695e-10
193.267 0.485 -0.511 1.64587372e-09 2.562888775e-10 -2.56288984e-10
194.341 0.532 -0.589 1.5110961950000002e-09 2.2526141600000002e-10 -2.252615225e-10
195.335 0.516 -0.463 1.703364195e-09 2.594946695e-10 -2.594948115e-10
196.244 0.459 -0.393 1.987439455e-09 2.962706105e-10 -2.96270788e-10
197.227 0.515 -0.524 1.6042009800000001e-09 2.4438789299999996e-10 -2.44388035e-10
198.223 0.386 -0.481 1.892583455e-09 2.9470552200000005e-10 -2.947056285e-10
199.165 0.484 -0.556 1.601428075e-09 2.439654785e-10 -2.43965585e-10
200.051 0.449 -0.402 1.9915972149999997e-09 2.9689040500000004e-10 -2.96890547e-10
200.976 0.5 -0.477 1.734048975e-09 2.58497297e-10 -2.584974035e-10
201.896 0.409 -0.42 2.04290856e-09 3.045394835e-10 -3.0453962549999997e-10
202.831 0.542 -0.525 1.51089846e-09 2.4053110199999997e-10 -2.405312085e-10
203.88 0.573 -0.507 1.518430495e-09 2.3644391599999997e-10 -2.364440225e-10
204.916 0.432 -0.463 1.86253732e-09 2.837435125e-10 -2.8374365449999997e-10
205.965 0.626 -0.617 1.36192981e-09 2.0302496150000002e-10 -2.03025068e-10
207.237 0.779 -0.646 1.169598975e-09 1.7817957649999998e-10 -1.78179683e-10
208.688 0.629 -0.672 1.30230827e-09 1.94137075e-10 -1.9413714599999998e-10
209.919 0.464 -0.602 1.56400504e-09 2.38264356e-10 -2.382644625e-10
210.944 0.554 -0.561 1.494159855e-09 2.276239765e-10 -2.276241185e-10
212.128 0.438 -0.629 1.586637355e-09 2.36522442e-10 -2.365225485e-10
213.14 0.482 -0.575 1.5772376649999999e-09 2.40280259e-10 -2.402803655e-10
214.263 0.557 -0.64 1.414542585e-09 2.108680475e-10 -2.10868154e-10
215.345 0.5 -0.525 1.6264562849999999e-09 2.47778356e-10 -2.47778498e-10
216.488 0.478 -0.643 1.31873199e-09 2.35302946e-10 -2.35303017e-10
217.536 0.541 -0.571 1.5231761350000002e-09 2.27062189e-10 -2.27062331e-10
218.665 0.543 -0.587 1.4992143449999999e-09 2.23490179e-10 -2.234902855e-10
219.936 0.554 -0.729 1.32036712e-09 1.968291465e-10 -1.96829253e-10
221.073 0.6 -0.583 1.431565545e-09 2.134056585e-10 -2.13405765e-10
222.468 0.57 -0.795 1.2411907600000002e-09 1.8502617750000001e-10 -1.85026284e-10
223.725 0.769 -0.688 9.774282450000001e-10 1.8288453350000002e-10 -1.8288460449999999e-10
225.255 0.573 -0.76 1.271007565e-09 1.894710615e-10 -1.894711325e-10
226.306 0.617 -0.479 1.5454296650000002e-09 2.303795575e-10 -2.30379664e-10
227.414 0.431 -0.491 1.83779382e-09 2.7396272999999996e-10 -2.73962872e-10
228.687 0.672 -0.842 1.1008454150000001e-09 1.677055145e-10 -1.677055855e-10
230.015 0.819 -0.656 1.148362875e-09 1.71188171e-10 -1.711882775e-10
231.356 0.659 -0.522 1.4108725950000002e-09 2.1493577949999998e-10 -2.14935886e-10
232.632 0.488 -0.617 1.5085657550000001e-09 2.29818622e-10 -2.2981872849999997e-10
233.802 0.685 -0.682 1.239541075e-09 1.847802335e-10 -1.8478034e-10
235.244 0.588 -0.757 1.2592158849999999e-09 1.8771324349999998e-10 -1.877133145e-10
236.446 0.559 -0.615 1.4423934e-09 2.150197725e-10 -2.1501984350000001e-10
237.655 0.628 -0.649 1.3288402599999998e-09 1.98092201e-10 -1.98092272e-10
239.046 0.609 -0.763 1.2656797249999998e-09 1.8867682000000001e-10 -1.8867689099999998e-10
240.181 0.548 -0.526 1.589926785e-09 2.422133405e-10 -2.42213447e-10
241.453 0.719 -0.724 1.18412025e-09 1.803917945e-10 -1.803918655e-10
242.931 0.598 -0.759 1.2585988950000001e-09 1.917380205e-10 -1.9173809150000001e-10
244.202 0.559 -0.672 1.38773334e-09 2.11410665e-10 -2.114107715e-10
245.625 0.707 -0.864 1.08756948e-09 1.656830085e-10 -1.6568307950000001e-10
247.061 0.729 -0.73 1.1711268950000002e-09 1.784123855e-10 -1.784124565e-10
248.607 0.861 -0.817 1.025275855e-09 1.528394635e-10 -1.528395345e-10
250.22 0.645 -0.752 1.154852985e-09 1.8384956550000001e-10 -1.8384963649999998e-10
251.59 0.655 -0.725 1.22681042e-09 1.8288251e-10 -1.82882581e-10
252.81 0.652 -0.565 1.391846015e-09 2.0748461349999998e-10 -2.0748472e-10
254.239 0.515 -0.777 1.31131817e-09 1.954802175e-10 -1.95480324e-10
255.277 0.581 -0.523 1.535491795e-09 2.288980715e-10 -2.288982135e-10
256.469 0.593 -0.612 1.40621109e-09 2.09626009e-10 -2.0962611550000001e-10
257.865 0.684 -0.803 1.1387764549999999e-09 1.69759154e-10 -1.697592605e-10
259.162 0.653 -0.613 1.3370436e-09 1.99315105e-10 -1.993152115e-10
260.322 0.67 -0.506 1.44010365e-09 2.146784755e-10 -2.1467858200000002e-10
261.66 0.634 -0.668 1.300430675e-09 1.93857193e-10 -1.938572995e-10
262.901 0.542 -0.607 1.47355672e-09 2.196653735e-10 -2.1966548e-10
263.959 0.57 -0.515 1.5605214250000001e-09 2.3262929900000002e-10 -2.3262944099999998e-10
265.134 0.682 -0.606 1.3021755e-09 2.003616805e-10 -2.00361787e-10
266.424 0.643 -0.607 1.31097311e-09 2.0413948400000002e-10 -2.0413959049999999e-10
267.759 0.629 -0.691 1.24207116e-09 1.9341038999999999e-10 -1.934104965e-10
269.158 0.663 -0.771 1.162249055e-09 1.770599065e-10 -1.770599775e-10
270.332 0.527 -0.51 1.63289208e-09 2.43417749e-10 -2.434178555e-10
271.669 0.49 -0.811 1.28158266e-09 1.95239492e-10 -1.95239563e-10
272.952 0.474 -0.793 1.337056735e-09 1.99317093e-10 -1.993171995e-10
274.123 0.76 -0.697 1.1623789850000002e-09 1.7327759449999999e-10 -1.73277701e-10
275.536 0.784 -0.653 1.140716175e-09 1.776277645e-10 -1.7762783549999998e-10
277.165 0.666 -0.844 1.103458925e-09 1.6810364699999999e-10 -1.68103718e-10
278.447 0.627 -0.616 1.36194614e-09 2.030273755e-10 -2.0302748199999998e-10
279.726 0.53 -0.651 1.43371933e-09 2.1372672049999999e-10 -2.13726827e-10
281.071 0.608 -0.815 1.18999337e-09 1.7739413899999999e-10 -1.773942455e-10
282.364 0.619 -0.685 1.27808591e-09 1.947067435e-10 -1.947068145e-10
283.563 0.717 -0.58 1.305877085e-09 1.9466907799999998e-10 -1.946691845e-10
285.133 0.754 -0.853 1.054254505e-09 1.5715931650000002e-10 -1.5715938750000001e-10
286.834 0.882 -0.947 9.260696849999999e-10 1.380506605e-10 -1.3805069600000002e-10
288.58 0.743 -0.864 1.05424705e-09 1.57158216e-10 -1.5715828699999998e-10
289.955 0.528 -0.632 1.4368649850000001e-09 2.1889555599999998e-10 -2.188956625e-10
291.302 0.846 -0.82 9.68537625e-10 1.54188641e-10 -1.54188712e-10
292.987 0.792 -0.839 1.0216573400000001e-09 1.5564179799999998e-10 -1.55641869e-10
294.784 0.865 -1.005 8.7698845e-10 1.365611515e-10 -1.365612225e-10
296.559 1.056 -0.91 8.3412646e-10 1.298868675e-10 -1.29886903e-10
298.646 0.874 -1.031 8.888947950000001e-10 1.3250889750000002e-10 -1.325089685e-10
300.316 0.72 -0.796 1.09959333e-09 1.67514773e-10 -1.6751484399999998e-10
301.848 0.729 -0.812 1.09931572e-09 1.63876662e-10 -1.63876733e-10
303.418 1.02 -0.841 8.81189875e-10 1.372153455e-10 -1.372154165e-10
305.351 0.733 -0.913 1.01281855e-09 1.54295283e-10 -1.54295354e-10
306.703 0.672 -0.62 1.290436715e-09 1.965883145e-10 -1.96588421e-10
308.132 0.842 -0.757 1.04212309e-09 1.587595855e-10 -1.5875965649999998e-10
309.909 0.696 -0.934 1.039307585e-09 1.5493119449999998e-10 -1.549312655e-10
311.387 0.691 -0.782 1.113189475e-09 1.7334138800000002e-10 -1.73341459e-10
312.891 0.8 -0.813 1.03292291e-09 1.573580455e-10 -1.573581165e-10
314.418 0.669 -0.727 1.212743545e-09 1.80785525e-10 -1.8078559600000002e-10
315.867 0.92 -0.779 9.65133175e-10 1.502866585e-10 -1.502867295e-10
317.651 0.717 -0.865 1.05382389e-09 1.6054211149999998e-10 -1.60542218e-10
319.257 0.78 -0.889 9.9879889e-10 1.521594965e-10 -1.5215956749999998e-10
320.724 0.717 -0.686 1.2065882e-09 1.7986795650000003e-10 -1.798680275e-10
322.235 0.664 -0.794 1.142500405e-09 1.74051317e-10 -1.740514235e-10
323.857 0.835 -0.957 9.3033927e-10 1.417301645e-10 -1.417302355e-10
325.61 0.898 -0.918 9.32404305e-10 1.38994925e-10 -1.38994996e-10
327.692 1.063 -1.184 7.5375517e-10 1.123634285e-10 -1.1236349950000001e-10
329.474 0.845 -0.719 1.031332865e-09 1.64185512e-10 -1.64185583e-10
331.175 1.03 -0.856 8.98106335e-10 1.33882073e-10 -1.33882144e-10
333.002 0.823 -0.798 1.04498865e-09 1.55778047e-10 -1.5577811800000002e-10
334.58 0.842 -0.754 1.0444430149999998e-09 1.5911305900000002e-10 -1.5911313e-10
336.298 0.828 -0.877 9.46292615e-10 1.506473385e-10 -1.506474095e-10
338.153 0.864 -1.027 8.9557199e-10 1.33504282e-10 -1.33504353e-10
340.077 0.959 -1.06 7.98722665e-10 1.27154539e-10 -1.2715457449999998e-10
341.972 0.762 -0.935 9.979060649999999e-10 1.48759342e-10 -1.48759413e-10
343.726 0.908 -0.993 8.913886699999999e-10 1.328806535e-10 -1.328807245e-10
345.637 0.912 -1.004 8.6986573e-10 1.32517453e-10 -1.32517524e-10
347.679 0.785 -1.129 8.56597605e-10 1.333859605e-10 -1.33385996e-10
349.294 0.909 -0.83 9.433912e-10 1.4690113000000002e-10 -1.46901201e-10
351.329 0.944 -1.127 8.17876335e-10 1.21922052e-10 -1.21922123e-10
353.461 1.095 -1.187 7.301955949999999e-10 1.1123981800000001e-10 -1.1123985349999999e-10
355.409 0.835 -0.853 9.71222135e-10 1.51234828e-10 -1.5123489900000002e-10
357.278 1.035 -1.034 8.18563615e-10 1.22024505e-10 -1.22024576e-10
359.353 1.106 -1.04 7.7681668e-10 1.18342161e-10 -1.183421965e-10
361.325 0.776 -0.866 1.031396765e-09 1.5375188449999999e-10 -1.53751991e-10
363.24 1.085 -1.139 7.785157099999999e-10 1.14786126e-10 -1.1478616150000001e-10
365.383 0.874 -1.058 8.765933349999999e-10 1.306751095e-10 -1.3067518050000001e-10
367.22 1.163 -0.963 8.0361847e-10 1.224251935e-10 -1.2242526450000001e-10
369.923 1.106 -1.54 6.458007349999999e-10 9.838285400000001e-11 -9.8382925e-11
372.279 1.184 -1.25 7.1333203e-10 1.06337481e-10 -1.06337552e-10
374.652 1.218 -1.189 7.0976783e-10 1.0812778150000001e-10 -1.0812781699999999e-10
376.909 0.952 -1.039 8.342230200000001e-10 1.299018485e-10 -1.299019195e-10
378.737 0.897 -0.877 9.396747049999999e-10 1.4315236549999998e-10 -1.431524365e-10
380.778 0.954 -1.143 8.07458505e-10 1.20369069e-10 -1.2036914000000001e-10
382.751 1.045 -1.019 8.20700005e-10 1.22343011e-10 -1.223430465e-10
385.187 1.156 -1.392 6.647999799999999e-10 9.91027585e-11 -9.91028295e-11
387.474 1.113 -1.13 7.308953e-10 1.1381211250000001e-10 -1.1381218349999999e-10
389.627 1.086 -1.04 7.9656746e-10 1.187455475e-10 -1.1874558300000002e-10
391.848 1.062 -1.136 7.707731599999999e-10 1.1490032950000001e-10 -1.14900365e-10
394.023 1.212 -1.113 7.28311965e-10 1.0857060849999999e-10 -1.08570644e-10
396.613 1.503 -1.377 5.41175135e-10 9.0109082e-11 -9.010911750000001e-11
399.113 1.143 -0.997 7.91358545e-10 1.179690205e-10 -1.179690915e-10
401.059 0.813 -0.803 1.0484499e-09 1.5629403950000002e-10 -1.562941105e-10
402.777 0.932 -0.906 8.775866249999999e-10 1.397095045e-10 -1.397095755e-10
404.778 1.144 -1.069 7.6527492e-10 1.140807055e-10 -1.140807765e-10
407.432 1.114 -1.51 6.351539300000001e-10 9.676089449999999e-11 -9.676093e-11
409.595 0.819 -1.049 9.0667852e-10 1.35159931e-10 -1.35160002e-10
411.691 1.147 -1.276 6.8785226e-10 1.0478911299999999e-10 -1.0478918400000001e-10
413.948 0.904 -1.11 8.596839749999999e-10 1.2675377950000002e-10 -1.2675385049999999e-10
416.094 1.406 -1.242 6.19434175e-10 9.64558075e-11 -9.6455843e-11
418.654 1.323 -1.155 6.834200850000001e-10 1.0187846800000001e-10 -1.01878539e-10
420.868 1.238 -0.89 7.95994845e-10 1.186602055e-10 -1.1866024099999998e-10
423.296 1.25 -1.191 6.828439200000001e-10 1.0402614700000001e-10 -1.0402618249999999e-10
425.6 1.138 -1.054 7.48144395e-10 1.16498078e-10 -1.16498149e-10
428.175 1.381 -1.437 6.0101216e-10 8.959379950000001e-11 -8.95938705e-11
431.026 1.29 -1.47 5.94275325e-10 9.25381695e-11 -9.2538205e-11
433.766 1.53 -1.45 5.6836352e-10 8.472682050000001e-11 -8.47268915e-11
436.278 1.26 -0.982 7.555635400000001e-10 1.1263297999999999e-10 -1.12633051e-10
438.451 0.939 -0.913 9.14514435e-10 1.3632802299999999e-10 -1.36328094e-10
440.421 0.826 -1.031 8.97375035e-10 1.367083345e-10 -1.367084055e-10
442.679 1.87 -1.432 5.1292672e-10 7.646274e-11 -7.64627755e-11
445.666 0.902 -1.117 8.387634700000001e-10 1.25035757e-10 -1.25035828e-10
447.703 1.235 -1.135 7.1471014e-10 1.06542955e-10 -1.065429905e-10
450.56 1.312 -1.621 5.58944305e-10 8.703659250000001e-11 -8.7036628e-11
453.146 1.028 -1.274 7.239976500000001e-10 1.1029558899999999e-10 -1.1029566000000001e-10
455.327 1.103 -1.153 7.3885156e-10 1.12558501e-10 -1.1255853649999999e-10
457.862 1.054 -1.432 6.597777950000001e-10 1.02737994e-10 -1.027380295e-10
460.46 1.462 -1.544 5.36427365e-10 8.5397806e-11 -8.53978415e-11
462.815 0.856 -0.893 9.53040455e-10 1.45188539e-10 -1.4518860999999998e-10
464.965 1.101 -1.294 6.84754175e-10 1.0662719649999999e-10 -1.06627232e-10
467.068 1.051 -1.002 8.11811515e-10 1.23673338e-10 -1.23673409e-10
469.56 1.453 -1.441 5.85112775e-10 8.72236775e-11 -8.722371299999999e-11
472.261 1.277 -1.247 6.70875805e-10 1.0000850549999999e-10 -1.00008541e-10
474.849 1.091 -1.311 6.9392347e-10 1.057139945e-10 -1.057140655e-10
477.785 1.61 -1.845 4.90188615e-10 7.30731645e-11 -7.30732e-11
480.817 1.286 -1.422 6.254581699999999e-10 9.32380165e-11 -9.3238052e-11
483.707 1.532 -1.604 5.39968135e-10 8.04938715e-11 -8.04939425e-11
486.529 1.139 -1.29 6.974418749999999e-10 1.03968708e-10 -1.039687435e-10
489.028 1.26 -1.361 6.25726905e-10 9.743567850000001e-11 -9.7435714e-11
491.523 1.414 -1.235 6.291814100000001e-10 9.585102949999999e-11 -9.5851065e-11
494.528 1.573 -1.591 5.2691301e-10 8.0271251e-11 -8.027128649999999e-11
497.302 1.772 -1.201 5.697196199999999e-10 8.49289575e-11 -8.49290285e-11
500.232 1.77 -1.158 5.783688399999999e-10 8.62183175e-11 -8.6218353e-11
503.169 1.668 -1.166 5.69091625e-10 9.05978815e-11 -9.05979525e-11
506.623 1.608 -1.787 4.830740600000001e-10 7.52223345e-11 -7.522237e-11
509.683 1.498 -1.452 5.559143800000001e-10 8.6564762e-11 -8.65647975e-11
512.716 1.368 -1.535 5.83334935e-10 8.69586345e-11 -8.69587055e-11
516.212 1.477 -2.128 4.6988936e-10 7.004714450000001e-11 -7.004718000000001e-11
519.303 1.259 -1.614 5.80093075e-10 8.837281249999999e-11 -8.8372848e-11
522.065 1.666 -1.503 5.3452918e-10 7.96830515e-11 -7.968308700000001e-11
525.582 1.627 -1.851 4.40463055e-10 7.503120249999999e-11 -7.5031238e-11
528.588 1.517 -1.379 5.8475174e-10 8.7169824e-11 -8.716985950000001e-11
531.702 1.526 -1.597 5.4243858e-10 8.0862113e-11 -8.08621485e-11
534.922 1.344 -1.695 5.5736562e-10 8.3087324e-11 -8.30873595e-11
537.463 1.325 -1.196 6.71837855e-10 1.0015189e-10 -1.001519255e-10
540.111 1.571 -1.323 5.75816035e-10 8.77212455e-11 -8.7721281e-11
543.15 1.599 -1.468 5.5220321e-10 8.231779050000001e-11 -8.231782599999999e-11
546.448 1.459 -1.699 5.27802995e-10 8.040679e-11 -8.04068255e-11
549.9 1.852 -1.993 3.9847294499999996e-10 6.78783785e-11 -6.7878414e-11
553.097 1.414 -1.345 6.13787545e-10 9.149823249999999e-11 -9.1498268e-11
556.108 1.67 -1.597 5.18514775e-10 7.729581850000001e-11 -7.729585399999999e-11
559.101 1.541 -1.323 5.34845485e-10 9.11089395e-11 -9.1108975e-11
562.939 2.165 -2.297 3.7594216e-10 5.7845049e-11 -5.78450845e-11
567.178 1.645 -2.074 4.4825459499999997e-10 6.8288226e-11 -6.82882615e-11
570.462 1.707 -1.639 4.9000295e-10 7.630128599999999e-11 -7.63013215e-11
573.814 1.427 -1.645 5.5123974e-10 8.21741575e-11 -8.21742285e-11
577.447 1.68 -2.205 4.28956795e-10 6.5348329e-11 -6.534836450000001e-11
580.646 1.442 -1.519 5.6301367e-10 8.5770911e-11 -8.57709465e-11
583.923 1.642 -1.836 4.7145846e-10 7.3413645e-11 -7.341368050000001e-11
587.032 1.916 -1.466 5.00788205e-10 7.46532695e-11 -7.4653305e-11
590.318 1.241 -1.37 6.381845649999999e-10 9.722260750000001e-11 -9.7222643e-11
593.548 1.536 -1.988 4.7292035e-10 7.204583e-11 -7.20458655e-11
3840.158 20.493 -19.624 6.14075095e-11 1.3471053649999999e-11 -1.3471053649999999e-11
3888.575 34.759 -27.924 3.64929705e-11 8.228218400000001e-12 -8.228218400000001e-12
3954.512 26.49 -31.178 4.2274358500000005e-11 9.27378215e-12 -9.27378215e-12
4005.046 21.088 -24.044 5.0574791e-11 1.1387459249999999e-11 -1.1387459249999999e-11
4066.846 42.029 -40.712 2.8758475450000003e-11 6.3592002e-12 -6.3592002e-12
4141.561 24.983 -32.686 3.9787264e-11 8.9213275e-12 -8.9213275e-12
4187.075 19.585 -20.532 6.49860515e-11 1.36323408e-11 -1.36323408e-11
4228.449 25.85 -21.789 4.76923685e-11 1.073844825e-11 -1.073844825e-11
4280.102 21.837 -25.802 4.76050385e-11 1.068907485e-11 -1.068907485e-11
4319.983 14.551 -18.044 6.97510745e-11 1.563999005e-11 -1.563999005e-11
4359.735 27.452 -25.202 4.95813235e-11 1.0363302e-11 -1.0363302e-11
4404.6 22.704 -17.413 5.6476878999999997e-11 1.26811254e-11 -1.26811254e-11
4445.02 19.894 -17.716 6.422684850000001e-11 1.4052391000000001e-11 -1.4052391000000001e-11
4492.95 37.155 -28.035 3.452816975e-11 7.7852068e-12 -7.7852068e-12
4556.651 18.585 -26.546 5.28708245e-11 1.1537354450000001e-11 -1.1537354450000001e-11
4595.278 22.583 -20.042 5.2485827e-11 1.18341948e-11 -1.18341948e-11
4641.423 24.077 -23.562 5.0074028e-11 1.097031295e-11 -1.097031295e-11
4700.52 22.648 -35.021 4.13395015e-11 9.11689345e-12 -9.11689345e-12
4752.811 23.011 -29.643 4.58937255e-11 1.0014830450000001e-11 -1.0014830450000001e-11
4798.117 20.329 -22.295 5.2996778499999996e-11 1.1949399399999999e-11 -1.1949399399999999e-11
4849.52 21.58 -31.074 4.3173183e-11 9.693960150000001e-12 -9.693960150000001e-12
4900.527 38.271 -29.427 3.38105692e-11 7.612811700000001e-12 -7.612811700000001e-12
4968.1 30.873 -29.303 3.8322924499999995e-11 8.6049018e-12 -8.6049018e-12
5029.802 26.84 -30.829 4.17665665e-11 9.162390249999999e-12 -9.162390249999999e-12
5083.168 21.113 -26.526 5.2916229000000004e-11 1.132441125e-11 -1.132441125e-11
5143.831 28.147 -39.551 3.547296675e-11 7.8127264e-12 -7.8127264e-12
5200.8 18.817 -28.822 4.7936786000000004e-11 1.0748668699999999e-11 -1.0748668699999999e-11
5244.422 20.327 -24.805 5.0824817500000004e-11 1.144374805e-11 -1.144374805e-11
5295.701 26.716 -30.952 4.13245205e-11 9.065422e-12 -9.065422e-12
5355.393 34.722 -32.976 3.5531985500000005e-11 7.77415565e-12 -7.77415565e-12
5407.909 17.309 -17.794 6.5404845e-11 1.464518065e-11 -1.464518065e-11
5457.117 28.276 -31.9 4.0168533999999996e-11 8.7770342e-12 -8.7770342e-12
5499.299 23.704 -13.906 6.10889325e-11 1.375483e-11 -1.375483e-11
5551.187 34.499 -28.184 3.64249525e-11 8.19008785e-12 -8.19008785e-12
5623.919 26.957 -38.233 3.6820387e-11 8.0880289e-12 -8.0880289e-12
5685.07 25.982 -34.194 3.79067225e-11 8.5114445e-12 -8.5114445e-12
5744.177 14.513 -33.126 4.9936998e-11 1.095474975e-11 -1.095474975e-11
5783.991 29.861 -25.3 4.1497086000000003e-11 9.31761755e-12 -9.31761755e-12
5844.094 27.425 -30.243 4.12771635e-11 9.1031443e-12 -9.1031443e-12
5906.842 32.375 -35.322 3.379819035e-11 7.5994637e-12 -7.5994637e-12
5960.772 13.548 -21.554 6.47288895e-11 1.4594689e-11 -1.4594689e-11
6001.344 25.63 -27.024 4.5614802e-11 9.967068750000002e-12 -9.967068750000002e-12
6061.295 33.376 -34.322 3.36782891e-11 7.572505e-12 -7.572505e-12
6120.976 23.841 -26.306 4.76221495e-11 1.0488517600000001e-11 -1.0488517600000001e-11
6187.218 30.311 -42.401 3.292755995e-11 7.25211395e-12 -7.25211395e-12
6280.656 57.208 -63.127 2.64720092e-11 5.0727512e-12 -5.0727512e-12
9562.488 20.817 -14.286 3.8541569e-11 8.670023e-12 -8.670023e-12
9606.99 23.955 -23.684 2.8388711e-11 6.3669534e-12 -6.3669534e-12
9665.276 30.858 -34.332 2.11300757e-11 4.77481035e-12 -4.77481035e-12
9718.309 38.001 -22.174 2.302070985e-11 5.194193150000001e-12 -5.194193150000001e-12
9775.985 20.442 -19.675 3.4594182000000004e-11 7.79377295e-12 -7.79377295e-12
9822.744 18.815 -26.317 3.097981695e-11 6.9585183e-12 -6.9585183e-12
9875.026 31.723 -33.468 2.2260615800000003e-11 4.9065828e-12 -4.9065828e-12
9946.198 23.233 -39.45 2.32219984e-11 5.0892019e-12 -5.0892019e-12
10006.342 23.265 -36.911 2.48009816e-11 5.30924155e-12 -5.30924155e-12
10072.869 31.958 -43.262 1.921096345e-11 4.2343903e-12 -4.2343903e-12
10129.009 20.949 -24.182 3.07156579e-11 6.919972400000001e-12 -6.919972400000001e-12
10178.528 34.113 -28.57 2.1734051399999998e-11 4.8744624e-12 -4.8744624e-12
10242.719 20.069 -30.078 2.709898535e-11 6.07769585e-12 -6.07769585e-12
10284.345 16.052 -21.557 3.58965705e-11 8.075018150000001e-12 -8.075018150000001e-12
10345.129 27.98 -44.732 1.8746864849999998e-11 4.2045028500000005e-12 -4.2045028500000005e-12
10403.931 29.354 -30.822 2.24557025e-11 5.08974505e-12 -5.08974505e-12
10468.115 32.868 -34.83 2.012509555e-11 4.534010299999999e-12 -4.534010299999999e-12
10548.836 44.917 -47.853 1.458387925e-11 3.2856222699999997e-12 -3.2856222699999997e-12
10626.035 30.402 -32.281 2.261001035e-11 4.96217935e-12 -4.96217935e-12
10687.879 36.255 -31.443 2.11231248e-11 4.6558605e-12 -4.6558605e-12
10747.445 24.328 -23.311 2.85718271e-11 6.4369878e-12 -6.4369878e-12
10797.084 29.851 -25.31 2.464284685e-11 5.5434705499999995e-12 -5.5434705499999995e-12
10860.638 28.98 -33.703 2.143755895e-11 4.8442944999999995e-12 -4.8442944999999995e-12
10913.051 29.221 -23.433 2.54594072e-11 5.7618275000000005e-12 -5.7618275000000005e-12
10984.243 38.262 -41.972 1.699286665e-11 3.82258675e-12 -3.82258675e-12
11053.836 23.83 -31.331 2.45534898e-11 5.50679905e-12 -5.50679905e-12
11102.726 32.608 -25.06 2.3287900599999998e-11 5.2386711000000006e-12 -5.2386711000000006e-12
11169.792 33.24 -34.457 2.00350711e-11 4.5342232999999995e-12 -4.5342232999999995e-12
11243.13 42.644 -40.098 1.625110835e-11 3.64476015e-12 -3.64476015e-12
11310.062 20.843 -24.288 3.171786195e-11 6.9411801e-12 -6.9411801e-12
11358.47 32.611 -27.565 2.2671088100000002e-11 5.13079015e-12 -5.13079015e-12
11423.777 55.06 -32.696 1.544343365e-11 3.4792733500000003e-12 -3.4792733500000003e-12
11506.942 29.563 -28.105 2.4827883500000003e-11 5.448930499999999e-12 -5.448930499999999e-12
11571.711 47.535 -35.206 1.63955188e-11 3.70493265e-12 -3.70493265e-12
11642.032 22.347 -22.785 3.37857618e-11 7.2227873999999995e-12 -7.2227873999999995e-12
11717.007 32.62 -52.628 1.74662343e-11 3.74417435e-12 -3.74417435e-12
11778.327 31.476 -28.699 2.3928636549999998e-11 5.26666285e-12 -5.26666285e-12
11859.427 35.625 -49.624 1.64170105e-11 3.7210319e-12 -3.7210319e-12
11925.126 27.594 -30.075 2.4227092150000003e-11 5.425457899999999e-12 -5.425457899999999e-12
12008.331 72.245 -55.611 1.68131337e-11 3.04914612e-12 -3.04914612e-12
15273.714 47.407 -40.349 1.617876645e-11 3.6339859000000004e-12 -3.6339859000000004e-12
15365.36 43.518 -44.238 1.625350105e-11 3.6466665e-12 -3.6466665e-12
15459.994 59.206 -51.116 1.301144935e-11 2.932473595e-12 -2.932473595e-12
15583.707 35.785 -64.507 1.20971433e-11 2.656962355e-12 -2.656962355e-12
15674.758 40.012 -55.266 9.057484199999999e-12 2.04404243e-12 -2.04404243e-12
15757.75 39.762 -42.98 1.756704365e-11 3.95472485e-12 -3.95472485e-12
15889.691 70.796 -92.18 8.7747125e-12 1.98659562e-12 -1.98659562e-12
16018.349 80.04 -57.862 1.036890745e-11 2.34752128e-12 -2.34752128e-12
16165.038 58.717 -66.649 1.146248495e-11 2.583373695e-12 -2.583373695e-12
16288.521 65.614 -64.766 1.1404957200000001e-11 2.5646101699999998e-12 -2.5646101699999998e-12
16411.474 47.968 -57.339 1.45682628e-11 3.199563525e-12 -3.199563525e-12
16523.34 63.976 -63.897 1.1468779100000001e-11 2.58187311e-12 -2.58187311e-12
16649.08 61.095 -61.764 1.219663915e-11 2.748834225e-12 -2.748834225e-12
16802.481 93.235 -92.307 7.77323265e-12 1.767889705e-12 -1.767889705e-12
16976.553 67.095 -80.837 1.0254217599999999e-11 2.2790382299999996e-12 -2.2790382299999996e-12
17085.125 38.757 -41.477 1.317308085e-11 2.969254435e-12 -2.969254435e-12
17172.245 59.451 -48.363 9.7568626e-12 2.204211685e-12 -2.204211685e-12
17296.346 50.687 -64.65 1.24750408e-11 2.827561155e-12 -2.827561155e-12
17426.435 81.066 -79.402 9.213460549999999e-12 2.0344478450000002e-12 -2.0344478450000002e-12
17568.408 51.923 -60.907 1.3211942699999999e-11 2.9079338650000002e-12 -2.9079338650000002e-12
17719.104 104.315 -98.773 1.07772178e-11 1.95975407e-12 -1.95975407e-12
21162.273 34.741 -53.015 9.683548e-12 2.188049955e-12 -2.188049955e-12
21234.987 47.275 -37.973 1.0058981799999999e-11 2.254464775e-12 -2.254464775e-12
21333.895 38.63 -51.633 9.5005455e-12 2.1317732249999998e-12 -2.1317732249999998e-12
21406.237 41.508 -33.712 1.1338171049999999e-11 2.5500182500000003e-12 -2.5500182500000003e-12
21508.019 62.584 -60.274 6.94260365e-12 1.55961866e-12 -1.55961866e-12
21631.767 44.144 -61.163 8.123269749999999e-12 1.82909348e-12 -1.82909348e-12
21725.665 43.017 -49.754 9.1015397e-12 2.04698751e-12 -2.04698751e-12
21811.59 42.34 -42.908 1.044675895e-11 2.2872177849999996e-12 -2.2872177849999996e-12
21898.304 23.324 -44.373 1.2524705300000001e-11 2.81687601e-12 -2.81687601e-12
22021.615 57.974 -99.987 5.318815900000001e-12 1.20321925e-12 -1.20321925e-12
22147.251 57.704 -67.662 6.68498725e-12 1.51404234e-12 -1.51404234e-12
22248.817 46.402 -43.862 9.2485807e-12 2.09710783e-12 -2.09710783e-12
22362.492 88.18 -67.274 8.07420165e-12 1.9375261e-12 -1.9375261e-12
22545.87 92.851 -95.198 6.7969152000000005e-12 1.731879925e-12 -1.731879925e-12
22718.553 64.898 -79.832 7.06600165e-12 1.6366973250000002e-12 -1.6366973250000002e-12
22834.223 66.384 -50.772 9.2382715e-12 2.12461891e-12 -2.12461891e-12
23020.919 112.191 -120.312 7.3847384e-12 1.6475124e-12 -1.6475124e-12
23218.273 72.281 -85.162 7.57252985e-12 1.764299235e-12 -1.764299235e-12
23418.362 148.888 -127.809 7.9676697e-12 1.36192271e-12 -1.36192271e-12
27140.335 36.615 -36.097 1.1527276e-11 2.58353167e-12 -2.58353167e-12
27252.001 80.404 -75.05 5.652501699999999e-12 1.266857615e-12 -1.266857615e-12
27433.908 79.024 -101.503 4.8582105e-12 1.095162575e-12 -1.095162575e-12
27599.145 89.299 -86.213 5.0042575e-12 1.128085275e-12 -1.128085275e-12
27755.234 61.082 -66.791 6.9078171999999995e-12 1.559006285e-12 -1.559006285e-12
27906.912 79.903 -90.595 5.1888752500000005e-12 1.171062995e-12 -1.171062995e-12
28073.914 70.861 -87.1 5.5975654500000006e-12 1.2618318800000002e-12 -1.2618318800000002e-12
28231.246 71.49 -86.471 5.5955029e-12 1.2643041e-12 -1.2643041e-12
28393.699 102.101 -90.963 4.4606105e-12 1.0257845699999999e-12 -1.0257845699999999e-12
28576.757 61.96 -80.957 6.02622085e-12 1.376040705e-12 -1.376040705e-12
28692.734 51.29 -54.017 8.3357479e-12 1.8834620850000002e-12 -1.8834620850000002e-12
28828.329 66.134 -84.304 6.30983745e-12 1.37111224e-12 -1.37111224e-12
29021.144 76.412 -126.681 4.1881373500000005e-12 9.61986455e-13 -9.61986455e-13
29188.513 112.12 -90.958 5.1854211e-12 1.068732115e-12 -1.068732115e-12
33187.233 132.312 -113.405 4.6282983e-12 1.01428612e-12 -1.01428612e-12
33428.312 94.326 -108.767 5.7447626500000006e-12 1.257170375e-12 -1.257170375e-12
33656.557 126.842 -133.919 4.36881105e-12 9.601507500000001e-13 -9.601507500000001e-13
33923.216 103.393 -139.817 4.501471e-12 1.016382395e-12 -1.016382395e-12
34145.343 147.041 -118.735 4.0728582e-12 9.265613599999999e-13 -9.265613599999999e-13
34396.638 111.376 -104.253 5.1414011e-12 1.157396205e-12 -1.157396205e-12
34606.885 126.787 -98.871 4.90241155e-12 1.106910235e-12 -1.106910235e-12
34904.731 149.863 -171.059 4.4544335e-12 8.80636785e-13 -8.80636785e-13
39098.156 93.694 -84.325 4.87937205e-12 1.101720135e-12 -1.101720135e-12
39284.093 78.255 -92.243 4.96717065e-12 1.118182905e-12 -1.118182905e-12
39467.184 108.286 -104.836 4.1538976e-12 9.1685282e-13 -9.1685282e-13
39674.59 83.915 -99.119 4.840442750000001e-12 1.06762203e-12 -1.06762203e-12
39867.528 84.041 -109.022 3.5124136650000004e-12 8.83859475e-13 -8.83859475e-13
40088.795 128.55 -137.226 2.413614825e-12 6.281796e-13 -6.281796e-13
40336.752 108.759 -119.407 3.7247878e-12 8.385043199999999e-13 -8.385043199999999e-13
40638.342 158.189 -192.832 3.3843712e-12 6.454187549999999e-13 -6.454187549999999e-13
45068.126 96.571 -114.044 3.8221004e-12 8.5962966e-13 -8.5962966e-13
45268.214 79.517 -103.517 3.29788539e-12 8.621696850000001e-13 -8.621696850000001e-13
45465.788 82.529 -118.057 3.99401625e-12 9.035619750000001e-13 -9.035619750000001e-13
45603.089 70.594 -54.772 6.45871735e-12 1.449253065e-12 -1.449253065e-12
45764.166 85.029 -90.483 3.407192375e-12 8.86584455e-13 -8.86584455e-13
45962.597 99.72 -113.402 2.999399615e-12 7.553217850000001e-13 -7.553217850000001e-13
46150.658 94.693 -88.341 3.4701573049999997e-12 8.751470649999999e-13 -8.751470649999999e-13
46390.848 150.356 -145.497 5.0961244e-12 8.374283150000001e-13 -8.374283150000001e-13
49909.963 125.511 -112.684 2.54687792e-12 6.655568400000001e-13 -6.655568400000001e-13
50140.494 98.073 -105.02 2.94933574e-12 7.762050150000001e-13 -7.762050150000001e-13
50341.327 105.347 -102.761 3.48067276e-12 8.28656975e-13 -8.28656975e-13
50539.67 85.024 -92.996 3.39741035e-12 8.842542350000001e-13 -8.842542350000001e-13
50764.647 105.763 -139.954 2.4568090950000004e-12 6.40727785e-13 -6.40727785e-13
50975.447 67.969 -105.037 3.49951971e-12 9.099168299999999e-13 -9.099168299999999e-13
51136.523 112.492 -93.108 3.3262207800000002e-12 8.153263700000001e-13 -8.153263700000001e-13
51380.741 136.558 -131.725 2.2474673699999998e-12 5.867223449999999e-13 -5.867223449999999e-13
51614.062 138.925 -96.763 3.26574085e-12 7.527643649999999e-13 -7.527643649999999e-13
51913.554 100.193 -160.567 2.4552581e-12 6.243083249999999e-13 -6.243083249999999e-13
52166.069 118.451 -152.321 2.68490902e-12 6.3760272e-13 -6.3760272e-13
55579.765 109.828 -85.741 3.40049601e-12 8.429276199999999e-13 -8.429276199999999e-13
57853.642 174.252 -280.586 1.95559063e-12 4.68148085e-13 -4.68148085e-13
61326.135 124.84 -98.309 4.439945950000001e-12 8.9375013e-13 -8.9375013e-13
63538.632 231.565 -262.373 2.69214889e-12 5.046999499999999e-13 -5.046999499999999e-13
67202.53 187.928 -233.298 2.19248426e-12 4.7068527e-13 -4.7068527e-13
68808.985 80.521 -182.748 2.33486056e-12 6.08263035e-13 -6.08263035e-13
69038.957 153.935 -149.451 2.039107575e-12 5.331269300000001e-13 -5.331269300000001e-13
69367.812 146.009 -174.92 2.68177437e-12 5.912145150000001e-13 -5.912145150000001e-13
73191.074 1515.814 -476.24 2.45704162e-12 6.444542199999999e-13 -6.444542199999999e-13
74829.463 110.606 -122.575 3.4531016849999997e-12 9.08218155e-13 -9.08218155e-13
75078.204 180.291 -138.134 3.06219308e-12 7.295594349999999e-13 -7.295594349999999e-13
78586.447 129.336 -101.337 2.63739014e-12 6.86501485e-13 -6.86501485e-13
78857.92 86.03 -142.136 2.6376414800000003e-12 6.914800049999999e-13 -6.914800049999999e-13
79089.934 117.284 -145.984 2.2801046500000002e-12 5.971384e-13 -5.971384e-13
79319.435 138.516 -112.216 2.4107705649999997e-12 6.268771049999999e-13 -6.268771049999999e-13
79564.479 126.653 -106.528 2.583969385e-12 6.75338155e-13 -6.75338155e-13
79995.13 277.7 -303.999 1.017450235e-12 2.71732407e-13 -2.71732407e-13
80392.236 123.804 -119.406 2.48328038e-12 6.51012845e-13 -6.51012845e-13
80602.357 156.892 -86.318 2.4896057699999997e-12 6.5333916e-13 -6.5333916e-13
80864.692 135.24 -105.442 2.688149815e-12 6.8038732e-13 -6.8038732e-13
84776.397 1390.496 -565.103 2.483503675e-12 6.4786435e-13 -6.4786435e-13
86251.033 174.115 -84.139 2.4234035949999998e-12 6.3231322e-13 -6.3231322e-13
86596.119 147.453 -170.971 2.239142265e-12 5.46423455e-13 -5.46423455e-13
91719.076 769.281 -1699.035 2.24123499e-12 4.4514692499999997e-13 -4.4514692499999997e-13
97497.578 732.898 -1779.325 1.680187665e-12 3.4807647050000004e-13 -3.4807647050000004e-13
103076.799 898.634 -1637.541 1.28438361e-12 3.0696949399999996e-13 -3.0696949399999996e-13
107385.481 160.593 -130.256 2.172761525e-12 5.652214149999999e-13 -5.652214149999999e-13
107769.827 302.784 -223.753 1.1968150500000001e-12 3.14245929e-13 -3.14245929e-13
108378.388 331.083 -305.777 9.8948014e-13 2.5980628850000003e-13 -2.5980628850000003e-13
108909.729 311.235 -200.258 1.2308489000000001e-12 3.2168041e-13 -3.2168041e-13
109414.002 303.392 -193.037 1.61187608e-12 3.7419769e-13 -3.7419769e-13
115181.78 281.212 -245.321 1.5544186200000001e-12 3.6964446e-13 -3.6964446e-13
123291.394 2356.345 -2594.935 9.0574487e-13 2.388633475e-13 -2.388633475e-13
128368.968 3024.149 -2721.23 7.8851464e-13 1.555084245e-13 -1.555084245e-13
168236.18 15794.977 -2630.87 3.5980883000000003e-13 9.6564047e-14 -9.6564047e-14
201478.797 4690.728 -1613.167 2.666041125e-13 6.9273422e-14 -6.9273422e-14
261218.818 8226.506 -10088.809 2.826859675e-13 5.71241505e-14 -5.71241505e-14
399338.023 42331.17 -27283.158 1.27149143e-13 2.620816965e-14 -2.620816965e-14
591304.467 143345.072 -69384.43 5.66934645e-14 1.5489342250000002e-14 -1.5489342250000002e-14
763650.836 11679.406 -11394.804 9.903435e-14 0.0 0.0
