col1 col2 col3 col4 col5 col6
50.617 0.458 -0.387 9.4834624e-09 1.2389706199999998e-09 -1.17164412e-09
51.567 0.455 -0.492 8.393398199999999e-09 1.09813236e-09 -1.04872172e-09
52.399 0.281 -0.378 1.1961708399999998e-08 1.6247439599999998e-09 -1.51176654e-09
52.947 0.234 -0.267 1.7618814e-08 2.2870907999999996e-09 -2.09706914e-09
53.553 0.473 -0.372 2.74062118e-08 4.3940084e-09 -6.7209384000000005e-09
54.446 0.494 -0.419 3.47871342e-08 5.5157076e-09 -8.940335999999999e-09
55.426 0.36 -0.487 2.93721038e-08 4.8111572e-09 -7.076090199999999e-09
56.183 0.334 -0.397 3.45155672e-08 5.6620988e-09 -8.5511134e-09
56.974 0.461 -0.457 4.1652218000000005e-08 5.9057168e-09 -9.341585599999999e-09
57.866 0.32 -0.431 5.0976011999999997e-08 7.3774758e-09 -1.0009025199999999e-08
58.631 0.432 -0.445 4.3595386e-08 6.579559399999999e-09 -7.543832199999999e-09
59.482 0.494 -0.419 3.9901748e-08 6.181266199999999e-09 -7.1345684e-09
60.377 0.366 -0.401 4.9392019999999996e-08 7.7681082e-09 -7.6336794e-09
61.086 0.412 -0.344 5.1051024e-08 8.0546472e-09 -7.2848964e-09
61.852 0.394 -0.353 5.1173042000000004e-08 8.163673e-09 -7.2989412e-09
62.64 0.448 -0.394 4.5439563999999995e-08 6.787617e-09 -6.9763972e-09
63.503 0.469 -0.415 4.270326e-08 6.4163076e-09 -7.7165916e-09
64.437 0.425 -0.465 4.846215999999999e-08 7.1642502e-09 -8.685709399999999e-09
65.371 0.482 -0.509 4.3913863999999995e-08 6.948824399999999e-09 -6.431651999999999e-09
66.314 0.446 -0.462 3.10631228e-08 5.5608288e-09 -5.0226652e-09
67.182 0.462 -0.423 3.21054932e-08 5.4882982e-09 -5.4363826e-09
68.241 0.467 -0.597 2.61100394e-08 4.2592072e-09 -4.8684422e-09
69.291 0.561 -0.583 2.53489108e-08 3.9823088e-09 -4.5309262e-09
70.533 0.687 -0.681 2.08979176e-08 3.34644112e-09 -3.8365788e-09
71.826 0.654 -0.605 2.2698691999999998e-08 3.6307974e-09 -4.0474826e-09
73.311 0.782 -0.832 1.70889344e-08 2.49340496e-09 -2.45959864e-09
74.737 0.561 -0.644 2.01182488e-08 2.7981425399999998e-09 -2.68805806e-09
75.572 0.306 -0.274 1.31993608e-08 1.77104434e-09 -1.6436881e-09
76.172 0.332 -0.294 1.2147877999999998e-08 1.6362803799999999e-09 -1.5065058199999998e-09
76.772 0.309 -0.268 1.3082309399999999e-08 1.8028853e-09 -1.63990748e-09
77.377 0.264 -0.296 1.34559292e-08 1.7890764799999998e-09 -1.6881636799999997e-09
77.89 0.272 -0.249 1.4721230399999999e-08 1.88023088e-09 -1.8020861599999998e-09
78.523 0.354 -0.361 1.06367472e-08 1.3661437e-09 -1.3154099e-09
79.217 0.396 -0.339 1.00820878e-08 1.3350406999999998e-09 -1.2900730199999999e-09
80.058 0.396 -0.445 8.8821504e-09 1.15695104e-09 -1.12293078e-09
80.878 0.351 -0.424 9.697892599999999e-09 1.2672144999999998e-09 -1.23010484e-09
81.717 0.509 -0.487 7.7025126e-09 9.7165278e-10 -9.4163126e-10
82.625 0.369 -0.4 9.4659102e-09 1.2747206399999999e-09 -1.2400824999999999e-09
83.555 0.549 -0.561 6.4933678e-09 8.869910599999999e-10 -8.6069848e-10
84.534 0.367 -0.43 9.627953599999999e-09 1.34237432e-09 -1.1762839199999999e-09
85.472 0.473 -0.57 7.233128999999999e-09 1.03111594e-09 -9.03792e-10
86.509 0.465 -0.565 7.364122599999999e-09 1.00927126e-09 -9.103257199999999e-10
87.573 0.675 -0.599 5.8948221999999996e-09 8.3173792e-10 -7.3663038e-10
88.835 0.539 -0.587 6.7110774e-09 9.407010199999999e-10 -8.416851799999999e-10
89.94 0.529 -0.565 6.9839706e-09 9.162772799999999e-10 -8.5526714e-10
90.948 0.543 -0.48 7.4042392e-09 9.7741548e-10 -9.1714178e-10
92.221 0.617 -0.729 5.5761086e-09 7.443823799999999e-10 -6.9841416e-10
93.429 0.548 -0.591 5.4704686e-09 7.134176999999999e-10 -6.7147406e-10
94.485 0.508 -0.508 5.4897916e-09 7.290319e-10 -6.820122200000001e-10
95.466 0.443 -0.473 6.086745e-09 8.021203399999999e-10 -7.560499e-10
96.465 0.485 -0.556 5.357715e-09 6.865137e-10 -6.6319386e-10
97.329 0.286 -0.38 5.2044382e-09 6.5395036e-10 -6.523349799999999e-10
97.907 0.281 -0.292 4.7242512e-09 5.920593799999999e-10 -5.920867399999999e-10
98.469 0.263 -0.281 5.0954922e-09 6.2571218e-10 -6.257421999999999e-10
99.003 0.245 -0.271 3.59197508e-09 5.354705399999999e-10 -5.3548878e-10
99.514 0.259 -0.265 3.5087414e-09 5.369464599999999e-10 -5.3696356e-10
100.073 0.213 -0.3 3.777588359999999e-09 5.510284999999999e-10 -5.510475e-10
100.637 0.236 -0.351 3.11148864e-09 4.7270442e-10 -4.7271962e-10
101.189 0.269 -0.316 4.7129006e-09 5.757874e-10 -5.7581552e-10
101.715 0.275 -0.257 3.7160371000000002e-09 5.363738e-10 -5.363920399999999e-10
102.229 0.272 -0.239 3.6294415599999997e-09 5.410550199999999e-10 -5.4107326e-10
102.791 0.275 -0.291 3.27563382e-09 4.883121599999999e-10 -4.8832888e-10
103.359 0.374 -0.293 3.76614808e-09 4.8221658e-10 -4.822371e-10
104.022 0.302 -0.288 3.13756386e-09 4.677271799999999e-10 -4.6774124e-10
104.701 0.3 -0.377 2.66246734e-09 4.1228441999999994e-10 -4.1229544e-10
105.405 0.403 -0.404 2.29438414e-09 3.42031312e-10 -3.42041116e-10
106.08 0.267 -0.272 3.43779388e-09 5.1248282e-10 -5.124972599999999e-10
106.709 0.353 -0.362 2.59167638e-09 3.8634904e-10 -3.8635930000000003e-10
107.326 0.274 -0.264 3.44924252e-09 5.1418826e-10 -5.1420194e-10
107.91 0.363 -0.311 2.74671524e-09 4.0946064e-10 -4.0947166e-10
108.778 0.318 -0.504 2.22033316e-09 3.3731631e-10 -3.37325392e-10
109.415 0.231 -0.319 3.3202701399999995e-09 5.0442036e-10 -5.0443404e-10
109.993 0.295 -0.348 2.8420002399999997e-09 4.3176056000000003e-10 -4.3177234e-10
110.591 0.341 -0.303 2.8751541e-09 4.2860769999999997e-10 -4.2861871999999995e-10
111.309 0.29 -0.377 2.83722896e-09 4.1833174e-10 -4.1834352e-10
111.958 0.314 -0.359 2.63566328e-09 4.1607378e-10 -4.1608365999999994e-10
112.637 0.455 -0.365 2.25772364e-09 3.36565962e-10 -3.3657538599999995e-10
113.563 0.584 -0.471 1.6299651599999999e-09 2.6757042599999996e-10 -2.6757646799999997e-10
114.541 0.395 -0.395 2.34417098e-09 3.49452636e-10 -3.4946209799999996e-10
115.416 0.396 -0.48 2.1154900199999998e-09 3.1536253199999997e-10 -3.1537111999999994e-10
116.219 0.401 -0.407 2.2925666e-09 3.4176022e-10 -3.4176990999999996e-10
116.989 0.419 -0.369 2.34945564e-09 3.5024098399999997e-10 -3.50251054e-10
117.802 0.362 -0.394 2.4490144999999998e-09 3.6508211199999997e-10 -3.65092106e-10
118.674 0.332 -0.51 2.19965698e-09 3.27909068e-10 -3.2791757999999996e-10
119.424 0.527 -0.418 1.9313347999999997e-09 2.93410882e-10 -2.93418406e-10
120.504 0.475 -0.553 1.7742887799999998e-09 2.69552164e-10 -2.6955900399999997e-10
121.578 0.624 -0.6 1.4906089e-09 2.26454958e-10 -2.26460468e-10
122.801 0.585 -0.598 1.54216388e-09 2.34287328e-10 -2.3429310399999996e-10
123.923 0.564 -0.537 1.68076204e-09 2.50555698e-10 -2.5056193e-10
125.015 0.577 -0.528 1.6753633799999998e-09 2.49750972e-10 -2.4975728e-10
126.298 0.66 -0.706 1.3353447e-09 2.0286710399999998e-10 -2.0287211999999998e-10
127.628 0.647 -0.67 1.3658066399999998e-09 2.1149508e-10 -2.11500096e-10
128.874 0.662 -0.599 1.44023344e-09 2.2302009999999998e-10 -2.2302534399999998e-10
130.168 0.642 -0.632 1.4480010199999998e-09 2.242228e-10 -2.24227968e-10
131.562 0.602 -0.752 1.38239896e-09 2.1001570199999998e-10 -2.1002098400000001e-10
132.81 0.664 -0.646 1.45005226e-09 2.1616311399999998e-10 -2.1616843399999998e-10
134.568 1.183 -1.094 7.9808094e-10 1.25987328e-10 -1.25990102e-10
136.404 0.658 -0.653 1.3860838199999999e-09 2.18811106e-10 -2.1881597e-10
137.718 0.782 -0.656 1.3208279399999998e-09 1.96899546e-10 -1.96904562e-10
139.144 0.481 -0.645 1.5657170399999999e-09 2.57023336e-10 -2.57028846e-10
140.43 0.886 -0.804 1.1081617e-09 1.68353148e-10 -1.6835729e-10
142.124 0.921 -0.808 1.0988156e-09 1.6380367399999998e-10 -1.6380800599999997e-10
143.901 0.893 -0.856 1.0710185999999999e-09 1.62710528e-10 -1.6271474599999999e-10
145.85 0.844 -1.056 1.0000421999999999e-09 1.4907928199999998e-10 -1.49083272e-10
147.543 0.725 -0.849 1.20682566e-09 1.7990511e-10 -1.79909936e-10
149.277 0.78 -1.008 1.06273308e-09 1.5842477399999998e-10 -1.5842902999999999e-10
150.885 0.727 -0.828 1.19687346e-09 1.78421286e-10 -1.78425884e-10
152.619 1.182 -1.008 8.2177736e-10 1.27252386e-10 -1.2725554e-10
155.131 1.071 -1.329 7.719168e-10 1.15072056e-10 -1.1507520999999999e-10
157.329 1.219 -1.128 7.894705199999999e-10 1.1768873599999998e-10 -1.1769189e-10
159.493 1.078 -0.945 9.027827199999999e-10 1.37151994e-10 -1.37155566e-10
161.42 0.845 -0.848 1.0778696199999999e-09 1.6375169e-10 -1.6375628800000001e-10
163.2 0.965 -0.935 9.745347e-10 1.4527715399999999e-10 -1.4528141e-10
164.659 0.52 -0.494 1.7999706999999997e-09 2.73454308e-10 -2.7346175599999996e-10
165.856 0.62 -0.677 1.40737294e-09 2.13810078e-10 -2.13815702e-10
167.027 0.634 -0.551 1.5181775199999997e-09 2.3508985e-10 -2.35095512e-10
168.166 0.595 -0.505 1.6841238999999998e-09 2.5105756399999997e-10 -2.51064518e-10
169.266 0.374 -0.505 2.1069233e-09 3.1408512399999995e-10 -3.14093332e-10
170.318 0.521 -0.679 1.5001389199999999e-09 2.3229677399999997e-10 -2.3230254999999997e-10
171.268 0.525 -0.429 1.94183572e-09 2.89475298e-10 -2.89483088e-10
172.282 0.384 -0.49 2.12054326e-09 3.1611626199999996e-10 -3.16125306e-10
173.07 0.407 -0.405 2.25070276e-09 3.4193057399999996e-10 -3.41940264e-10
173.861 0.347 -0.384 2.53325062e-09 3.77640048e-10 -3.7765106799999995e-10
174.509 0.284 -0.301 3.1646415199999997e-09 4.7176392e-10 -4.7177798e-10
175.233 0.296 -0.439 2.485086e-09 3.7753790399999995e-10 -3.7754805e-10
175.898 0.321 -0.37 2.6834167399999998e-09 4.0002561999999994e-10 -4.0003663999999997e-10
176.604 0.305 -0.385 2.68342054e-09 4.0002599999999993e-10 -4.0003702e-10
177.183 0.246 -0.274 3.5656349999999998e-09 5.315402e-10 -5.315550199999999e-10
177.737 0.33 -0.308 2.9646353600000002e-09 4.3711741999999997e-10 -4.3712996e-10
178.313 0.318 -0.246 3.28455394e-09 4.8963836e-10 -4.896520399999999e-10
178.969 0.304 -0.338 2.8430342199999996e-09 4.3191788e-10 -4.3192927999999997e-10
179.655 0.4 -0.381 2.33784436e-09 3.5516882399999997e-10 -3.5517836200000003e-10
180.391 0.364 -0.337 2.6424964399999998e-09 3.9392548e-10 -3.9393649999999996e-10
181.18 0.348 -0.424 2.33055102e-09 3.60886418e-10 -3.6089565199999996e-10
181.989 0.407 -0.462 2.1335392599999997e-09 3.18053122e-10 -3.1806170999999995e-10
182.818 0.453 -0.422 2.11593614e-09 3.1542945e-10 -3.15438456e-10
183.571 0.264 -0.3 3.2839903999999997e-09 4.895555199999999e-10 -4.8956958e-10
184.227 0.348 -0.392 2.50243224e-09 3.7304577199999993e-10 -3.7305652600000003e-10
184.925 0.338 -0.35 2.65164152e-09 4.0284103999999996e-10 -4.0285167999999995e-10
185.632 0.354 -0.368 2.5641678e-09 3.8224845999999996e-10 -3.822591e-10
186.377 0.365 -0.391 2.44940096e-09 3.6513975799999997e-10 -3.65149828e-10
187.116 0.397 -0.374 2.4576234e-09 3.6236142599999996e-10 -3.62371572e-10
187.979 0.424 -0.467 2.0185904e-09 3.1257907e-10 -3.1258689799999996e-10
188.711 0.31 -0.307 3.00004566e-09 4.4722579999999997e-10 -4.4723758e-10
189.419 0.293 -0.397 2.60648118e-09 4.0361357999999994e-10 -4.0362345999999995e-10
190.141 0.362 -0.43 2.44333388e-09 3.56401544e-10 -3.56411728e-10
190.902 0.34 -0.399 2.56421606e-09 3.78078188e-10 -3.7808913199999997e-10
191.495 0.332 -0.253 3.07390512e-09 4.759952199999999e-10 -4.7600738e-10
192.258 0.4 -0.431 2.19743056e-09 3.3383665e-10 -3.3384542799999996e-10
193.055 0.435 -0.397 2.2423416199999997e-09 3.3679745800000003e-10 -3.3680661599999996e-10
193.87 0.318 -0.379 2.6562817e-09 3.9598013999999996e-10 -3.9599116e-10
194.492 0.21 -0.304 3.63165468e-09 5.4547062e-10 -5.4548506e-10
195.035 0.279 -0.333 3.0269249599999995e-09 4.5123328e-10 -4.5124582e-10
195.574 0.243 -0.26 3.6268868199999996e-09 5.5100228e-10 -5.5101748e-10
196.127 0.242 -0.31 3.3590012599999995e-09 5.007370199999999e-10 -5.0075108e-10
196.705 0.328 -0.336 4.0767198e-09 5.109043e-10 -5.1092368e-10
197.386 0.307 -0.353 4.1786927999999994e-09 5.1051974e-10 -5.1054216e-10
198.015 0.323 -0.322 4.230027e-09 5.2339376e-10 -5.2341694e-10
198.602 0.244 -0.263 6.118379999999999e-09 7.097400599999999e-10 -7.0977616e-10
199.106 0.25 -0.26 6.1851839999999996e-09 7.1582652e-10 -7.15863e-10
199.617 0.248 -0.261 6.2067984e-09 7.183284399999999e-10 -7.1836568e-10
200.115 0.252 -0.25 5.6617188e-09 6.816060000000001e-10 -6.8163678e-10
200.622 0.25 -0.255 7.118065e-09 7.661723399999999e-10 -7.6621414e-10
201.14 0.385 -0.268 5.9969623999999995e-09 7.504228599999999e-10 -7.504547799999999e-10
201.961 0.48 -0.436 8.1579388e-09 1.03186226e-09 -1.02010886e-09
202.854 0.446 -0.413 8.6985648e-09 1.1105807799999999e-09 -1.08783436e-09
203.711 0.444 -0.41 8.5215114e-09 1.12823786e-09 -1.10393876e-09
204.554 0.397 -0.4 9.295651199999999e-09 1.19782498e-09 -1.17532404e-09
205.412 0.399 -0.46 8.7754008e-09 1.1048975e-09 -1.08449264e-09
206.175 0.366 -0.364 1.0247194e-08 1.30562262e-09 -1.2807687199999998e-09
206.935 0.436 -0.395 8.9967508e-09 1.15178038e-09 -1.1254197799999999e-09
207.747 0.37 -0.375 9.9388544e-09 1.3000411799999999e-09 -1.2606519e-09
208.454 0.344 -0.337 1.10664208e-08 1.4080767e-09 -1.37205954e-09
209.199 0.494 -0.401 8.131904999999999e-09 1.08080132e-09 -1.0550916599999999e-09
210.101 0.394 -0.408 9.3978902e-09 1.21066974e-09 -1.1660334199999999e-09
210.974 0.531 -0.479 7.396973599999999e-09 9.6853108e-10 -9.2803904e-10
211.811 0.304 -0.305 1.2068298399999998e-08 1.589616e-09 -1.5486740399999998e-09
212.469 0.412 -0.355 9.8057898e-09 1.2447926e-09 -1.2144667e-09
213.191 0.328 -0.31 1.1550955000000001e-08 1.4928645799999999e-09 -1.4615723399999998e-09
213.837 0.351 -0.318 1.1323164e-08 1.41508466e-09 -1.38473824e-09
214.513 0.357 -0.324 1.09236586e-08 1.3961276e-09 -1.3665320600000001e-09
215.199 0.328 -0.328 1.1338120799999999e-08 1.4494522399999998e-09 -1.4184810999999998e-09
215.851 0.277 -0.324 1.23779908e-08 1.58243666e-09 -1.54859006e-09
216.502 0.368 -0.374 1.0362467e-08 1.2906376999999999e-09 -1.2593511599999998e-09
217.162 0.282 -0.292 1.29530828e-08 1.66106132e-09 -1.6222070800000001e-09
217.699 0.351 -0.254 1.2413551199999999e-08 1.57471962e-09 -1.5372178e-09
218.336 0.277 -0.287 1.3081933199999998e-08 1.69401036e-09 -1.65632386e-09
218.942 0.327 -0.329 1.1238272e-08 1.45002718e-09 -1.42136188e-09
219.585 0.248 -0.315 1.35575222e-08 1.70619848e-09 -1.6658041e-09
220.17 0.304 -0.338 1.0976554599999998e-08 1.5000682399999998e-09 -1.47141548e-09
220.723 0.283 -0.249 1.38691906e-08 1.79244556e-09 -1.7548958599999998e-09
221.302 0.288 -0.296 1.2755383999999999e-08 1.6345301e-09 -1.5970297999999997e-09
221.951 0.306 -0.362 1.11566974e-08 1.4375057999999998e-09 -1.3991334e-09
222.518 0.246 -0.261 1.75784238e-08 2.13716332e-09 -2.0126278199999997e-09
223.044 0.293 -0.28 1.31378768e-08 1.70443832e-09 -1.6484206199999998e-09
223.725 0.366 -0.388 1.00614196e-08 1.3066338e-09 -1.26233226e-09
224.36 0.281 -0.268 1.3927342e-08 1.76736936e-09 -1.7249013199999998e-09
224.982 0.306 -0.341 1.16163454e-08 1.5192673599999999e-09 -1.4736369599999998e-09
225.596 0.363 -0.307 1.14154622e-08 1.5236099999999999e-09 -1.4162467e-09
226.261 0.291 -0.301 1.32311934e-08 1.73278138e-09 -1.61140634e-09
226.921 0.307 -0.369 1.1226188e-08 1.48324982e-09 -1.40844454e-09
227.587 0.423 -0.359 9.5244454e-09 1.2834431599999999e-09 -1.22223352e-09
228.336 0.317 -0.325 1.16087378e-08 1.58697576e-09 -1.4896486399999999e-09
228.947 0.247 -0.294 1.4032735e-08 1.8999760599999997e-09 -1.7605023799999997e-09
229.558 0.351 -0.364 1.0679463e-08 1.40571994e-09 -1.34447496e-09
230.296 0.319 -0.387 1.0745449999999999e-08 1.39968744e-09 -1.34822404e-09
230.901 0.277 -0.285 1.3619078399999998e-08 1.75174376e-09 -1.6898014799999999e-09
231.525 0.311 -0.348 1.16313706e-08 1.52083562e-09 -1.44278856e-09
232.191 0.286 -0.355 1.19543022e-08 1.54636592e-09 -1.4821060199999998e-09
232.844 0.361 -0.368 1.0404749599999999e-08 1.39450462e-09 -1.30537752e-09
233.501 0.281 -0.296 1.3214914199999999e-08 1.72653418e-09 -1.63958106e-09
234.141 0.427 -0.359 9.348038e-09 1.26492652e-09 -1.1860556199999999e-09
234.879 0.41 -0.31 1.0020315e-08 1.3857745e-09 -1.30047552e-09
235.812 0.5 -0.523 7.1856556e-09 9.349729e-10 -9.115443799999999e-10
236.816 0.446 -0.504 7.8749908e-09 1.00226026e-09 -9.7648182e-10
237.673 0.443 -0.411 8.837587799999999e-09 1.10897376e-09 -1.0821583e-09
238.539 0.379 -0.423 9.242777999999999e-09 1.18524204e-09 -1.1575312999999998e-09
239.371 0.465 -0.453 8.078469399999999e-09 1.0350200599999999e-09 -1.01139394e-09
240.388 0.413 -0.551 7.6909378e-09 9.9205536e-10 -9.6446432e-10
241.192 0.366 -0.392 9.698945199999999e-09 1.2601704399999999e-09 -1.22959298e-09
241.988 0.501 -0.429 7.9704886e-09 1.0250131399999999e-09 -9.991054999999999e-10
242.86 0.426 -0.371 9.140656799999999e-09 1.19614918e-09 -1.17038974e-09
243.747 0.4 -0.461 8.536844399999999e-09 1.10811762e-09 -1.08183872e-09
244.608 0.509 -0.461 7.5695506e-09 9.8789398e-10 -9.5993358e-10
245.666 0.558 -0.549 6.8051882e-09 8.5623158e-10 -8.341687799999999e-10
246.697 0.361 -0.473 8.7127236e-09 1.1520494199999999e-09 -1.11812986e-09
247.429 0.329 -0.371 1.04904928e-08 1.3651355599999998e-09 -1.33005206e-09
248.361 0.547 -0.604 6.639880599999999e-09 8.284284999999999e-10 -8.0746732e-10
249.409 0.496 -0.5 7.3622454e-09 9.540394e-10 -9.323832e-10
250.413 0.461 -0.508 7.5651274e-09 9.7670298e-10 -9.5695286e-10
251.338 0.573 -0.464 7.071933e-09 9.140907599999999e-10 -8.9485972e-10
252.576 0.601 -0.664 5.9017154e-09 7.7235912e-10 -7.3212054e-10
253.752 0.593 -0.576 6.331065999999999e-09 8.167286799999999e-10 -7.9420114e-10
254.853 0.419 -0.508 8.122234e-09 1.04440644e-09 -9.966127e-10
255.801 0.608 -0.529 6.4457119999999995e-09 8.659056199999999e-10 -8.178094e-10
257.024 0.674 -0.615 5.7898928e-09 7.4015374e-10 -7.183630199999999e-10
258.301 0.665 -0.604 5.725197799999999e-09 7.546837999999999e-10 -7.3373098e-10
259.609 0.616 -0.644 5.920871199999999e-09 7.4960776e-10 -7.327034599999999e-10
260.906 0.728 -0.681 5.2003836e-09 6.737597599999999e-10 -6.5854912e-10
262.442 0.796 -0.807 4.4493363999999995e-09 5.9433862e-10 -5.8241498e-10
263.913 0.53 -0.676 6.1288223999999995e-09 7.916308199999999e-10 -7.6805106e-10
265.093 0.398 -0.65 5.007621e-09 6.1924876e-10 -6.1267742e-10
265.806 0.31 -0.314 4.4174202e-09 5.3968474e-10 -5.3970754e-10
266.378 0.309 -0.262 4.7839872e-09 5.9193588e-10 -5.9196096e-10
266.944 0.246 -0.257 5.5606236e-09 6.7433812e-10 -6.743666200000001e-10
267.509 0.318 -0.319 4.248054199999999e-09 5.3237886e-10 -5.3240166e-10
268.175 0.35 -0.347 3.9554504e-09 4.8324638e-10 -4.8326804e-10
268.864 0.36 -0.339 3.7098582999999997e-09 4.6740836e-10 -4.674281199999999e-10
269.507 0.274 -0.283 4.953820599999999e-09 6.052184e-10 -6.052442399999999e-10
270.055 0.318 -0.275 4.567022399999999e-09 5.723522e-10 -5.7237614e-10
270.685 0.343 -0.311 4.213360199999999e-09 5.1475446e-10 -5.147761199999999e-10
271.34 0.295 -0.312 4.546966e-09 5.555113599999999e-10 -5.555349199999999e-10
271.946 0.343 -0.311 4.1729852e-09 5.163345e-10 -5.1635578e-10
272.611 0.344 -0.321 4.1457658e-09 5.0649592e-10 -5.065172e-10
273.223 0.319 -0.268 4.6536282e-09 5.758044999999999e-10 -5.7582768e-10
273.797 0.275 -0.255 3.4946042599999994e-09 5.2095112e-10 -5.209648e-10
274.328 0.28 -0.256 3.64098634e-09 5.349431e-10 -5.3495754e-10
274.908 0.353 -0.3 3.72045308e-09 4.8436966e-10 -4.8438714e-10
275.554 0.208 -0.293 3.69290232e-09 5.505116999999999e-10 -5.5052652e-10
276.064 0.252 -0.301 3.7472275e-09 5.335561e-10 -5.3357206e-10
276.651 0.391 -0.335 3.800038e-09 4.6425664e-10 -4.6427487999999996e-10
277.291 0.265 -0.249 3.6031945799999996e-09 5.371394999999999e-10 -5.3715432e-10
277.828 0.256 -0.273 3.5060730399999996e-09 5.226615e-10 -5.226763199999999e-10
278.417 0.343 -0.333 4.0800448e-09 4.984669e-10 -4.9848818e-10
279.064 0.33 -0.304 2.9250101e-09 4.360405e-10 -4.3605266e-10
279.657 0.322 -0.263 3.1198189999999998e-09 4.7396754e-10 -4.739804599999999e-10
280.249 0.267 -0.271 3.34964528e-09 5.186943e-10 -5.1870874e-10
280.744 0.295 -0.228 3.54187246e-09 5.2799936e-10 -5.280153199999999e-10
281.315 0.24 -0.276 3.59076934e-09 5.3528814e-10 -5.353041e-10
281.816 0.27 -0.261 3.72729764e-09 5.3799754e-10 -5.380142599999999e-10
282.329 0.283 -0.244 3.54590616e-09 5.3259318e-10 -5.326087599999999e-10
282.895 0.286 -0.283 3.2076461199999994e-09 4.8731162e-10 -4.873260599999999e-10
283.441 0.294 -0.259 3.3482430799999997e-09 4.991341799999999e-10 -4.9914938e-10
284.085 0.322 -0.351 2.71546822e-09 4.1253864e-10 -4.1255042e-10
284.675 0.254 -0.268 3.4525108999999996e-09 5.3462276e-10 -5.3463644e-10
285.28 0.356 -0.352 2.6163900599999997e-09 3.9003389999999995e-10 -3.900453e-10
285.889 0.311 -0.253 3.28491988e-09 4.8969422e-10 -4.8970866e-10
286.599 0.283 -0.398 2.6800214400000002e-09 4.0715328e-10 -4.0716505999999997e-10
287.118 0.292 -0.236 3.50605138e-09 5.226588399999999e-10 -5.2267404e-10
287.741 0.359 -0.331 2.6454862799999997e-09 4.0190661999999995e-10 -4.0191802e-10
288.437 0.301 -0.336 2.9086955599999998e-09 4.3360926e-10 -4.3362256e-10
289.161 0.312 -0.423 2.4492797399999997e-09 3.7927252799999993e-10 -3.79283168e-10
289.829 0.315 -0.356 2.72262438e-09 4.1362582e-10 -4.1363721999999995e-10
290.546 0.306 -0.403 2.5789653799999995e-09 3.9180089999999996e-10 -3.9181192e-10
291.143 0.276 -0.291 3.21764164e-09 4.8882934e-10 -4.888434e-10
291.727 0.223 -0.309 3.4328744e-09 5.2152834e-10 -5.2154354e-10
292.302 0.364 -0.351 2.5163508799999997e-09 3.8965884e-10 -3.8967023999999994e-10
293.082 0.457 -0.416 2.09051414e-09 3.1759465199999996e-10 -3.1760388599999995e-10
294.002 0.295 -0.463 2.44442144e-09 3.64397922e-10 -3.6440841e-10
294.694 0.344 -0.396 2.5030831799999997e-09 3.73143128e-10 -3.73154224e-10
295.482 0.443 -0.445 2.0867757e-09 3.11082478e-10 -3.1109148399999996e-10
296.261 0.4 -0.336 2.5151261399999995e-09 3.74937792e-10 -3.7494831799999995e-10
297.09 0.396 -0.428 2.24899428e-09 3.3526469e-10 -3.35274038e-10
297.782 0.298 -0.297 3.11723804e-09 4.6469667999999995e-10 -4.647096e-10
298.453 0.302 -0.374 2.6615218999999995e-09 4.1213773999999995e-10 -4.1214838e-10
299.213 0.313 -0.458 2.4043454999999997e-09 3.58423182e-10 -3.58433062e-10
299.981 0.367 -0.455 2.22129228e-09 3.3746207799999996e-10 -3.37471236e-10
300.8 0.502 -0.452 1.9146357e-09 2.90874838e-10 -2.90883274e-10
301.821 0.495 -0.519 1.80040808e-09 2.73521074e-10 -2.7352886399999995e-10
302.781 0.358 -0.465 2.21652442e-09 3.3673776e-10 -3.3674688e-10
303.386 0.344 -0.246 3.09105604e-09 4.6959792e-10 -4.6961084e-10
304.261 0.421 -0.531 1.89042514e-09 2.92733342e-10 -2.9274135999999997e-10
305.022 0.361 -0.34 2.6423402599999997e-09 3.9390267999999995e-10 -3.9391408e-10
305.954 0.403 -0.571 1.903325e-09 2.83734524e-10 -2.8374231399999997e-10
306.833 0.381 -0.477 2.1291092199999997e-09 3.2345713999999996e-10 -3.2346553799999997e-10
307.802 0.477 -0.589 1.73800904e-09 2.59091106e-10 -2.5909897199999996e-10
308.757 0.574 -0.478 1.73648182e-09 2.63809528e-10 -2.63817318e-10
309.875 0.561 -0.544 1.67652238e-09 2.4992501199999997e-10 -2.49932612e-10
310.95 0.498 -0.514 1.77755488e-09 2.75255204e-10 -2.75262576e-10
311.897 0.458 -0.449 2.01232686e-09 3.0571562399999996e-10 -3.0572383199999994e-10
312.78 0.472 -0.425 2.0657350999999996e-09 3.07945616e-10 -3.0795424199999996e-10
314.004 0.6 -0.752 1.3503524199999998e-09 2.0514767399999997e-10 -2.05153336e-10
315.383 0.671 -0.779 1.24099944e-09 1.9216903999999998e-10 -1.92173942e-10
316.644 0.513 -0.59 1.67922608e-09 2.50327432e-10 -2.5033430999999997e-10
318.034 0.735 -0.877 1.14914774e-09 1.7130726799999997e-10 -1.71312246e-10
319.493 0.611 -0.723 1.38837712e-09 2.0696981199999998e-10 -2.06975664e-10
320.792 0.625 -0.688 1.39084826e-09 2.1129995e-10 -2.1130587799999998e-10
322.197 0.665 -0.781 1.3092728999999999e-09 1.9304478799999998e-10 -1.93050716e-10
323.608 0.917 -0.745 1.0671882e-09 1.6846988399999997e-10 -1.6847414e-10
325.265 0.76 -0.74 1.217596e-09 1.8497887e-10 -1.84983696e-10
326.784 0.665 -0.76 1.2999990000000002e-09 1.9379471799999998e-10 -1.93799924e-10
327.999 0.594 -0.55 1.61946006e-09 2.41417762e-10 -2.41424298e-10
329.326 0.733 -0.733 1.24556514e-09 1.8922799199999998e-10 -1.8923297e-10
330.633 0.599 -0.573 1.5569626e-09 2.36535864e-10 -2.3654202e-10
331.945 0.897 -0.713 1.15013536e-09 1.7145429e-10 -1.7145903999999998e-10
333.667 0.685 -0.825 1.2259974199999998e-09 1.8276339399999998e-10 -1.82768562e-10
335.085 0.703 -0.733 1.27141312e-09 1.93155178e-10 -1.93160536e-10
336.658 0.7 -0.87 1.1464770999999999e-09 1.77532504e-10 -1.77537292e-10
338.395 0.823 -1.038 9.950980199999999e-10 1.48342652e-10 -1.4834706e-10
340.129 1.093 -0.911 9.112160599999999e-10 1.3843342999999998e-10 -1.38437268e-10
341.914 0.942 -0.693 1.11649206e-09 1.6961949799999999e-10 -1.6962439999999999e-10
343.486 1.098 -0.63 1.07198114e-09 1.5980386999999998e-10 -1.5980858199999998e-10
345.406 0.918 -0.822 1.06432034e-09 1.58661666e-10 -1.5866622599999999e-10
347.386 1.036 -1.061 8.7026916e-10 1.3221244999999998e-10 -1.3221587e-10
349.5 0.932 -1.079 9.211507799999999e-10 1.37318662e-10 -1.3732231e-10
351.629 1.191 -1.197 7.758847599999999e-10 1.15663336e-10 -1.1566633799999999e-10
353.97 1.01 -1.15 8.4558436e-10 1.28462382e-10 -1.28465764e-10
356.074 0.741 -1.095 1.0090862e-09 1.5042767399999998e-10 -1.50431968e-10
358.1 1.157 -1.284 7.048798599999999e-10 1.15711254e-10 -1.1571406599999999e-10
360.354 0.943 -1.097 9.079226e-10 1.35347108e-10 -1.3535113599999999e-10
362.545 1.049 -1.248 7.490738599999999e-10 1.22966024e-10 -1.2296902599999998e-10
364.827 1.132 -1.232 7.8352808e-10 1.1680318399999998e-10 -1.16806642e-10
366.998 0.925 -1.04 9.4322422e-10 1.40609614e-10 -1.40613756e-10
369.082 0.821 -1.159 9.355873599999999e-10 1.3947121e-10 -1.39475314e-10
371.007 1.029 -1.104 8.684991199999999e-10 1.29470104e-10 -1.2947394199999998e-10
373.21 0.801 -1.174 9.3776058e-10 1.3979512199999999e-10 -1.3979926399999999e-10
375.598 1.25 -1.587 6.432480399999999e-10 9.772326999999999e-11 -9.772592999999998e-11
377.831 1.104 -0.982 8.8734446e-10 1.3227914e-10 -1.3228275e-10
380.081 1.213 -1.146 7.737453599999998e-10 1.1754847799999998e-10 -1.17551594e-10
382.761 1.245 -1.466 6.5379608e-10 1.0321043199999999e-10 -1.03213016e-10
385.351 1.249 -1.345 6.936474399999999e-10 1.0741159799999999e-10 -1.0741441e-10
387.611 0.953 -1.011 9.4297912e-10 1.40572868e-10 -1.4057678199999998e-10
389.924 1.156 -1.36 7.257399599999999e-10 1.1025548e-10 -1.10258444e-10
392.54 1.365 -1.46 6.368591e-10 9.8617904e-11 -9.862052599999998e-11
395.32 1.154 -1.415 7.0035596e-10 1.08450404e-10 -1.08453292e-10
397.652 0.925 -1.178 8.807108e-10 1.31290304e-10 -1.31293952e-10
400.036 1.615 -1.459 5.8524864e-10 9.0625858e-11 -9.0628138e-11
403.0 1.375 -1.349 6.605475399999999e-10 1.0228589199999998e-10 -1.022884e-10
405.421 0.741 -1.046 1.02212514e-09 1.5528262999999999e-10 -1.5528662e-10
407.847 1.439 -1.685 5.8439934e-10 8.878278199999999e-11 -8.878513799999998e-11
410.24 1.095 -0.955 8.908081599999999e-10 1.35332972e-10 -1.35336658e-10
412.82 1.218 -1.485 6.853661e-10 1.02169802e-10 -1.02172842e-10
415.583 1.155 -1.545 6.969891599999999e-10 1.03902374e-10 -1.03905338e-10
417.961 0.995 -1.222 8.56672e-10 1.27706638e-10 -1.2771002e-10
420.668 1.025 -1.713 6.737856000000001e-10 1.04335726e-10 -1.04338272e-10
423.389 1.361 -1.696 6.213094999999999e-10 9.262047799999999e-11 -9.2622948e-11
426.678 1.435 -1.928 5.2272572e-10 8.4140208e-11 -8.414225999999999e-11
429.367 1.147 -1.255 7.60399e-10 1.1552117799999999e-10 -1.1552452199999999e-10
432.487 1.778 -1.972 4.8696468e-10 7.3980566e-11 -7.3982732e-11
435.757 1.347 -1.492 6.524554399999999e-10 9.7263812e-11 -9.7266738e-11
438.682 1.774 -1.578 5.446919999999999e-10 8.275058599999999e-11 -8.275297999999999e-11
441.812 1.528 -1.356 6.422284999999999e-10 9.57391e-11 -9.574187399999999e-11
444.918 1.382 -1.579 6.1670732e-10 9.369109e-11 -9.3693598e-11
448.047 1.372 -1.747 5.899553199999999e-10 9.135473600000001e-11 -9.1357092e-11
450.55 1.266 -1.131 7.698902599999999e-10 1.1921766599999999e-10 -1.1922070599999998e-10
452.943 1.136 -1.127 8.1528886e-10 1.26247628e-10 -1.2625078199999998e-10
456.143 1.207 -2.065 5.804811599999999e-10 8.6534094e-11 -8.653641199999999e-11
458.939 1.194 -1.588 6.8272662e-10 1.0177615999999999e-10 -1.0177893399999999e-10
461.77 1.704 -1.637 5.6859324e-10 8.476192599999999e-11 -8.4764244e-11
465.07 1.443 -1.596 6.162676599999999e-10 9.362424799999999e-11 -9.3626718e-11
468.035 1.149 -1.522 7.0668752e-10 1.0534812199999999e-10 -1.05351048e-10
470.779 1.139 -1.596 6.678112399999999e-10 1.0145487e-10 -1.0145760599999999e-10
473.099 1.341 -1.181 7.238559199999999e-10 1.09969302e-10 -1.09972304e-10
475.925 1.543 -1.485 6.117920199999999e-10 9.120178599999999e-11 -9.120433199999999e-11
478.836 1.69 -1.367 6.0310522e-10 9.162461199999999e-11 -9.1627044e-11
482.56 2.047 -2.035 4.4536835999999997e-10 7.0307258e-11 -7.030893e-11
486.165 1.682 -1.558 5.777767e-10 8.777669399999998e-11 -8.777905e-11
489.552 1.711 -1.705 5.432309e-10 8.252855199999999e-11 -8.253083199999999e-11
493.373 1.867 -2.111 4.656968399999999e-10 6.9422884e-11 -6.942485999999999e-11
497.153 1.809 -1.913 4.977544e-10 7.4201916e-11 -7.420408199999999e-11
501.082 1.716 -2.119 4.759443e-10 7.2306172e-11 -7.2308186e-11
504.423 1.944 -1.625 4.9665772e-10 7.840395599999999e-11 -7.840585599999999e-11
507.748 1.255 -1.381 7.0233006e-10 1.0469854999999999e-10 -1.0470143799999999e-10
511.052 1.725 -2.048 4.7681412e-10 7.3834798e-11 -7.3836698e-11
514.539 1.994 -1.762 3.2883318999999993e-10 6.003699799999999e-11 -6.00381e-11
518.432 1.903 -1.899 4.8724854e-10 7.2635746e-11 -7.2637874e-11
522.267 1.492 -1.933 5.408767999999999e-10 8.063026199999999e-11 -8.063254199999999e-11
525.549 2.278 -1.789 4.5545128e-10 6.789558799999999e-11 -6.789748799999999e-11
530.16 1.892 -2.333 4.2587702e-10 6.5947176e-11 -6.5948886e-11
533.797 1.863 -1.745 4.9142398e-10 7.7577722e-11 -7.757958399999998e-11
537.718 1.676 -2.058 4.8895018e-10 7.4282058e-11 -7.4284034e-11
541.463 2.061 -2.069 4.357764e-10 6.7480134e-11 -6.7481882e-11
545.798 1.807 -2.274 4.4082127999999995e-10 6.826129999999999e-11 -6.8263048e-11
549.625 2.029 -2.02 4.4431006e-10 6.880150799999999e-11 -6.8803218e-11
553.723 1.639 -2.068 5.0602928e-10 7.5435244e-11 -7.5437258e-11
557.453 1.849 -2.09 4.753271799999999e-10 7.221235e-11 -7.221421199999999e-11
560.625 1.288 -1.324 7.168806399999999e-10 1.0890963399999998e-10 -1.08912598e-10
563.659 1.82 -1.746 3.52798536e-10 6.441258399999999e-11 -6.4413876e-11
567.074 1.71 -1.596 5.5230796e-10 8.3907534e-11 -8.390989e-11
570.06 1.994 -1.276 3.61437152e-10 6.9880784e-11 -6.9881962e-11
573.861 2.217 -1.807 3.7839704599999997e-10 6.2208698e-11 -6.221010399999999e-11
578.219 2.011 -2.141 4.2047835999999996e-10 6.7681914e-11 -6.7683472e-11
582.151 1.886 -1.92 4.8658164e-10 7.2536262e-11 -7.2538314e-11
586.043 1.319 -2.006 3.63372644e-10 6.8257842e-11 -6.8259058e-11
589.3 1.668 -1.938 5.0633708e-10 7.6923476e-11 -7.6925528e-11
592.952 2.163 -1.984 4.4030447999999997e-10 6.689178e-11 -6.6893642e-11
596.396 1.672 -1.281 6.2718886e-10 9.349725199999999e-11 -9.350010200000001e-11
600.13 1.943 -2.062 4.6247026e-10 6.894207e-11 -6.8944198e-11
603.982 2.344 -1.909 4.3557347999999997e-10 6.493230999999999e-11 -6.4934172e-11
608.46 1.494 -2.135 5.1040308e-10 7.608747599999998e-11 -7.608967999999999e-11
611.736 1.834 -1.782 4.9050552e-10 7.7432904e-11 -7.7434918e-11
615.416 1.586 -1.846 3.5986361e-10 6.570238e-11 -6.5703596e-11
618.871 1.623 -1.869 5.228534e-10 7.943253999999998e-11 -7.9434554e-11
622.642 2.022 -2.148 4.4419416e-10 6.621746999999999e-11 -6.6219332e-11
626.777 1.972 -2.112 2.95851052e-10 5.557424e-11 -5.5575266e-11
630.39 1.818 -1.641 5.355131e-10 7.9830666e-11 -7.983294599999999e-11
634.035 1.692 -1.827 5.2631406e-10 7.8459322e-11 -7.8461526e-11
637.514 1.494 -1.787 3.6831750799999996e-10 6.9186676e-11 -6.9187892e-11
641.042 2.355 -2.034 3.69118928e-10 5.9620252e-11 -5.9621696e-11
645.377 1.756 -1.98 3.1638078e-10 6.116955e-11 -6.1170576e-11
649.231 2.017 -2.098 4.5011455999999995e-10 6.7099982e-11 -6.7101882e-11
653.147 2.329 -1.899 4.3187418e-10 6.561099e-11 -6.561277599999999e-11
657.32 2.025 -1.845 3.19075702e-10 5.8255482e-11 -5.8256546e-11
661.235 1.917 -1.89 3.1053516399999997e-10 6.0039278e-11 -6.0040228e-11
664.965 2.312 -1.812 3.6024057e-10 6.2552712e-11 -6.2553966e-11
669.382 1.891 -2.106 4.6357796e-10 6.910733199999999e-11 -6.9109574e-11
673.263 1.859 -1.989 3.1395360599999996e-10 5.8974746e-11 -5.897581e-11
676.911 1.741 -1.789 3.42272042e-10 6.429413799999999e-11 -6.429527799999999e-11
680.67 2.024 -2.018 4.2764022e-10 7.0200212e-11 -7.020177e-11
684.708 1.987 -2.014 3.7300914e-10 6.3658816e-11 -6.3660146e-11
688.662 1.424 -1.967 3.7343713399999997e-10 6.818055e-11 -6.8181766e-11
692.323 1.633 -2.237 4.8387756e-10 7.351138e-11 -7.3513394e-11
696.281 2.148 -2.325 2.64948464e-10 5.2746014e-11 -5.2746812e-11
700.406 2.698 -1.977 3.9467407999999997e-10 6.1115324e-11 -6.111684399999999e-11
705.02 2.018 -1.916 4.717395999999999e-10 7.0323598e-11 -7.032549799999999e-11
709.475 1.765 -2.437 2.81314874e-10 5.4389855999999993e-11 -5.4390767999999997e-11
713.562 2.08 -2.322 2.8056502e-10 5.1224304e-11 -5.1225177999999996e-11
717.449 1.617 -1.807 3.6053191599999994e-10 6.582436e-11 -6.5825576e-11
721.152 1.498 -2.085 3.29853148e-10 6.3774298e-11 -6.3775362e-11
724.959 2.01 -2.309 4.2262346e-10 6.4205598e-11 -6.420730799999999e-11
728.865 1.954 -1.896 3.6344146199999997e-10 6.2330298e-11 -6.233158999999999e-11
732.536 1.967 -1.717 3.50249116e-10 6.358958e-11 -6.3590796e-11
736.762 2.129 -2.258 2.6940289999999996e-10 5.2086752e-11 -5.2087626e-11
740.944 2.047 -2.053 3.65086216e-10 6.141943799999999e-11 -6.1420768e-11
744.702 1.674 -1.711 3.49998962e-10 6.7669298e-11 -6.7670438e-11
748.231 2.04 -1.855 3.68458792e-10 6.3190808e-11 -6.319217599999999e-11
752.337 1.954 -2.067 4.7234646e-10 7.041407599999999e-11 -7.041597599999999e-11
756.0 1.664 -1.709 3.7252729999999997e-10 6.8014414e-11 -6.8015668e-11
759.44 1.675 -1.775 3.57819476e-10 6.5329182e-11 -6.5330436e-11
763.219 2.61 -2.105 3.69668028e-10 5.7502473999999995e-11 -5.7503917999999995e-11
767.535 1.976 -1.706 5.02854e-10 7.496203e-11 -7.4964082e-11
771.86 2.237 -2.348 3.9246704e-10 6.077362799999999e-11 -6.0775186e-11
776.665 1.924 -2.568 2.6899212e-10 5.052890399999999e-11 -5.0529854e-11
781.6 1.622 -3.011 2.66525426e-10 4.866109e-11 -4.8662001999999996e-11
785.519 2.385 -2.297 2.63690056e-10 4.8143415999999996e-11 -4.814429e-11
789.646 1.725 -1.742 3.56114606e-10 6.5017886e-11 -6.5019102e-11
793.252 1.977 -1.88 3.06448948e-10 5.9249296e-11 -5.9250284e-11
797.124 1.467 -1.895 3.67244768e-10 6.7050012e-11 -6.7051266e-11
800.847 2.462 -2.256 3.9496553999999997e-10 6.0003786e-11 -6.000542e-11
805.84 2.017 -2.531 2.7855558e-10 5.085749e-11 -5.0858401999999995e-11
809.896 1.928 -2.039 4.673190599999999e-10 7.099566599999999e-11 -7.099749e-11
814.632 1.806 -2.808 2.61927464e-10 4.9201791999999996e-11 -4.9202665999999996e-11
817.879 1.874 -1.442 3.64363152e-10 6.8443852e-11 -6.844503e-11
821.629 1.959 -1.875 4.6934978e-10 7.267899e-11 -7.2680852e-11
824.955 1.91 -1.367 3.6877423e-10 6.927248e-11 -6.9273696e-11
829.228 2.452 -2.363 3.6767602999999996e-10 5.6070785999999995e-11 -5.6072268e-11
834.006 2.17 -2.326 4.002901e-10 6.1984992e-11 -6.198655e-11
837.748 1.825 -1.573 3.4788350199999996e-10 6.7260304e-11 -6.7261444e-11
841.579 1.832 -2.006 3.2457335199999997e-10 5.925929e-11 -5.926043e-11
845.73 2.034 -2.319 4.1776934e-10 6.5950482e-11 -6.595223e-11
850.061 2.477 -2.296 3.9805531999999995e-10 5.9339394e-11 -5.9341066e-11
854.472 1.786 -1.935 3.40370104e-10 6.214333799999999e-11 -6.214447799999999e-11
858.53 1.901 -2.272 3.0349319399999997e-10 5.5410459999999993e-11 -5.5411448e-11
862.799 1.783 -2.369 2.9848316e-10 5.606862e-11 -5.606956999999999e-11
866.525 1.777 -1.943 3.333303e-10 6.2614538e-11 -6.261564e-11
870.38 2.936 -2.078 3.56859748e-10 5.5510171999999993e-11 -5.5511615999999993e-11
875.383 2.128 -2.067 2.8932481799999997e-10 5.4348246e-11 -5.4349196e-11
879.513 2.34 -2.001 3.6982443599999997e-10 5.9219998e-11 -5.9221442e-11
884.321 2.123 -2.468 4.0340686000000003e-10 6.013701400000001e-11 -6.013861e-11
888.465 2.812 -2.02 3.5296125199999996e-10 5.7558371999999997e-11 -5.755973999999999e-11
892.926 1.782 -1.65 3.59839138e-10 6.5697896e-11 -6.5699074e-11
896.581 1.94 -1.873 3.30670794e-10 6.03725e-11 -6.037364e-11
900.325 1.931 -1.804 3.3932841e-10 6.1953186e-11 -6.1954364e-11
904.259 1.946 -2.004 3.7430076e-10 6.3268974e-11 -6.3270304e-11
908.08 1.619 -1.875 3.5908879e-10 6.8169986e-11 -6.8171126e-11
911.251 2.082 -1.551 3.4867166e-10 6.3659006e-11 -6.366018399999999e-11
915.262 2.382 -1.93 2.9372445799999997e-10 5.3626967999999994e-11 -5.3627955999999996e-11
919.682 2.476 -2.038 2.80635168e-10 5.1237148e-11 -5.1238097999999996e-11
924.727 1.535 -2.568 3.02142028e-10 5.6755925999999994e-11 -5.6756876e-11
928.122 1.651 -1.861 3.2977293e-10 6.762936e-11 -6.763030999999999e-11
931.697 1.676 -1.924 3.75355754e-10 6.6354726e-11 -6.635598e-11
936.032 2.196 -2.66 2.60641202e-10 4.7586792e-11 -4.7587666e-11
940.311 1.64 -2.084 3.2456176200000004e-10 6.0967428e-11 -6.096853e-11
943.927 2.048 -1.976 2.87177248e-10 5.7171342e-11 -5.7172292e-11
948.009 2.195 -2.034 2.8575031e-10 5.367682399999999e-11 -5.3677812e-11
952.378 1.89 -2.173 3.03816992e-10 5.5469588e-11 -5.5470575999999993e-11
956.268 2.492 -2.0 3.45504322e-10 5.781035e-11 -5.7811603999999994e-11
960.464 1.598 -1.704 3.73998964e-10 6.8283188e-11 -6.828451799999999e-11
964.347 2.215 -2.285 2.74507174e-10 5.011839e-11 -5.0119378e-11
969.049 2.637 -2.487 2.2042485199999998e-10 4.5204495999999994e-11 -4.520518e-11
973.222 1.983 -1.537 3.43505218e-10 6.4525862e-11 -6.452707799999999e-11
977.259 2.251 -2.054 2.80766192e-10 5.274061799999999e-11 -5.2741568e-11
982.596 2.435 -3.086 2.14142958e-10 4.1402672e-11 -4.1403317999999997e-11
987.309 1.888 -2.278 2.9640041799999995e-10 5.4115534e-11 -5.411656e-11
990.981 2.234 -1.783 3.10021176e-10 5.6602367999999994e-11 -5.6603394e-11
995.108 1.939 -1.893 3.7448057599999995e-10 6.422345799999999e-11 -6.422471199999999e-11
999.143 1.83 -2.096 4.8373544e-10 7.2111878e-11 -7.211381599999999e-11
1003.332 1.991 -2.359 2.85639388e-10 5.215082e-11 -5.2151808e-11
1007.211 1.413 -1.887 3.7429768199999993e-10 6.833775599999999e-11 -6.8339086e-11
1011.161 1.971 -2.537 4.0605546e-10 6.1688592e-11 -6.1690302e-11
1014.809 2.111 -1.677 3.2722898199999996e-10 6.146838199999999e-11 -6.1469446e-11
1019.218 2.121 -2.298 2.8046356e-10 5.2683732e-11 -5.2684644e-11
1023.269 1.621 -1.93 3.56652496e-10 6.5116116e-11 -6.511737e-11
1026.962 1.688 -2.071 3.22471154e-10 6.234705599999999e-11 -6.2348082e-11
1030.718 1.668 -2.068 3.7287051599999994e-10 6.4909016e-11 -6.4910308e-11
1034.305 2.231 -1.92 3.0506175799999997e-10 5.5696866e-11 -5.5697853999999994e-11
1038.648 2.107 -2.112 2.9370416599999997e-10 5.5170832e-11 -5.5171744e-11
1042.53 1.712 -1.775 3.6306385599999994e-10 6.628663e-11 -6.6287808e-11
1046.317 1.652 -2.075 3.3971000599999997e-10 6.202276399999999e-11 -6.2023904e-11
1050.172 2.168 -2.203 2.89667312e-10 5.2886196e-11 -5.2887146e-11
1054.277 1.738 -1.937 3.3712942599999997e-10 6.3328178e-11 -6.3329356e-11
1058.551 1.55 -2.535 3.03466632e-10 5.7004788e-11 -5.7005775999999997e-11
1061.864 1.754 -1.763 3.6014158e-10 6.575310999999999e-11 -6.5754326e-11
1065.21 1.767 -1.592 3.6720224599999995e-10 6.897718199999999e-11 -6.8978398e-11
1068.484 2.224 -1.507 3.16883824e-10 6.1266792e-11 -6.1267856e-11
1072.489 1.811 -1.781 3.36483236e-10 6.320688199999999e-11 -6.3208098e-11
1075.944 2.384 -1.644 2.80380188e-10 5.7500079999999996e-11 -5.7500992e-11
1080.217 2.05 -1.889 3.1350163399999995e-10 5.7237804e-11 -5.7238868e-11
1084.27 1.763 -2.004 4.9180208e-10 7.3314502e-11 -7.3316592e-11
1089.058 2.711 -3.025 2.1925179199999997e-10 4.0030036e-11 -4.0030796e-11
1094.037 1.836 -2.268 2.9521668e-10 5.7077596e-11 -5.707850799999999e-11
1098.02 2.193 -2.147 2.85539296e-10 5.3637189999999995e-11 -5.3638178000000003e-11
1102.038 2.267 -1.825 3.02891388e-10 5.6896678e-11 -5.6897665999999996e-11
1106.788 2.466 -2.483 2.50406282e-10 4.703757799999999e-11 -4.703837599999999e-11
1110.868 2.049 -1.614 3.61270484e-10 6.5590508e-11 -6.5591648e-11
1114.831 1.757 -1.913 3.30189372e-10 6.383924e-11 -6.3840266e-11
1118.585 1.547 -1.997 3.47903452e-10 6.535198199999999e-11 -6.535312199999999e-11
1122.432 2.297 -2.3 2.6294898e-10 4.9393767999999994e-11 -4.939468e-11
1127.203 1.954 -2.474 2.7895590999999996e-10 5.0930639999999994e-11 -5.093159e-11
1131.223 1.675 -2.066 3.3706376199999996e-10 6.153966999999999e-11 -6.154080999999999e-11
1135.21 2.365 -2.311 4.0045616e-10 6.083781e-11 -6.083936799999999e-11
1140.434 2.343 -2.86 2.38205318e-10 4.4745722e-11 -4.474652e-11
1145.236 2.28 -2.46 2.61449994e-10 4.911214999999999e-11 -4.9113061999999996e-11
1149.502 1.672 -1.986 3.4617087999999994e-10 6.3202398e-11 -6.3203538e-11
1153.587 2.104 -2.413 2.8021633199999997e-10 5.1160768e-11 -5.1161756e-11
1158.019 2.473 -2.327 2.5805154e-10 4.8473712e-11 -4.8474509999999994e-11
1162.411 2.328 -1.92 2.91579282e-10 5.477171799999999e-11 -5.4772668e-11
1167.27 2.528 -2.53 2.44943212e-10 4.6011388e-11 -4.6012148000000004e-11
1172.237 1.763 -2.439 3.0131207e-10 5.5012219999999995e-11 -5.5013207999999996e-11
1175.578 1.894 -1.578 3.69063524e-10 6.813646999999999e-11 -6.813768599999999e-11
1179.926 1.975 -2.453 2.7990514999999997e-10 5.2578814e-11 -5.2579687999999995e-11
1183.832 1.791 -1.931 3.33008212e-10 6.2553966e-11 -6.2554992e-11
1187.723 2.417 -2.1 2.80368104e-10 5.118839399999999e-11 -5.1189344e-11
1200.417 6.081 -6.455 2.52685522e-10 4.9664518e-11 -4.9664518e-11
1211.51 5.018 -5.011 2.4431533799999997e-10 5.4708485999999996e-11 -5.4708485999999996e-11
1221.718 4.839 -5.19 2.5311043799999997e-10 5.5534491999999996e-11 -5.5534491999999996e-11
1235.145 6.456 -8.588 2.30031632e-10 4.3604962e-11 -4.3604962e-11
1250.005 9.147 -8.404 1.4549307e-10 3.1878899199999995e-11 -3.1878899199999995e-11
1263.539 3.136 -4.386 3.26730726e-10 7.3163414e-11 -7.3163414e-11
1272.687 6.523 -6.013 1.9223857999999998e-10 4.3232105999999997e-11 -4.3232105999999997e-11
1286.345 5.402 -7.135 2.2240214399999997e-10 4.6604909999999997e-11 -4.6604909999999997e-11
1301.015 8.283 -9.268 1.71040052e-10 3.4247028799999995e-11 -3.4247028799999995e-11
4673.877 25.478 -34.698 1.0129834799999999e-10 2.2907380399999998e-11 -2.2907380399999998e-11
4727.038 22.464 -27.683 1.21637582e-10 2.73520694e-11 -2.73520694e-11
4779.931 32.254 -30.43 9.768610599999999e-11 2.21218064e-11 -2.21218064e-11
4853.51 28.879 -41.326 9.1595808e-11 2.0121904399999998e-11 -2.0121904399999998e-11
4914.323 43.286 -31.933 8.152455399999999e-11 1.8435779799999997e-11 -1.8435779799999997e-11
4989.161 36.146 -31.552 8.9960592e-11 2.04592494e-11 -2.04592494e-11
5051.974 36.016 -26.667 9.844637199999999e-11 2.2168356399999997e-11 -2.2168356399999997e-11
5126.198 24.475 -38.208 9.8357718e-11 2.21483912e-11 -2.21483912e-11
5198.219 25.166 -47.546 8.8256406e-11 1.9440446599999996e-11 -1.9440446599999996e-11
5248.934 29.612 -25.549 1.1144263799999999e-10 2.5059578799999998e-11 -2.5059578799999998e-11
5302.101 26.592 -23.554 1.2858523599999998e-10 2.8361915599999997e-11 -2.8361915599999997e-11
5367.759 23.616 -39.067 1.07890816e-10 2.3149619e-11 -2.3149619e-11
5436.201 42.93 -44.826 6.898987399999999e-11 1.5734755e-11 -1.5734755e-11
5511.385 35.445 -32.253 9.519684e-11 2.08570334e-11 -2.08570334e-11
5585.978 41.086 -39.148 8.3245612e-11 1.80697372e-11 -1.80697372e-11
5660.514 44.277 -33.45 8.332309399999999e-11 1.83291252e-11 -1.83291252e-11
5738.98 36.015 -34.19 8.7210912e-11 1.9721684599999997e-11 -1.9721684599999997e-11
5797.318 22.809 -22.323 1.498131e-10 3.20626102e-11 -3.20626102e-11
5840.547 24.712 -20.42 1.35346804e-10 3.0477671999999995e-11 -3.0477671999999995e-11
5888.819 19.064 -23.56 1.4415661e-10 3.24158164e-11 -3.24158164e-11
5943.82 44.297 -35.937 8.0169626e-11 1.7611780199999998e-11 -1.7611780199999998e-11
6047.113 33.775 -58.995 6.582379e-11 1.4885246e-11 -1.4885246e-11
6124.475 41.662 -43.587 7.2214896e-11 1.62386236e-11 -1.62386236e-11
6191.07 25.213 -24.933 1.22283772e-10 2.75361148e-11 -2.75361148e-11
6260.486 41.046 -44.203 7.0906062e-11 1.62645814e-11 -1.62645814e-11
6333.73 30.484 -32.198 9.697037599999999e-11 2.2053448199999998e-11 -2.2053448199999998e-11
6393.031 38.881 -28.816 9.103086199999999e-11 2.0556434399999998e-11 -2.0556434399999998e-11
6456.832 32.749 -24.919 1.06166946e-10 2.4042371999999998e-11 -2.4042371999999998e-11
6523.148 41.651 -33.568 8.1352604e-11 1.84229624e-11 -1.84229624e-11
6596.104 36.393 -31.304 9.0979448e-11 2.0515842799999998e-11 -2.0515842799999998e-11
6683.678 51.619 -51.181 5.977156799999999e-11 1.3497512599999999e-11 -1.3497512599999999e-11
6773.726 51.835 -38.429 6.763855599999999e-11 1.54265522e-11 -1.54265522e-11
6875.657 40.166 -50.097 6.81492e-11 1.5345977e-11 -1.5345977e-11
6962.667 35.898 -46.843 7.400150399999999e-11 1.67820122e-11 -1.67820122e-11
7076.366 90.171 -77.801 6.2177272e-11 1.0787599599999998e-11 -1.0787599599999998e-11
10390.71 14.545 -13.035 5.8082962e-11 1.3064419e-11 -1.3064419e-11
10432.576 20.318 -27.322 3.7507626399999995e-11 8.4489428e-12 -8.4489428e-12
10471.812 18.692 -18.918 4.8836802e-11 1.06869338e-11 -1.06869338e-11
10512.147 25.996 -21.643 3.9679068e-11 8.4935966e-12 -8.4935966e-12
10552.305 15.926 -14.162 5.6871598e-11 1.2735567e-11 -1.2735567e-11
10584.773 21.068 -16.542 4.5691466e-11 1.02924254e-11 -1.02924254e-11
10630.153 20.819 -24.312 3.7663403599999996e-11 8.496591e-12 -8.496591e-12
10666.127 14.933 -15.155 6.194140599999999e-11 1.32412748e-11 -1.32412748e-11
10705.226 20.966 -24.166 3.94478e-11 8.668784199999999e-12 -8.668784199999999e-12
10744.765 14.022 -18.573 5.7848008e-11 1.23662298e-11 -1.23662298e-11
10785.856 28.092 -27.069 3.13533592e-11 7.052214799999999e-12 -7.052214799999999e-12
10826.9 14.629 -12.951 6.4801286e-11 1.4220284e-11 -1.4220284e-11
10860.828 23.326 -19.299 4.09146e-11 9.243720399999999e-12 -9.243720399999999e-12
10900.447 16.301 -16.294 5.2492097999999994e-11 1.1772134e-11 -1.1772134e-11
10928.28 13.542 -11.531 6.9573858e-11 1.56259724e-11 -1.56259724e-11
10960.622 13.794 -18.801 5.551457999999999e-11 1.21652744e-11 -1.21652744e-11
10995.962 16.065 -21.545 4.8156031999999995e-11 1.0552751999999999e-11 -1.0552751999999999e-11
11038.226 23.947 -26.199 3.61329536e-11 7.9291788e-12 -7.9291788e-12
11085.029 22.276 -22.855 4.0205748e-11 8.785896399999999e-12 -8.785896399999999e-12
11126.346 13.554 -19.041 5.5693598e-11 1.2256094399999999e-11 -1.2256094399999999e-11
11163.472 26.574 -23.572 3.6239125599999995e-11 7.997422999999999e-12 -7.997422999999999e-12
11215.288 24.905 -25.242 3.6189452e-11 7.9527502e-12 -7.9527502e-12
11254.104 18.684 -13.911 5.328831199999999e-11 1.1968309e-11 -1.1968309e-11
11287.953 19.938 -15.165 4.9539916e-11 1.11758494e-11 -1.11758494e-11
11339.34 26.219 -31.449 3.1290853e-11 6.885957199999999e-12 -6.885957199999999e-12
11392.956 15.227 -27.398 4.274278e-11 9.353377e-12 -9.353377e-12
11422.974 12.79 -14.79 6.3133618e-11 1.4158655599999999e-11 -1.4158655599999999e-11
11463.995 16.901 -28.231 3.936876e-11 8.7127008e-12 -8.7127008e-12
11499.22 14.271 -18.324 5.5619346e-11 1.22397544e-11 -1.22397544e-11
11531.948 19.153 -18.457 5.0724489999999994e-11 1.0872510599999999e-11 -1.0872510599999999e-11
11566.39 19.813 -15.29 4.9267684e-11 1.10652998e-11 -1.10652998e-11
11612.183 19.152 -25.98 4.1899635999999995e-11 9.0293776e-12 -9.0293776e-12
11648.253 18.184 -16.918 4.9415921999999994e-11 1.11149734e-11 -1.11149734e-11
11688.932 27.652 -22.495 3.63193056e-11 7.9925324e-12 -7.9925324e-12
11735.76 20.94 -19.177 4.2717813999999994e-11 9.5942286e-12 -9.5942286e-12
11779.259 22.573 -22.559 3.8429362e-11 8.643802999999998e-12 -8.643802999999998e-12
11823.766 20.691 -21.933 4.0522781999999996e-11 9.101228e-12 -9.101228e-12
11867.517 19.564 -23.061 4.0510850000000004e-11 9.1660864e-12 -9.1660864e-12
11910.642 26.586 -23.561 3.4324408199999996e-11 7.709105599999999e-12 -7.709105599999999e-12
11957.157 15.172 -19.93 4.9089653999999996e-11 1.09929136e-11 -1.09929136e-11
11989.876 20.063 -17.547 4.9791247999999994e-11 1.06868008e-11 -1.06868008e-11
12029.219 18.331 -19.279 4.857084e-11 1.05990246e-11 -1.05990246e-11
12070.235 19.939 -22.686 3.9788128e-11 8.9494218e-12 -8.9494218e-12
12111.123 16.66 -20.95 4.8419296e-11 1.0625351e-11 -1.0625351e-11
12154.856 18.059 -27.073 3.820995e-11 8.6071482e-12 -8.6071482e-12
12191.033 14.477 -18.118 5.8034968e-11 1.2439471e-11 -1.2439471e-11
12233.586 19.563 -28.075 3.56765622e-11 8.012793999999999e-12 -8.012793999999999e-12
12276.96 21.321 -23.811 3.9995417999999996e-11 8.7767764e-12 -8.7767764e-12
12322.842 23.078 -24.561 3.58442904e-11 8.098199e-12 -8.098199e-12
12365.345 23.199 -19.425 4.0117892e-11 9.023597799999999e-12 -9.023597799999999e-12
12424.314 24.405 -35.77 3.12271118e-11 6.702341199999999e-12 -6.702341199999999e-12
12466.087 17.735 -17.368 5.0631541999999996e-11 1.1095221e-11 -1.1095221e-11
12506.131 20.315 -22.309 3.9573618e-11 8.901173199999998e-12 -8.901173199999998e-12
12542.611 23.952 -16.165 4.2311783999999996e-11 9.5311258e-12 -9.5311258e-12
12599.152 17.557 -32.589 3.75657208e-11 8.0520024e-12 -8.0520024e-12
12637.418 19.408 -20.709 4.4504497999999994e-11 9.752566999999999e-12 -9.752566999999999e-12
12682.27 22.195 -25.444 3.51495782e-11 7.8944354e-12 -7.8944354e-12
12734.767 29.874 -30.302 3.06109532e-11 6.6055704e-12 -6.6055704e-12
12784.155 20.602 -19.515 4.429318e-11 9.719890799999998e-12 -9.719890799999998e-12
12824.938 14.922 -20.18 4.8842653999999997e-11 1.0986027999999999e-11 -1.0986027999999999e-11
12889.353 38.246 -49.493 3.4529859e-11 5.792750399999999e-12 -5.792750399999999e-12
16247.904 111.432 -106.705 2.28055594e-11 5.168372399999999e-12 -5.168372399999999e-12
16472.045 85.37 -112.708 2.47494532e-11 5.6635504e-12 -5.6635504e-12
16684.532 78.483 -127.118 2.4048345599999995e-11 5.4711336e-12 -5.4711336e-12
16862.604 55.865 -99.588 3.36014316e-11 7.433541e-12 -7.433541e-12
16998.902 59.977 -80.433 3.52949092e-11 7.975717399999999e-12 -7.975717399999999e-12
17113.51 75.75 -54.631 3.7951454999999995e-11 8.567780199999999e-12 -8.567780199999999e-12
17263.68 60.975 -74.421 3.6498931599999994e-11 8.2636966e-12 -8.2636966e-12
17412.839 74.791 -88.184 3.0060545999999996e-11 6.8389436e-12 -6.8389436e-12
17552.152 80.903 -64.522 3.3962937e-11 7.682118e-12 -7.682118e-12
17721.63 86.937 -88.575 2.8089497399999998e-11 6.3535962e-12 -6.3535962e-12
17882.865 71.126 -74.298 2.8733498599999997e-11 6.4631007999999994e-12 -6.4631007999999994e-12
17995.471 38.754 -41.48 1.94161038e-11 4.3506466e-12 -4.3506466e-12
18128.588 53.569 -94.362 3.9075931999999993e-11 8.8356726e-12 -8.8356726e-12
18301.997 100.804 -119.84 2.60988864e-11 5.9290754e-12 -5.9290754e-12
18554.402 134.228 -151.602 3.03406516e-11 5.6402336e-12 -5.6402336e-12
21943.839 60.451 -47.364 1.8530635399999998e-11 4.2012382e-12 -4.2012382e-12
22069.226 55.415 -64.937 1.84559578e-11 3.9499898e-12 -3.9499898e-12
22172.001 57.947 -47.36 1.12458074e-11 2.5173381199999997e-12 -2.5173381199999997e-12
22279.707 40.504 -49.759 1.9322076599999998e-11 4.3438332e-12 -4.3438332e-12
22402.421 50.679 -82.209 3.153829e-11 7.109286999999999e-12 -7.109286999999999e-12
22530.656 62.853 -77.556 1.68696706e-11 3.8189696e-12 -3.8189696e-12
22645.63 70.739 -52.12 1.80993164e-11 4.0893053999999994e-12 -4.0893053999999994e-12
22774.891 49.292 -58.523 2.08433002e-11 4.694337599999999e-12 -4.694337599999999e-12
22879.449 55.056 -55.266 1.04126536e-11 2.35357218e-12 -2.35357218e-12
22994.369 37.921 -59.864 1.22067248e-11 2.6773948799999996e-12 -2.6773948799999996e-12
23091.555 41.028 -59.265 1.1764575799999998e-11 2.5777695199999997e-12 -2.5777695199999997e-12
23199.247 76.253 -66.664 7.7999978e-12 1.7668624399999997e-12 -1.7668624399999997e-12
23355.585 55.31 -80.085 8.1269764e-12 1.8369409e-12 -1.8369409e-12
23534.801 81.694 -123.906 2.3816108599999998e-11 5.421197799999999e-12 -5.421197799999999e-12
23684.385 110.129 -67.89 2.74751438e-11 6.2230168e-12 -6.2230168e-12
23871.696 105.852 -77.182 2.67945942e-11 6.056835199999999e-12 -6.056835199999999e-12
24108.82 109.43 -131.272 2.02954808e-11 4.5968486e-12 -4.5968486e-12
24337.455 108.956 -119.205 3.8548188e-11 6.5026892e-12 -6.5026892e-12
27726.459 59.185 -66.181 1.59175958e-11 3.53001304e-12 -3.53001304e-12
27850.301 68.232 -64.656 1.4648038599999998e-11 3.3066672799999996e-12 -3.3066672799999996e-12
27981.072 47.783 -62.539 1.7717553199999998e-11 3.9826888e-12 -3.9826888e-12
28125.97 100.963 -97.115 9.785987999999998e-12 2.23517292e-12 -2.23517292e-12
28322.9 77.038 -95.967 1.1283682e-11 2.5498968999999997e-12 -2.5498968999999997e-12
28482.265 78.142 -82.327 1.1410005399999999e-11 2.58678236e-12 -2.58678236e-12
28636.345 51.935 -75.938 8.342177999999999e-12 1.8754003200000002e-12 -1.8754003200000002e-12
28753.821 57.318 -65.541 8.6498982e-12 1.95720824e-12 -1.95720824e-12
28890.763 70.814 -79.625 7.754466199999999e-12 1.67938986e-12 -1.67938986e-12
28997.55 34.233 -35.972 1.52804004e-11 3.44258264e-12 -3.44258264e-12
29101.962 50.171 -70.18 8.8126218e-12 1.9918710799999997e-12 -1.9918710799999997e-12
29232.269 67.796 -80.135 9.2203656e-12 2.0305946e-12 -2.0305946e-12
29363.216 57.2 -63.151 1.62308564e-11 3.6446472599999995e-12 -3.6446472599999995e-12
29484.452 53.808 -64.036 1.0864351999999999e-11 2.4000518799999998e-12 -2.4000518799999998e-12
29606.332 92.396 -68.072 2.99383912e-11 6.605076399999999e-12 -6.605076399999999e-12
29762.261 64.339 -63.533 8.3321536e-12 1.88123978e-12 -1.88123978e-12
29867.959 48.905 -41.358 1.1666718199999999e-11 2.63982276e-12 -2.63982276e-12
30075.419 129.785 -158.555 1.1804186999999999e-11 2.05348656e-12 -2.05348656e-12
33488.779 95.686 -72.305 2.24522164e-11 5.0751812e-12 -5.0751812e-12
33706.888 70.64 -122.423 1.2503261600000001e-11 2.82659808e-12 -2.82659808e-12
33817.387 42.883 -39.859 1.24560656e-11 2.7968437e-12 -2.7968437e-12
33911.657 38.876 -51.387 1.1263123999999999e-11 2.53425306e-12 -2.53425306e-12
33988.259 34.986 -37.726 1.40394078e-11 3.1458212599999996e-12 -3.1458212599999996e-12
34105.464 50.67 -82.218 9.4454206e-12 2.12965718e-12 -2.12965718e-12
34246.607 110.112 -90.473 1.03962148e-11 2.34852654e-12 -2.34852654e-12
34410.138 39.352 -53.419 1.42839568e-11 3.1292426199999998e-12 -3.1292426199999998e-12
34518.182 59.181 -68.692 8.3028594e-12 1.8335258399999997e-12 -1.8335258399999997e-12
34617.471 47.648 -40.108 1.1558824799999999e-11 2.59808128e-12 -2.59808128e-12
34749.21 56.318 -84.091 7.632246799999998e-12 1.6837537799999998e-12 -1.6837537799999998e-12
34871.235 64.674 -65.706 1.60102208e-11 3.5176087e-12 -3.5176087e-12
35031.517 99.963 -95.608 1.0726943999999998e-11 2.41827478e-12 -2.41827478e-12
35212.437 84.525 -80.957 9.0117266e-12 2.0380570399999997e-12 -2.0380570399999997e-12
35363.008 54.306 -66.045 1.37010482e-11 3.0983349399999997e-12 -3.0983349399999997e-12
35504.149 83.661 -86.836 7.387933399999999e-12 1.66743164e-12 -1.66743164e-12
35654.987 53.175 -67.176 1.7343496399999997e-11 3.9300322e-12 -3.9300322e-12
35775.964 70.099 -67.803 1.5419932599999997e-11 3.5013617999999998e-12 -3.5013617999999998e-12
35906.677 59.737 -60.613 1.26092816e-11 2.7163817399999995e-12 -2.7163817399999995e-12
39225.433 30.469 -39.736 1.52692664e-11 3.4363422800000002e-12 -3.4363422800000002e-12
39332.968 80.894 -77.067 7.131953999999999e-12 1.6207266e-12 -1.6207266e-12
39504.72 79.64 -90.858 6.7303395999999995e-12 1.52946048e-12 -1.52946048e-12
39679.102 83.277 -94.742 6.5287648e-12 1.46929584e-12 -1.46929584e-12
39810.261 57.427 -47.881 1.12489272e-11 2.5288468e-12 -2.5288468e-12
39977.852 82.898 -110.165 5.997425999999999e-12 1.35554816e-12 -1.35554816e-12
40138.963 62.197 -78.213 8.1567342e-12 1.8455919799999998e-12 -1.8455919799999998e-12
40267.106 64.435 -65.945 9.2571534e-12 2.04084358e-12 -2.04084358e-12
40380.549 51.284 -49.008 1.15263196e-11 2.59678548e-12 -2.59678548e-12
40527.208 60.079 -95.375 7.351727000000001e-12 1.6634458199999997e-12 -1.6634458199999997e-12
40650.705 56.933 -63.418 9.55282e-12 2.15914442e-12 -2.15914442e-12
40776.816 68.724 -69.178 8.2600296e-12 1.86493208e-12 -1.86493208e-12
40902.319 41.007 -56.778 1.1735368999999999e-11 2.6495868599999997e-12 -2.6495868599999997e-12
41025.662 93.175 -82.337 6.4896552e-12 1.47156976e-12 -1.47156976e-12
41196.235 78.056 -77.397 7.677045e-12 1.6855603000000001e-12 -1.6855603000000001e-12
41365.774 76.506 -91.483 6.7540326e-12 1.52655804e-12 -1.52655804e-12
41505.575 52.042 -63.294 9.839389399999998e-12 2.2072299999999997e-12 -2.2072299999999997e-12
41640.963 84.628 -83.346 9.4271692e-12 1.8021982599999998e-12 -1.8021982599999998e-12
45046.378 103.335 -109.787 4.7304071999999994e-12 1.0745966799999998e-12 -1.0745966799999998e-12
45229.541 93.176 -79.829 5.8318828e-12 1.3164305799999998e-12 -1.3164305799999998e-12
45436.892 76.382 -114.175 5.3264448e-12 1.2112822999999998e-12 -1.2112822999999998e-12
45593.354 95.433 -80.08 5.725232e-12 1.29235682e-12 -1.29235682e-12
45820.867 118.651 -132.081 4.0253096e-12 9.2323964e-13 -9.2323964e-13
46058.308 139.464 -118.79 3.9000578e-12 8.9259948e-13 -8.9259948e-13
46288.384 99.943 -90.613 5.360971599999999e-12 1.21783996e-12 -1.21783996e-12
46476.441 52.296 -88.114 7.5233958e-12 1.6911200799999999e-12 -1.6911200799999999e-12
46617.46 106.835 -88.723 5.2652002e-12 1.1999047199999998e-12 -1.1999047199999998e-12
64231.905 70.719 -62.169 8.174244599999999e-12 1.8459241e-12 -1.8459241e-12
64451.833 134.115 -149.209 6.4704424e-12 1.09498178e-12 -1.09498178e-12
68254.636 64.205 -96.263 5.593155399999999e-12 1.2705687599999999e-12 -1.2705687599999999e-12
68440.054 54.3 -121.213 5.073456e-12 1.15513654e-12 -1.15513654e-12
68605.142 99.827 -110.788 4.2435474e-12 9.650810599999998e-13 -9.650810599999998e-13
68803.989 84.015 -99.019 3.65268654e-12 9.5740126e-13 -9.5740126e-13
68948.163 80.251 -60.159 6.3893427999999995e-12 1.43835662e-12 -1.43835662e-12
69113.216 103.247 -84.802 4.9744242e-12 1.10194604e-12 -1.10194604e-12
69324.376 122.749 -107.914 5.620295e-12 1.05505974e-12 -1.05505974e-12
75714.196 109.091 -99.016 4.524260999999999e-12 9.9381134e-13 -9.9381134e-13
75958.471 148.14 -135.183 3.6238433999999996e-12 7.601888599999999e-13 -7.601888599999999e-13
79767.894 123.637 -89.486 3.68736154e-12 9.657719e-13 -9.657719e-13
80000.43 161.891 -108.9 3.4595640799999996e-12 8.2981322e-13 -8.2981322e-13
80339.713 136.024 -177.392 2.4878881199999997e-12 6.585609e-13 -6.585609e-13
80655.982 75.502 -180.245 3.05950768e-12 8.059667e-13 -8.059667e-13
80865.076 129.675 -133.593 3.0101293399999998e-12 7.868857599999999e-13 -7.868857599999999e-13
81171.932 213.948 -177.18 2.82530988e-12 6.254043799999999e-13 -6.254043799999999e-13
85555.497 95.803 -117.319 4.116084e-12 9.3291976e-13 -9.3291976e-13
85733.775 110.59 -82.474 4.4845776e-12 1.0234065e-12 -1.0234065e-12
85951.375 113.634 -107.01 4.1543804e-12 9.193039799999998e-13 -9.193039799999998e-13
86151.123 81.877 -86.114 5.199148599999999e-12 1.18242358e-12 -1.18242358e-12
86337.781 85.776 -104.781 4.5679116e-12 1.0353267199999999e-12 -1.0353267199999999e-12
86535.619 88.524 -112.062 4.3194752e-12 9.8572912e-13 -9.8572912e-13
86728.872 108.393 -104.73 3.66569508e-12 8.7932722e-13 -8.7932722e-13
86981.292 164.357 -144.028 3.9476224e-12 7.575413999999999e-13 -7.575413999999999e-13
126667.905 152.153 -93.564 3.28058408e-12 8.1133458e-13 -8.1133458e-13
126965.368 138.017 -145.31 2.47513304e-12 6.4771e-13 -6.4771e-13
127300.964 165.976 -197.579 2.42768548e-12 5.667468199999999e-13 -5.667468199999999e-13
132374.631 177.658 -170.859 1.9360259e-12 5.0527498e-13 -5.0527498e-13
132757.78 130.49 -205.491 1.9980495e-12 5.219984e-13 -5.219984e-13
133086.731 140.019 -198.461 1.9906315199999998e-12 5.1846022e-13 -5.1846022e-13
138143.435 133.388 -180.026 2.3825562999999998e-12 6.0803686e-13 -6.0803686e-13
138655.219 331.168 -378.395 1.71874494e-12 3.41145532e-13 -3.41145532e-13
143663.821 182.974 -120.412 2.1796210999999998e-12 5.767906e-13 -5.767906e-13
144018.524 131.657 -171.729 2.16338788e-12 5.6882276e-13 -5.6882276e-13
144285.98 112.426 -135.799 2.6303311199999998e-12 6.9414106e-13 -6.9414106e-13
144575.977 170.936 -177.571 2.22738064e-12 5.403983799999999e-13 -5.403983799999999e-13
149317.943 256.969 -460.125 1.56242244e-12 4.1286962e-13 -4.1286962e-13
150112.706 452.584 -537.793 1.43602456e-12 3.4017204800000004e-13 -3.4017204800000004e-13
154953.819 223.475 -335.657 1.2310643399999998e-12 3.2739279999999993e-13 -3.2739279999999993e-13
155323.943 166.766 -146.649 2.2299597e-12 5.8412346e-13 -5.8412346e-13
155665.944 135.673 -175.235 2.2455663e-12 5.894780399999999e-13 -5.894780399999999e-13
156046.128 219.329 -244.511 2.6310238599999997e-12 5.243145e-13 -5.243145e-13
162266.28 358.941 -310.508 1.56520974e-12 3.32031574e-13 -3.32031574e-13
166462.749 430.148 -324.556 1.39417326e-12 3.71993704e-13 -3.71993704e-13
167233.06 314.235 -340.163 2.0778016199999998e-12 4.9063244e-13 -4.9063244e-13
173302.902 4503.169 -1464.939 1.7824754999999997e-12 3.8654321999999994e-13 -3.8654321999999994e-13
190209.702 615.89 -685.399 1.11665508e-12 2.16831116e-13 -2.16831116e-13
195341.067 379.2 -342.908 1.02094828e-12 2.6389974e-13 -2.6389974e-13
196216.526 368.753 -496.259 1.23538076e-12 2.6351027799999997e-13 -2.6351027799999997e-13
229619.612 6277.178 -4235.397 5.6323144e-13 1.5098452599999998e-13 -1.5098452599999998e-13
236349.085 497.968 -452.295 9.723895999999998e-13 2.1799053399999998e-13 -2.1799053399999998e-13
241490.063 522.812 -502.682 6.8994662e-13 1.8460742e-13 -1.8460742e-13
242309.934 297.162 -297.059 1.2873203e-12 3.2635707199999996e-13 -3.2635707199999996e-13
247600.294 765.836 -836.328 5.3306096e-13 1.2869406799999998e-13 -1.2869406799999998e-13
253436.603 687.367 -909.783 5.0788748e-13 1.25879674e-13 -1.25879674e-13
324910.798 3140.402 -3263.978 3.68915742e-13 1.0047583799999998e-13 -1.0047583799999998e-13
328472.416 534.06 -421.216 9.008659999999999e-13 2.1158791399999997e-13 -2.1158791399999997e-13
334586.154 4375.132 -1422.789 3.9620091999999995e-13 1.0792011399999999e-13 -1.0792011399999999e-13
339777.755 687.911 -816.468 6.571879600000001e-13 1.4294494199999998e-13 -1.4294494199999998e-13
408522.062 1126.627 -525.684 4.851851399999999e-13 1.19320722e-13 -1.19320722e-13
419305.677 6599.706 -5581.691 3.2364231399999995e-13 6.9706706e-14 -6.9706706e-14
506804.588 582.092 -947.361 4.9720454e-13 1.2693181799999998e-13 -1.2693181799999998e-13
516059.383 7346.124 -4441.806 3.06495194e-13 6.6143256e-14 -6.6143256e-14
589782.389 9463.572 -8917.406 2.0683738199999998e-13 5.3514032e-14 -5.3514032e-14
676527.321 8697.363 -9389.968 1.72175036e-13 4.2342982e-14 -4.2342982e-14
846388.233 109618.24 -92824.663 1.4923466399999998e-13 2.7238772399999996e-14 -2.7238772399999996e-14
1089195.295 39970.399 -45909.313 9.522724e-14 2.5288278e-14 -2.5288278e-14
1310287.708 187759.446 -95791.154 7.318009599999999e-14 2.06628458e-14 -2.06628458e-14
1635121.069 127465.091 -69160.105 2.3701485399999997e-14 1.14477014e-14 -9.1412268e-15
