col1 col2 col3 col4 col5 col6
3233.118 14.881 -20.222 6.03575625e-11 1.320894483e-11 -1.320894483e-11
3272.134 26.01 -24.136 4.081604466e-11 8.95811663e-12 -8.95811663e-12
3314.552 18.695 -16.408 5.65972407e-11 1.265552777e-11 -1.265552777e-11
3365.288 25.627 -32.041 3.417653016e-11 7.71168883e-12 -7.71168883e-12
3407.319 16.191 -16.404 6.30118099e-11 1.3789814079999998e-11 -1.3789814079999998e-11
3440.668 20.451 -17.159 5.12359551e-11 1.156102449e-11 -1.156102449e-11
3487.043 29.238 -25.923 3.709761947e-11 8.15375821e-12 -8.15375821e-12
3536.93 24.482 -20.65 4.32478889e-11 9.74378886e-12 -9.74378886e-12
3581.506 22.53 -20.094 4.8242668039999994e-11 1.052741569e-11 -1.052741569e-11
3629.704 29.493 -25.668 3.555725308e-11 8.011081819999999e-12 -8.011081819999999e-12
3687.12 32.253 -27.923 3.277135984e-11 7.33893903e-12 -7.33893903e-12
3743.051 21.453 -23.678 4.453083196e-11 9.77341794e-12 -9.77341794e-12
3785.537 24.099 -21.033 4.307388867e-11 9.64612101e-12 -9.64612101e-12
3845.968 21.336 -36.332 3.3289936919999994e-11 7.48891068e-12 -7.48891068e-12
3906.75 28.251 -39.447 2.8680404e-11 6.4617205399999995e-12 -6.4617205399999995e-12
3966.436 21.219 -31.435 3.878837633e-11 8.48863402e-12 -8.48863402e-12
4011.947 23.346 -24.293 4.105438246e-11 9.23559949e-12 -9.23559949e-12
4061.348 24.092 -26.055 4.1145388149999997e-11 8.99153944e-12 -8.99153944e-12
4120.256 32.881 -34.816 2.852616623e-11 6.4367277000000005e-12 -6.4367277000000005e-12
4179.195 24.089 -26.058 3.940032592e-11 8.81018064e-12 -8.81018064e-12
4234.352 26.6 -31.069 3.589354119e-11 7.889112669999999e-12 -7.889112669999999e-12
4288.745 34.89 -27.793 3.0793453169999995e-11 6.9694716099999996e-12 -6.9694716099999996e-12
4350.439 25.849 -26.804 3.7053584929999995e-11 8.32298584e-12 -8.32298584e-12
4396.581 27.346 -20.293 4.0513159879999997e-11 9.12765594e-12 -9.12765594e-12
4468.253 35.908 -44.326 2.445064342e-11 5.48382454e-12 -5.48382454e-12
4543.943 47.974 -39.782 2.211089088e-11 4.97406703e-12 -4.97406703e-12
4629.731 32.39 -37.814 2.729482569e-11 6.17762909e-12 -6.17762909e-12
4692.407 24.876 -30.285 3.871037354e-11 8.27570788e-12 -8.27570788e-12
4757.822 42.202 -40.539 2.341872938e-11 5.26827834e-12 -5.26827834e-12
4841.47 33.774 -41.445 2.707979084e-11 5.92627378e-12 -5.92627378e-12
4923.628 34.357 -48.385 2.5790429119999997e-11 5.5516685099999995e-12 -5.5516685099999995e-12
4998.448 44.786 -40.463 2.377532052e-11 5.218097859999999e-12 -5.218097859999999e-12
5067.142 33.76 -23.908 3.381378333999999e-11 7.58380263e-12 -7.58380263e-12
5129.7 38.9 -28.798 2.871707023e-11 6.46998493e-12 -6.46998493e-12
5197.891 23.362 -29.292 3.887470195e-11 8.495325400000001e-12 -8.495325400000001e-12
5302.221 148.088 -80.968 2.2979572259999998e-11 3.9213239999999996e-12 -3.9213239999999996e-12
8811.529 60.384 -49.937 1.6004753389999997e-11 3.6129668009999994e-12 -3.6129668009999994e-12
8927.407 42.291 -55.494 1.954834071e-11 4.398898602e-12 -4.398898602e-12
9017.776 69.765 -48.078 1.600052623e-11 3.604359563e-12 -3.604359563e-12
9138.027 59.836 -50.485 1.728302612e-11 3.885030812e-12 -3.885030812e-12
9267.634 45.566 -69.77 1.697136073e-11 3.806922343e-12 -3.806922343e-12
9348.284 27.598 -35.085 3.022138888e-11 6.79343085e-12 -6.79343085e-12
9410.462 33.117 -34.58 2.780168555e-11 6.2429065699999995e-12 -6.2429065699999995e-12
9487.412 51.445 -43.833 2.045459414e-11 4.588262708e-12 -4.588262708e-12
9572.089 29.451 -33.232 3.148760349e-11 6.89186816e-12 -6.89186816e-12
9649.309 42.494 -47.769 2.2475960689999998e-11 4.91450206e-12 -4.91450206e-12
9754.335 40.268 -62.532 1.858468946e-11 4.204296811e-12 -4.204296811e-12
9835.081 34.741 -40.478 2.6737761e-11 5.985040069999999e-12 -5.985040069999999e-12
9912.19 35.358 -42.368 2.725306057e-11 5.832677249999999e-12 -5.832677249999999e-12
10009.156 61.25 -61.608 1.5777709119999998e-11 3.5579362879999995e-12 -3.5579362879999995e-12
10127.9 52.828 -57.493 1.761978175e-11 3.956547249e-12 -3.956547249e-12
10259.776 48.826 -79.047 1.510541536e-11 3.4027230569999998e-12 -3.4027230569999998e-12
10411.52 57.549 -102.919 1.2434176529999999e-11 2.7435860889999997e-12 -2.7435860889999997e-12
10506.815 55.025 -37.746 2.1550246739999998e-11 4.721566296e-12 -4.721566296e-12
10632.161 52.538 -70.321 1.639737279e-11 3.5998338719999995e-12 -3.5998338719999995e-12
10774.372 58.258 -89.674 1.2797678200000001e-11 2.88899114e-12 -2.88899114e-12
10879.324 51.091 -46.694 2.058238294e-11 4.509511399e-12 -4.509511399e-12
11014.518 142.827 -84.103 1.2267700449999999e-11 2.662660812e-12 -2.662660812e-12
14571.277 24.072 -51.147 1.593898404e-11 3.4955462309999996e-12 -3.4955462309999996e-12
14640.578 50.048 -45.229 1.173621787e-11 2.635301639e-12 -2.635301639e-12
14751.898 56.572 -61.271 9.98876447e-12 2.201611581e-12 -2.201611581e-12
14882.125 64.247 -73.655 8.21599194e-12 1.854573433e-12 -1.854573433e-12
15066.041 103.481 -119.669 9.387489919999999e-12 2.1229235820000002e-12 -2.1229235820000002e-12
15231.529 63.359 -62.006 8.96262625e-12 2.0125065589999996e-12 -2.0125065589999996e-12
15400.339 82.597 -105.451 5.936564089999999e-12 1.342873767e-12 -1.342873767e-12
15544.311 66.498 -61.375 8.78098499e-12 1.971720309e-12 -1.971720309e-12
15686.457 74.79 -75.648 7.44926888e-12 1.6797331279999998e-12 -1.6797331279999998e-12
15818.737 80.412 -57.49 8.178088729999999e-12 1.834420886e-12 -1.834420886e-12
15963.161 71.383 -64.012 8.29271879e-12 1.862082973e-12 -1.862082973e-12
16128.628 78.92 -94.084 6.45198541e-12 1.4579241079999998e-12 -1.4579241079999998e-12
16299.259 68.757 -91.711 7.0033716799999995e-12 1.5841900589999999e-12 -1.5841900589999999e-12
16440.917 85.06 -72.901 7.11810888e-12 1.6050594699999997e-12 -1.6050594699999997e-12
16617.045 79.43 -91.068 6.573954559999999e-12 1.483921142e-12 -1.483921142e-12
16795.134 123.714 -98.66 7.197825909999999e-12 1.4516870989999998e-12 -1.4516870989999998e-12
21592.078 127.18 -161.161 2.977637315e-12 7.80035205e-13 -7.80035205e-13
21825.593 101.772 -106.335 4.686432655e-12 1.1457093819999998e-12 -1.1457093819999998e-12
22036.074 111.935 -108.709 5.193080669999999e-12 1.1651338639999999e-12 -1.1651338639999999e-12
22369.917 282.163 -221.909 1.9360986939999996e-12 5.28149552e-13 -5.28149552e-13
27142.367 137.247 -95.933 3.6079604409999996e-12 9.38285855e-13 -9.38285855e-13
27481.96 113.575 -202.347 2.6574314059999997e-12 6.91645192e-13 -6.91645192e-13
28029.16 258.388 -433.624 2.031370017e-12 4.2306785749999997e-13 -4.2306785749999997e-13
31902.846 251.569 -254.907 2.7730671209999997e-12 7.21443261e-13 -7.21443261e-13
32506.543 191.959 -352.127 2.6705034599999996e-12 6.99009119e-13 -6.99009119e-13
33068.167 347.426 -369.666 2.0232658499999997e-12 5.32578817e-13 -5.32578817e-13
33722.501 349.997 -306.907 2.523593092e-12 6.17263734e-13 -6.17263734e-13
37967.404 359.527 -262.286 1.4224218079999999e-12 3.7297528099999995e-13 -3.7297528099999995e-13
38561.122 224.647 -234.191 1.935767534e-12 5.04386874e-13 -5.04386874e-13
39296.175 477.465 -510.406 1.613009745e-12 3.152883291e-13 -3.152883291e-13
43980.849 330.941 -283.351 1.405005714e-12 3.650360122e-13 -3.650360122e-13
44861.601 671.24 -549.812 1.153658196e-12 2.367543682e-13 -2.367543682e-13
49774.065 335.538 -376.538 1.1972632019999999e-12 3.143893271e-13 -3.143893271e-13
50518.777 475.9 -409.174 1.220101067e-12 2.8414565309999997e-13 -2.8414565309999997e-13
55720.713 1034.085 -873.97 7.97245785e-13 1.5695367159999999e-13 -1.5695367159999999e-13
61159.324 294.378 -312.391 1.4016098629999998e-12 3.669660419e-13 -3.669660419e-13
62091.36 603.453 -637.658 8.654014349999999e-13 2.0233403609999998e-13 -2.0233403609999998e-13
67570.209 402.757 -533.496 5.33549895e-13 2.1715407919999996e-13 -1.711525949e-13
