col1 col2 col3 col4 col5 col6
119.014 43.839 -41.409 2.03861796e-11 4.6038939e-12 -4.6038939e-12
271.748 109.242 -108.894 5.2370345e-12 1.1876514e-12 -1.1876514e-12
468.012 85.983 -87.022 5.5998126e-12 1.26402628e-12 -1.26402628e-12
698.738 90.943 -144.744 3.0701527e-12 8.036098e-13 -8.036098e-13
916.497 126.424 -126.815 2.85535824e-12 7.505624199999999e-13 -7.505624199999999e-13
1211.747 122.022 -168.827 2.4863718000000003e-12 6.5357033e-13 -6.5357033e-13
1612.909 380.274 -279.14 1.64651042e-12 3.5818488300000003e-13 -3.5818488300000003e-13
8658.067 10636.931 -3039.359 2.10320267e-13 6.2142353e-14 -6.2142353e-14
23934.619 190.555 -190.555 6.6736e-13 0.0 0.0
