col1 col2 col3 col4 col5 col6
82.817 1.559 -1.473 6.508537e-10 9.912175000000002e-11 -9.9074955e-11
86.565 2.138 -2.189 4.4926945000000007e-10 7.131743499999999e-11 -7.1157765e-11
91.228 2.403 -2.525 2.7796156500000003e-10 5.4212235000000004e-11 -5.397231e-11
95.599 3.192 -1.968 3.152485e-10 6.116355e-11 -6.007407e-11
100.801 3.227 -2.011 2.74749125e-10 5.946311e-11 -5.657491e-11
107.278 2.749 -3.25 2.6166409500000005e-10 5.918272500000001e-11 -5.2608710000000005e-11
116.122 5.959 -6.094 1.2736157e-10 2.9619576e-11 -2.63086705e-11
132.571 15.665 -6.901 9.9111425e-11 2.1627886e-11 -2.1627886e-11
161.824 16.499 -13.589 1.54059815e-10 3.45453395e-11 -3.45453395e-11
196.825 11.586 -18.502 1.5399916e-10 3.45317385e-11 -3.45317385e-11
220.568 17.931 -12.157 1.5442441e-10 3.4773207e-11 -3.4773207e-11
256.006 12.581 -17.507 1.5339835e-10 3.4590811500000007e-11 -3.4590811500000007e-11
277.196 8.941 -8.61 2.63066475e-10 5.9404275e-11 -5.9404275e-11
298.586 10.117 -12.449 2.65864935e-10 5.247872000000001e-11 -5.247872000000001e-11
317.832 8.423 -9.128 4.196269e-10 7.483357000000001e-11 -7.483357000000001e-11
333.719 5.072 -7.464 6.0765985e-10 1.06774255e-10 -1.06774255e-10
346.538 9.805 -7.746 4.301948e-10 7.520565500000001e-11 -7.520565500000001e-11
363.162 10.732 -6.82 3.9384345e-10 7.251335000000001e-11 -7.251335000000001e-11
381.218 10.228 -7.324 3.9213335000000005e-10 7.226639000000001e-11 -7.226639000000001e-11
399.045 9.951 -7.6 3.1788844500000003e-10 6.51161e-11 -6.51161e-11
416.746 7.294 -7.75 3.07954955e-10 6.9247745e-11 -6.9247745e-11
443.059 16.083 -19.019 1.3013528500000001e-10 2.9553174e-11 -2.9553174e-11
468.259 13.449 -9.117 2.0337366e-10 4.5989615000000005e-11 -4.5989615000000005e-11
495.091 11.69 -13.383 1.9201864499999999e-10 4.229575e-11 -4.229575e-11
522.412 11.95 -15.631 1.6857113e-10 3.785229e-11 -3.785229e-11
550.317 21.654 -15.955 1.2209414e-10 2.74544795e-11 -2.74544795e-11
582.721 14.324 -10.749 1.82604905e-10 4.100351500000001e-11 -4.100351500000001e-11
618.17 24.007 -21.125 1.0091284e-10 2.29168765e-11 -2.29168765e-11
658.635 16.137 -16.458 1.5707331500000001e-10 3.35307245e-11 -3.35307245e-11
706.137 23.796 -31.365 8.8256665e-11 1.9362217000000002e-11 -1.9362217000000002e-11
748.452 14.075 -18.52 1.5552477500000002e-10 3.332728e-11 -3.332728e-11
784.285 13.346 -21.757 1.5727939500000002e-10 3.24444085e-11 -3.24444085e-11
807.247 10.442 -9.617 3.697351e-10 6.5589615e-11 -6.5589615e-11
826.029 9.211 -8.34 4.7440015e-10 7.918960000000001e-11 -7.918960000000001e-11
843.256 7.028 -8.016 3.0780561000000003e-10 6.911709e-11 -6.911709e-11
863.813 9.037 -13.529 2.1429002e-10 4.6886665e-11 -4.6886665e-11
891.576 21.391 -18.726 1.1475026500000001e-10 2.58394115e-11 -2.58394115e-11
929.225 13.83 -16.258 1.6161579000000002e-10 3.545612e-11 -3.545612e-11
960.59 22.581 -17.536 1.1987517500000002e-10 2.63693885e-11 -2.63693885e-11
1022.593 33.291 -39.421 6.636525e-11 1.46182085e-11 -1.46182085e-11
1093.966 24.601 -38.082 7.7312165e-11 1.6983869e-11 -1.6983869e-11
1133.96 12.188 -15.392 1.6684297e-10 3.772881e-11 -3.772881e-11
1166.747 27.04 -20.599 9.561177500000002e-11 2.16516125e-11 -2.16516125e-11
1213.252 20.652 -19.465 1.19310695e-10 2.6245212e-11 -2.6245212e-11
1275.259 36.372 -41.355 6.417691e-11 1.38585335e-11 -1.38585335e-11
1349.82 29.508 -38.189 6.695871e-11 1.5206044000000002e-11 -1.5206044000000002e-11
1413.099 23.897 -33.771 7.979902e-11 1.7918698000000002e-11 -1.7918698000000002e-11
1456.621 25.507 -19.625 1.0268881e-10 2.2994034000000002e-11 -2.2994034000000002e-11
1525.435 31.903 -43.306 9.117710000000001e-11 1.6818858e-11 -1.6818858e-11
5292.992 92.995 -100.068 3.3503407000000004e-12 8.437334500000001e-13 -8.437334500000001e-13
5535.84 108.399 -149.854 2.3192823500000003e-12 6.076920500000001e-13 -6.076920500000001e-13
5749.753 105.101 -105.513 3.0531039000000002e-12 7.695849e-13 -7.695849e-13
6033.748 134.52 -178.894 1.91516395e-12 5.027974000000001e-13 -5.027974000000001e-13
6369.004 135.244 -200.736 1.7684415000000001e-12 4.698459499999999e-13 -4.698459499999999e-13
6688.672 166.601 -184.423 1.6929293500000002e-12 4.4799265e-13 -4.4799265e-13
7105.618 213.497 -250.345 1.9737620000000002e-12 4.2007455e-13 -4.2007455e-13
11055.226 446.529 -395.926 7.388213000000001e-13 1.95491975e-13 -1.95491975e-13
12007.391 504.804 -505.636 8.806532e-13 1.9744732e-13 -1.9744732e-13
22193.176 70.243 -97.747 4.716327e-12 1.06652735e-12 -1.06652735e-12
22363.878 102.633 -100.459 2.9060192e-12 7.601517000000001e-13 -7.601517000000001e-13
22559.355 75.147 -92.843 4.721185000000001e-12 1.0612259e-12 -1.0612259e-12
22756.78 115.917 -122.278 2.4829763e-12 6.4818775e-13 -6.4818775e-13
22960.408 127.912 -87.712 2.92717565e-12 7.393718500000001e-13 -7.393718500000001e-13
160800.836 12134.794 -5439.834 1.3470604e-13 3.5617855000000005e-14 -3.5617855000000005e-14
261556.625 79799.176 -83457.058 9.357593e-14 2.07460505e-14 -2.07460505e-14
492669.123 84901.603 -77961.189 3.9228e-14 0.0 0.0
