col1 col2 col3 col4 col5 col6
64.433 0.382 -0.458 4.540771689999999e-09 1.00151506e-09 -8.763845999999999e-10
65.289 0.55 -0.473 5.5496531999999995e-09 1.1413470249999999e-09 -9.555728e-10
66.345 0.414 -0.506 6.11310245e-09 1.25161582e-09 -1.06309931e-09
67.183 0.429 -0.425 6.58438235e-09 1.3311188799999998e-09 -1.151997665e-09
68.153 0.536 -0.54 5.021825899999999e-09 1.021550985e-09 -9.05217495e-10
69.187 0.462 -0.498 5.8526377e-09 1.131881205e-09 -1.033621225e-09
70.042 0.465 -0.392 6.620586699999999e-09 1.244241635e-09 -1.1613447299999998e-09
70.974 0.464 -0.467 5.9845058e-09 1.100698235e-09 -1.0643587499999998e-09
71.87 0.386 -0.433 6.90766895e-09 1.2148290699999998e-09 -1.211882035e-09
72.789 0.431 -0.533 5.6618926e-09 9.89718275e-10 -1.00110192e-09
73.602 0.386 -0.382 7.3158403499999995e-09 1.24329296e-09 -1.263588235e-09
74.432 0.38 -0.444 6.134350949999999e-09 9.99917555e-10 -1.031652895e-09
75.183 0.341 -0.371 6.0234310500000005e-09 9.97334975e-10 -1.0255281399999999e-09
75.951 0.42 -0.427 5.1106692e-09 8.401666e-10 -8.6420971e-10
76.679 0.295 -0.309 7.17608255e-09 1.16865294e-09 -1.2061403899999998e-09
77.386 0.345 -0.412 5.71063675e-09 8.97395135e-10 -9.336618200000001e-10
78.102 0.359 -0.37 5.933368349999999e-09 9.162253099999999e-10 -9.54256485e-10
78.809 0.342 -0.348 6.269827199999999e-09 9.448384399999999e-10 -9.8431424e-10
79.499 0.282 -0.348 6.806263099999999e-09 1.0093997549999999e-09 -1.04864032e-09
80.187 0.402 -0.406 5.3070062499999995e-09 7.883785000000001e-10 -8.19218855e-10
80.918 0.314 -0.329 6.7387183499999995e-09 9.779137549999999e-10 -1.01426871e-09
81.492 0.243 -0.261 8.8526438e-09 1.233850345e-09 -1.273011285e-09
82.044 0.319 -0.309 6.82540495e-09 9.617562499999998e-10 -9.8886879e-10
82.682 0.273 -0.319 7.235350849999999e-09 1.032541055e-09 -1.06478827e-09
83.247 0.344 -0.291 6.8140618e-09 9.616961899999999e-10 -9.9193458e-10
83.922 0.344 -0.332 6.3404432e-09 8.8289019e-10 -9.051715399999999e-10
84.537 0.258 -0.271 8.03403055e-09 1.11808788e-09 -1.14273068e-09
85.094 0.345 -0.299 6.33639825e-09 8.742461000000001e-10 -8.915947950000001e-10
85.683 0.286 -0.244 7.2468441499999994e-09 9.8971054e-10 -1.00983974e-09
86.247 0.31 -0.277 6.544073899999999e-09 8.90661135e-10 -9.08004825e-10
86.857 0.304 -0.301 6.41297475e-09 8.5065162e-10 -8.6429889e-10
87.496 0.288 -0.334 6.22973715e-09 8.284685500000001e-10 -8.4229509e-10
88.109 0.315 -0.325 5.8825858e-09 8.02827935e-10 -8.14037315e-10
88.735 0.291 -0.31 6.45092175e-09 8.5351812e-10 -8.666667099999999e-10
89.307 0.345 -0.281 6.194342699999999e-09 8.20779505e-10 -8.337288049999999e-10
89.972 0.316 -0.32 6.1075924e-09 8.049678e-10 -8.165766699999999e-10
90.616 0.342 -0.329 5.5619109e-09 7.59425485e-10 -7.676946549999999e-10
91.279 0.318 -0.321 6.0153184e-09 7.8967343e-10 -7.97791995e-10
91.921 0.304 -0.324 6.1178481e-09 8.045896949999999e-10 -8.1324243e-10
92.622 0.325 -0.397 5.21624285e-09 7.0696353e-10 -7.155734949999999e-10
93.341 0.352 -0.394 5.1539852e-09 6.8000205e-10 -6.8787355e-10
94.035 0.262 -0.343 6.41296565e-09 8.317258949999999e-10 -8.40280805e-10
94.629 0.293 -0.332 6.2119876e-09 8.0857686e-10 -8.17655475e-10
95.228 0.402 -0.306 5.4784184e-09 7.12875345e-10 -7.2082283e-10
95.961 0.32 -0.331 5.747778399999999e-09 7.60561165e-10 -7.675167500000001e-10
96.559 0.324 -0.277 6.282808349999999e-09 8.087952599999999e-10 -8.155133349999999e-10
97.183 0.331 -0.3 5.8100542499999995e-09 7.7226149e-10 -7.77704655e-10
97.801 0.268 -0.287 6.7412891e-09 8.7514973e-10 -8.81544755e-10
98.365 0.303 -0.296 6.3014497e-09 8.070671699999999e-10 -8.126664e-10
98.957 0.272 -0.288 6.61235575e-09 8.6706165e-10 -8.72880645e-10
99.471 0.285 -0.242 7.10567585e-09 9.19783865e-10 -9.257834949999998e-10
100.156 0.321 -0.4 5.143010599999999e-09 6.68907785e-10 -6.7191033e-10
100.778 0.255 -0.302 6.784627849999999e-09 8.59836705e-10 -8.6335067e-10
101.361 0.395 -0.327 5.030038649999999e-09 6.68172505e-10 -6.7052167e-10
102.012 0.249 -0.256 7.44572465e-09 9.562261799999999e-10 -9.59204155e-10
102.6 0.235 -0.34 6.672706949999999e-09 8.396756549999999e-10 -8.43106355e-10
103.163 0.321 -0.328 5.70655085e-09 7.4148256e-10 -7.4462115e-10
103.756 0.33 -0.271 6.28292665e-09 7.94576965e-10 -7.973797650000001e-10
104.446 0.347 -0.36 5.34914835e-09 6.74425115e-10 -6.7627014e-10
105.074 0.318 -0.281 6.3014497e-09 7.95684435e-10 -7.98167825e-10
105.72 0.32 -0.328 5.8340282e-09 7.3543652e-10 -7.374157699999999e-10
106.426 0.356 -0.386 4.932564e-09 6.3691355e-10 -6.38558375e-10
107.159 0.32 -0.377 5.243051449999999e-09 6.61544065e-10 -6.6348009e-10
107.871 0.308 -0.393 5.216365699999999e-09 6.589319099999999e-10 -6.61056305e-10
108.544 0.337 -0.364 5.1163749e-09 6.617187849999999e-10 -6.63704405e-10
109.132 0.307 -0.251 6.54546165e-09 8.253244999999999e-10 -8.2759859e-10
109.697 0.285 -0.257 4.52590684e-09 6.8931499e-10 -6.906199299999999e-10
110.229 0.301 -0.247 4.35388772e-09 6.8782441e-10 -6.89053365e-10
110.89 0.403 -0.36 4.744853749999999e-09 6.0361301e-10 -6.047769e-10
111.651 0.353 -0.357 5.150963999999999e-09 6.45771945e-10 -6.46647365e-10
112.409 0.241 -0.406 3.738159424999999e-09 5.7678894e-10 -5.7713201e-10
113.019 0.465 -0.368 4.265291939999999e-09 5.535985e-10 -5.54077615e-10
113.826 0.307 -0.343 5.6307751499999996e-09 7.05029325e-10 -7.05785535e-10
114.449 0.38 -0.316 5.334911399999999e-09 6.65191345e-10 -6.6635023e-10
115.141 0.261 -0.312 4.225818415e-09 6.537531e-10 -6.54536155e-10
115.725 0.354 -0.324 3.4680568649999997e-09 5.56850385e-10 -5.574887499999999e-10
116.441 0.348 -0.362 3.4596207099999997e-09 5.24246905e-10 -5.24600895e-10
117.086 0.365 -0.297 4.479920445e-09 6.257423899999999e-10 -6.2629749e-10
117.715 0.282 -0.264 4.489263415e-09 6.815404050000001e-10 -6.822875149999999e-10
118.368 0.291 -0.371 3.651990615e-09 5.6501172e-10 -5.656960400000001e-10
118.946 0.327 -0.287 3.994793529999999e-09 6.069354199999999e-10 -6.0771165e-10
119.604 0.35 -0.331 3.5984389349999997e-09 5.460477749999999e-10 -5.46588315e-10
120.306 0.361 -0.352 5.06814945e-09 6.413848349999999e-10 -6.418616749999999e-10
121.027 0.324 -0.359 3.486668185e-09 5.47124305e-10 -5.47252615e-10
121.759 0.377 -0.408 3.0806666799999996e-09 4.7523476e-10 -4.75496385e-10
122.45 0.322 -0.315 3.8498519149999994e-09 5.84134915e-10 -5.84697295e-10
123.137 0.249 -0.364 3.93780387e-09 6.0872994e-10 -6.09348285e-10
123.667 0.29 -0.281 4.293463264999999e-09 6.51797055e-10 -6.5250731e-10
124.384 0.412 -0.427 2.919920185e-09 4.42127595e-10 -4.42354094e-10
125.135 0.338 -0.338 3.6268518649999997e-09 5.504835699999999e-10 -5.51057325e-10
125.894 0.33 -0.421 3.21935523e-09 4.9824502e-10 -4.98889755e-10
126.515 0.392 -0.291 3.5378602350000003e-09 5.47568385e-10 -5.48283645e-10
127.19 0.33 -0.284 3.9378775800000004e-09 6.0940516e-10 -6.1018321e-10
127.896 0.329 -0.375 3.4342326199999997e-09 5.3168388e-10 -5.3241643e-10
128.526 0.341 -0.301 3.825769675e-09 5.82037365e-10 -5.8297512e-10
129.191 0.306 -0.324 3.901539004999999e-09 5.934292e-10 -5.9435285e-10
129.79 0.316 -0.293 3.98069581e-09 6.147022699999999e-10 -6.151763799999999e-10
130.403 0.265 -0.297 4.37057803e-09 6.62794405e-10 -6.6335724e-10
130.944 0.327 -0.276 4.073942145e-09 6.164958799999999e-10 -6.167356649999999e-10
131.613 0.343 -0.342 3.587280515e-09 5.4358486e-10 -5.439502249999999e-10
132.376 0.366 -0.42 3.080086555e-09 4.755919349999999e-10 -4.7595002e-10
133.031 0.267 -0.288 4.426714109999999e-09 6.7085109e-10 -6.7131519e-10
133.603 0.287 -0.306 4.08836428e-09 6.317124449999999e-10 -6.32286655e-10
134.269 0.384 -0.379 3.17346484e-09 4.916684499999999e-10 -4.924351249999999e-10
135.131 0.424 -0.478 2.6852043399999997e-09 4.1550727399999996e-10 -4.16027794e-10
135.92 0.372 -0.364 3.33599721e-09 5.0728496e-10 -5.0804299e-10
136.612 0.324 -0.32 3.760884854999999e-09 5.825255799999999e-10 -5.8339554e-10
137.305 0.443 -0.369 3.0960365799999996e-09 4.65005905e-10 -4.655105e-10
138.138 0.388 -0.391 3.0632351749999996e-09 4.8247836e-10 -4.8298068e-10
139.008 0.376 -0.482 2.8679382549999997e-09 4.3628412099999996e-10 -4.3697972499999994e-10
139.755 0.401 -0.371 3.185158795e-09 4.8394619e-10 -4.84569995e-10
140.511 0.451 -0.355 3.0515853549999995e-09 4.63879325e-10 -4.6453315999999996e-10
141.392 0.322 -0.43 3.2679615149999998e-09 4.98046185e-10 -4.9907312e-10
142.127 0.399 -0.413 3.031460705e-09 4.6272408e-10 -4.6386795e-10
142.96 0.32 -0.434 3.2602501750000002e-09 4.95659255e-10 -4.963758799999999e-10
143.681 0.412 -0.401 3.0249018799999994e-09 4.59023565e-10 -4.59479475e-10
144.512 0.325 -0.418 3.307051475e-09 5.0333374e-10 -5.04198695e-10
145.218 0.325 -0.381 3.4820199050000002e-09 5.29309235e-10 -5.300549799999999e-10
145.916 0.357 -0.373 3.3235302099999995e-09 5.142200699999999e-10 -5.14849335e-10
146.709 0.296 -0.437 3.30734677e-09 5.1193415e-10 -5.126139199999999e-10
147.325 0.338 -0.32 3.73606961e-09 5.68263605e-10 -5.691476699999999e-10
148.077 0.418 -0.413 2.9600561899999996e-09 4.5010542849999995e-10 -4.5077486999999997e-10
148.862 0.389 -0.367 4.8038263e-09 6.13882815e-10 -6.1576606e-10
149.652 0.346 -0.401 3.281125575e-09 5.19933505e-10 -5.21283035e-10
150.379 0.317 -0.381 3.5671121850000002e-09 5.55030385e-10 -5.565195999999999e-10
151.077 0.381 -0.382 3.30671432e-09 5.05905855e-10 -5.07471055e-10
151.92 0.461 -0.461 2.69949043e-09 4.1991149199999996e-10 -4.210059945e-10
152.848 0.362 -0.467 3.044102425e-09 4.6358994499999996e-10 -4.6445763e-10
153.523 0.391 -0.313 3.5821849699999997e-09 5.457037949999999e-10 -5.467694049999999e-10
154.3 0.42 -0.386 3.08677278e-09 4.79464895e-10 -4.8053096e-10
155.008 0.313 -0.289 4.19688451e-09 6.418361949999999e-10 -6.437517449999999e-10
155.691 0.504 -0.37 2.806662495e-09 4.459505505e-10 -4.47436353e-10
156.488 0.365 -0.294 3.83390553e-09 5.890520999999999e-10 -5.9155733e-10
157.175 0.491 -0.322 3.1040996349999998e-09 4.77886045e-10 -4.801815199999999e-10
158.039 0.413 -0.373 3.07204079e-09 5.022653999999999e-10 -5.0529661e-10
158.813 0.454 -0.361 3.09728055e-09 4.7880378e-10 -4.8163752e-10
159.67 0.318 -0.402 3.51255632e-09 5.388050849999999e-10 -5.408585e-10
160.511 0.358 -0.523 2.9178417449999997e-09 4.4796720149999996e-10 -4.497808315e-10
161.27 0.328 -0.401 3.522756055e-09 5.42727185e-10 -5.454448999999999e-10
162.019 0.399 -0.421 3.13303718e-09 4.82648985e-10 -4.850563899999999e-10
162.747 0.34 -0.329 3.8413074699999995e-09 5.92920055e-10 -5.9619742e-10
163.506 0.373 -0.419 3.19948993e-09 5.010814899999999e-10 -5.03318725e-10
164.342 0.435 -0.463 2.77843566e-09 4.45025581e-10 -4.4749058899999997e-10
165.134 0.388 -0.357 3.44715735e-09 5.341618099999999e-10 -5.376825999999999e-10
166.113 0.565 -0.59 2.2254500449999997e-09 3.445866515e-10 -3.467851205e-10
167.13 0.295 -0.452 3.3898937799999996e-09 5.31109215e-10 -5.33539825e-10
167.948 0.457 -0.524 2.6212913999999998e-09 4.0511075149999996e-10 -4.074843955e-10
168.72 0.324 -0.315 3.9658068449999995e-09 6.26084095e-10 -6.302523499999999e-10
169.501 0.478 -0.457 2.70670218e-09 4.2569344999999997e-10 -4.28089116e-10
170.569 0.58 -0.589 2.166381035e-09 3.397479995e-10 -3.413948265e-10
171.626 0.378 -0.478 3.000983895e-09 4.6322685499999996e-10 -4.65789415e-10
172.464 0.38 -0.46 3.01453425e-09 4.7554234e-10 -4.786090399999999e-10
173.428 0.439 -0.584 2.510350115e-09 3.8818088399999996e-10 -3.905164445e-10
174.298 0.464 -0.431 2.8697441499999997e-09 4.4652635299999996e-10 -4.499651975e-10
175.211 0.485 -0.449 2.7494466999999996e-09 4.267482765e-10 -4.2974995700000004e-10
176.185 0.481 -0.489 2.57299861e-09 4.132118445e-10 -4.158011585e-10
177.108 0.452 -0.443 2.82882327e-09 4.46246983e-10 -4.49122128e-10
178.023 0.385 -0.463 3.0260530299999995e-09 4.6591727e-10 -4.68171795e-10
178.959 0.446 -0.55 2.430542205e-09 4.035655715e-10 -4.056136175e-10
179.878 0.492 -0.472 2.5872100799999997e-09 4.136005965e-10 -4.1567544199999995e-10
180.848 0.436 -0.479 2.80992621e-09 4.3547504e-10 -4.3835791999999996e-10
181.722 0.461 -0.438 2.90736082e-09 4.5663344999999997e-10 -4.6040085e-10
182.661 0.534 -0.478 2.5234559349999997e-09 3.9974088699999996e-10 -4.027683205e-10
183.67 0.557 -0.475 2.51143074e-09 3.90619684e-10 -3.9358596549999997e-10
184.612 0.412 -0.385 3.251276665e-09 5.0788283e-10 -5.123222649999999e-10
185.637 0.478 -0.613 2.3422831249999997e-09 3.71862309e-10 -3.74899889e-10
186.794 0.552 -0.679 2.074884175e-09 3.292759925e-10 -3.3192850599999996e-10
187.737 0.405 -0.392 3.3236157499999996e-09 5.1276225e-10 -5.17003305e-10
188.47 0.347 -0.328 3.843340865e-09 5.96837605e-10 -6.011187e-10
189.347 0.598 -0.53 2.2319656449999996e-09 3.616192125e-10 -3.6473992099999997e-10
190.482 0.438 -0.537 2.620148895e-09 4.1655563949999995e-10 -4.2010946249999994e-10
191.302 0.377 -0.383 3.3139128750000003e-09 5.3170663e-10 -5.3489891e-10
192.225 0.444 -0.546 2.59401142e-09 4.070920035e-10 -4.0914173300000003e-10
193.098 0.537 -0.429 2.6968659899999997e-09 4.17513733e-10 -4.20159285e-10
194.127 0.593 -0.492 2.400636875e-09 3.71121569e-10 -3.7332904699999997e-10
195.251 0.451 -0.531 2.652882505e-09 4.1061488649999995e-10 -4.1319296199999994e-10
196.285 0.433 -0.583 2.5645984e-09 3.974136075e-10 -4.0003549949999993e-10
197.207 0.367 -0.489 3.044485535e-09 4.7288696e-10 -4.763035549999999e-10
197.953 0.437 -0.379 3.1903599e-09 4.98284605e-10 -5.02621665e-10
198.881 0.416 -0.491 2.871327095e-09 4.4600137399999994e-10 -4.4922905299999995e-10
199.834 0.419 -0.536 2.72691328e-09 4.231766629999999e-10 -4.26134254e-10
200.757 0.453 -0.504 2.7219191999999998e-09 4.21932147e-10 -4.247541935e-10
201.802 0.421 -0.592 2.5369020949999997e-09 4.00662717e-10 -4.0337406199999995e-10
202.776 0.563 -0.554 2.41337824e-09 3.74688132e-10 -3.7735202049999997e-10
203.762 0.556 -0.422 2.717876525e-09 4.358191565e-10 -4.383694315e-10
204.774 0.399 -0.455 3.2057739349999996e-09 4.9446306e-10 -4.9709478e-10
205.959 0.791 -0.787 1.73479761e-09 2.67641556e-10 -2.69083087e-10
207.326 0.525 -0.576 2.4149261499999997e-09 3.8881265149999996e-10 -3.915155335e-10
208.394 0.55 -0.542 2.43454666e-09 3.959927789999999e-10 -3.9982124e-10
209.488 0.632 -0.544 2.294679205e-09 3.64657566e-10 -3.677264955e-10
210.522 0.434 -0.402 3.273908365e-09 5.0716211e-10 -5.1046268e-10
211.459 0.696 -0.503 2.120143935e-09 3.5847680049999997e-10 -3.6019729199999997e-10
212.776 0.575 -0.62 2.2476426699999996e-09 3.5394359e-10 -3.560558365e-10
213.888 0.518 -0.537 2.471526785e-09 3.80988972e-10 -3.829576659999999e-10
215.068 0.548 -0.662 2.1552462749999996e-09 3.3378781799999996e-10 -3.35934417e-10
216.056 0.41 -0.441 3.0223397749999996e-09 4.797064999999999e-10 -4.83592655e-10
216.994 0.747 -0.528 2.014890605e-09 3.19284238e-10 -3.21731046e-10
218.318 0.509 -0.576 2.402601565e-09 3.74585757e-10 -3.7766656199999997e-10
219.488 0.589 -0.661 2.08479817e-09 3.2366556949999997e-10 -3.25961818e-10
220.735 0.573 -0.657 2.0604984399999997e-09 3.2886094149999995e-10 -3.303617135e-10
221.891 0.601 -0.584 2.20055108e-09 3.399201715e-10 -3.41868254e-10
222.996 0.478 -0.504 2.617168645e-09 4.14149736e-10 -4.1717039e-10
224.076 0.633 -0.602 2.06406382e-09 3.27010866e-10 -3.2949998899999996e-10
225.216 0.683 -0.507 2.16096153e-09 3.3683276899999995e-10 -3.3958551899999997e-10
226.564 0.614 -0.665 1.953299075e-09 3.14866825e-10 -3.1715684e-10
227.821 0.64 -0.642 2.0210736e-09 3.17004415e-10 -3.1950632349999997e-10
228.859 0.497 -0.398 2.874136265e-09 4.431262745e-10 -4.4543553599999997e-10
229.909 0.612 -0.553 2.20712492e-09 3.41193944e-10 -3.432197405e-10
231.029 0.584 -0.508 2.354475305e-09 3.6552051899999994e-10 -3.6810937799999997e-10
232.138 0.454 -0.524 2.55353826e-09 4.1529396999999997e-10 -4.1929733299999997e-10
233.15 0.467 -0.558 2.50987464e-09 3.9241902699999996e-10 -3.959418645e-10
234.064 0.431 -0.447 2.884704095e-09 4.5709027e-10 -4.6058739999999996e-10
235.077 0.654 -0.581 2.091224135e-09 3.2546650499999996e-10 -3.279940755e-10
236.339 0.516 -0.608 2.29681179e-09 3.5687319849999995e-10 -3.59484944e-10
237.397 0.7 -0.542 2.07961936e-09 3.23112153e-10 -3.25470054e-10
238.809 0.944 -0.712 1.5369053699999999e-09 2.429868805e-10 -2.4470009199999997e-10
240.237 0.547 -0.483 2.5070240649999997e-09 3.8891793849999994e-10 -3.915993445e-10
241.528 0.684 -0.745 1.807679055e-09 2.80786142e-10 -2.8281776249999997e-10
242.924 0.597 -0.712 1.972268025e-09 3.0508232299999997e-10 -3.0694390999999997e-10
244.13 0.575 -0.608 2.151678165e-09 3.407808495e-10 -3.4334518399999997e-10
245.307 0.481 -0.603 2.418836875e-09 3.819503415e-10 -3.845172695e-10
246.57 0.592 -0.782 1.98007173e-09 3.061262295e-10 -3.079531455e-10
247.785 0.687 -0.624 2.014926095e-09 3.236964185e-10 -3.25754338e-10
249.184 0.837 -0.711 1.7570284550000001e-09 2.74877785e-10 -2.773893395e-10
250.595 0.438 -0.575 2.6481919099999998e-09 4.248188945e-10 -4.2945448e-10
251.621 0.646 -0.588 2.2026704699999996e-09 3.46350095e-10 -3.49979266e-10
252.902 0.669 -0.635 2.08542334e-09 3.24070019e-10 -3.26452854e-10
254.048 0.452 -0.476 2.9283809100000003e-09 4.536486045e-10 -4.56604785e-10
255.184 0.562 -0.684 2.1837360999999997e-09 3.3779564e-10 -3.3986047549999997e-10
256.255 0.615 -0.51 2.3093283849999997e-09 3.66488304e-10 -3.694399345e-10
257.419 0.405 -0.549 2.69435348e-09 4.2800912699999997e-10 -4.3156422399999996e-10
258.456 0.57 -0.633 2.10544516e-09 3.3822925499999997e-10 -3.403771735e-10
259.711 0.604 -0.684 1.9947099899999998e-09 3.155096945e-10 -3.17773183e-10
260.916 0.493 -0.601 2.382220295e-09 3.71240688e-10 -3.7425328849999993e-10
262.021 0.651 -0.612 2.03403928e-09 3.230483165e-10 -3.2571266e-10
263.326 0.537 -0.655 2.186696785e-09 3.3764417049999997e-10 -3.395424305e-10
264.468 0.537 -0.605 2.21692198e-09 3.564003625e-10 -3.587310545e-10
265.68 0.726 -0.674 1.861582905e-09 2.877751695e-10 -2.8948100999999997e-10
267.108 0.622 -0.702 1.937850915e-09 3.0067582999999997e-10 -3.027632335e-10
268.558 0.735 -0.829 1.63689526e-09 2.53915207e-10 -2.556589035e-10
269.857 0.443 -0.564 2.542126405e-09 3.92788032e-10 -3.95069038e-10
271.256 0.918 -0.955 1.346922395e-09 2.116822435e-10 -2.12831346e-10
272.803 0.716 -0.629 1.9031862850000002e-09 2.922577385e-10 -2.934572095e-10
274.125 0.702 -0.606 1.9017452999999997e-09 3.0450142449999995e-10 -3.061609005e-10
275.346 0.473 -0.52 2.5785864649999997e-09 3.974763975e-10 -3.995252625e-10
276.547 0.841 -0.728 1.609796825e-09 2.540108025e-10 -2.556667295e-10
278.002 0.534 -0.614 2.22565343e-09 3.4839163449999994e-10 -3.4989686549999997e-10
279.214 0.643 -0.677 1.93472097e-09 3.03462341e-10 -3.0493977149999996e-10
280.636 0.763 -0.78 1.679710305e-09 2.620274475e-10 -2.642208205e-10
281.985 0.62 -0.586 2.08673829e-09 3.365814725e-10 -3.390843365e-10
283.348 0.645 -0.743 1.8671097900000003e-09 2.898743575e-10 -2.919333235e-10
284.568 0.729 -0.575 1.9867747899999998e-09 3.0900833599999997e-10 -3.113531785e-10
285.917 0.621 -0.62 2.0566818999999998e-09 3.240660605e-10 -3.2605149849999997e-10
287.119 0.641 -0.58 2.0926077899999997e-09 3.2844812e-10 -3.30113511e-10
288.554 0.49 -0.795 2.003343615e-09 3.1578046499999997e-10 -3.177497505e-10
289.625 0.669 -0.582 2.030028e-09 3.260748855e-10 -3.281343065e-10
291.039 0.485 -0.744 2.1259693e-09 3.30261841e-10 -3.32660874e-10
292.29 0.809 -0.766 1.63623096e-09 2.571243675e-10 -2.585107525e-10
293.665 0.697 -0.566 2.06904425e-09 3.18434207e-10 -3.1993652599999995e-10
295.029 0.595 -0.668 2.06907519e-09 3.1909086299999997e-10 -3.20776911e-10
296.356 0.875 -0.731 1.60361474e-09 2.51566133e-10 -2.528031415e-10
297.94 0.64 -0.709 1.9380452e-09 3.0159533949999997e-10 -3.039285795e-10
299.184 0.6 -0.604 2.13897866e-09 3.32902752e-10 -3.354885625e-10
300.583 0.785 -0.798 1.6033471999999998e-09 2.534299495e-10 -2.55199399e-10
301.994 0.628 -0.627 2.0533485699999998e-09 3.20788195e-10 -3.236025975e-10
303.165 0.523 -0.543 2.41671248e-09 3.75362442e-10 -3.78070238e-10
304.513 0.783 -0.825 1.372890155e-09 2.562630525e-10 -2.574779935e-10
306.151 0.669 -0.855 1.64099754e-09 2.63101566e-10 -2.64629911e-10
307.672 0.791 -0.851 1.546010375e-09 2.4342572799999997e-10 -2.448717635e-10
309.171 0.617 -0.709 1.9486021099999998e-09 3.02352778e-10 -3.044525575e-10
310.505 0.687 -0.717 1.82211848e-09 2.8610063299999997e-10 -2.8757911e-10
311.708 0.452 -0.516 2.6427410099999997e-09 4.16774631e-10 -4.19423914e-10
312.745 0.654 -0.585 2.095485665e-09 3.258907925e-10 -3.2835616449999995e-10
314.147 0.73 -0.749 1.705032875e-09 2.7608221549999996e-10 -2.784215525e-10
315.501 0.71 -0.624 1.94461085e-09 3.02943732e-10 -3.053750245e-10
316.771 0.662 -0.56 2.09265147e-09 3.310933535e-10 -3.33493979e-10
318.153 0.562 -0.719 2.025635885e-09 3.168804275e-10 -3.19773363e-10
319.329 0.552 -0.615 2.22328652e-09 3.47782526e-10 -3.5095205599999996e-10
320.639 0.584 -0.758 1.9216288e-09 2.98912614e-10 -3.011906625e-10
321.93 0.752 -0.707 1.741771395e-09 2.77075981e-10 -2.7948279449999997e-10
323.367 0.732 -0.686 1.8179461299999998e-09 2.81146866e-10 -2.828479745e-10
324.977 0.827 -0.878 1.490847995e-09 2.360772505e-10 -2.3783982949999997e-10
326.416 0.587 -0.612 2.119053755e-09 3.34269663e-10 -3.36421358e-10
327.642 0.683 -0.639 1.89444892e-09 3.02245307e-10 -3.0359374499999997e-10
329.197 0.654 -0.872 1.6164252649999999e-09 2.63828019e-10 -2.6529634949999996e-10
330.535 0.893 -0.683 1.6750406399999998e-09 2.61296308e-10 -2.629733925e-10
332.106 0.813 -0.678 1.8094794899999998e-09 2.81996715e-10 -2.8428672999999997e-10
333.377 0.561 -0.459 2.64629001e-09 4.1166015799999995e-10 -4.148022515e-10
334.554 0.765 -0.615 1.954026165e-09 3.03324658e-10 -3.05467526e-10
336.068 0.918 -0.749 1.572102805e-09 2.535234065e-10 -2.55394139e-10
337.805 1.015 -0.82 1.47075474e-09 2.2777136199999998e-10 -2.29235552e-10
339.504 0.663 -0.684 1.974510265e-09 3.1230340049999997e-10 -3.1454113599999996e-10
341.225 0.774 -1.058 1.443667225e-09 2.27734598e-10 -2.29201791e-10
342.832 0.517 -0.833 1.722027125e-09 3.16449224e-10 -3.18355856e-10
343.971 0.692 -0.621 2.03191443e-09 3.150384965e-10 -3.171597975e-10
345.361 0.649 -0.698 1.952668445e-09 3.10356956e-10 -3.129840805e-10
346.848 0.658 -0.838 1.7576609050000001e-09 2.77589221e-10 -2.794597715e-10
348.325 0.652 -0.819 1.8132446149999998e-09 2.81905715e-10 -2.840149585e-10
349.685 0.683 -0.708 1.835518685e-09 2.9907791549999995e-10 -3.0059843449999996e-10
351.274 0.909 -0.906 1.46655236e-09 2.2727527549999998e-10 -2.287778675e-10
352.893 0.815 -0.71 1.637160525e-09 2.621876075e-10 -2.6362991199999995e-10
354.543 0.77 -0.835 1.60120324e-09 2.480820615e-10 -2.497074125e-10
355.996 0.692 -0.683 1.8683555799999997e-09 2.87794416e-10 -2.89221023e-10
357.438 0.769 -0.751 1.667038555e-09 2.61701986e-10 -2.63043053e-10
359.093 0.906 -0.886 1.434230525e-09 2.209651535e-10 -2.22069939e-10
360.81 0.702 -0.812 1.697143175e-09 2.631811e-10 -2.649688405e-10
362.338 0.699 -0.825 1.636609065e-09 2.635900085e-10 -2.65447182e-10
363.795 0.773 -0.757 1.67681241e-09 2.6032679399999997e-10 -2.621754135e-10
365.424 0.768 -0.856 1.57946789e-09 2.445643655e-10 -2.46125243e-10
366.956 0.634 -0.764 1.808492595e-09 2.854087145e-10 -2.872815855e-10
368.353 0.741 -0.763 1.7065648599999999e-09 2.63427346e-10 -2.64886349e-10
369.902 0.622 -0.808 1.7936195549999998e-09 2.7935898899999996e-10 -2.815806175e-10
371.359 0.889 -0.835 1.4669650449999997e-09 2.3188838399999998e-10 -2.335127795e-10
372.973 0.851 -0.725 1.6047122e-09 2.5351462499999996e-10 -2.5524931249999996e-10
374.678 0.696 -0.854 1.65705449e-09 2.5547289949999997e-10 -2.568022275e-10
376.184 0.836 -0.81 1.538062435e-09 2.4246690649999997e-10 -2.4398706149999995e-10
377.68 0.549 -0.661 2.1225313199999998e-09 3.2883118449999997e-10 -3.309795125e-10
379.019 0.674 -0.79 1.75371378e-09 2.71678862e-10 -2.7344949449999997e-10
380.558 0.988 -0.864 1.366670305e-09 2.1481605599999999e-10 -2.1599072949999997e-10
382.353 0.717 -0.808 1.6360698899999998e-09 2.6178283949999996e-10 -2.631608525e-10
383.696 0.771 -0.626 1.81259533e-09 2.8485020199999995e-10 -2.86392106e-10
385.038 0.847 -0.571 1.78564295e-09 2.805583235e-10 -2.820615525e-10
386.717 0.899 -0.832 1.462665295e-09 2.297625785e-10 -2.30979931e-10
388.475 0.826 -0.859 1.5028063049999999e-09 2.36157103e-10 -2.374327865e-10
390.042 0.572 -0.741 1.928417855e-09 3.03273334e-10 -3.0497571649999997e-10
391.487 1.111 -0.873 1.294860385e-09 2.002306215e-10 -2.0143700849999998e-10
393.319 0.664 -0.722 1.800465485e-09 2.88942927e-10 -2.90698226e-10
395.175 0.814 -1.191 1.273254255e-09 2.0130596849999997e-10 -2.02726524e-10
397.004 0.874 -1.015 1.3748507499999999e-09 2.14248671e-10 -2.1598577e-10
398.661 0.692 -0.783 1.7361230250000001e-09 2.754100895e-10 -2.7760173349999996e-10
400.353 0.897 -1.0 1.33059745e-09 2.1466699799999998e-10 -2.162771065e-10
402.03 0.818 -0.781 1.6241211349999998e-09 2.52873439e-10 -2.54865156e-10
403.921 1.006 -1.072 1.2322501099999998e-09 1.953896945e-10 -1.969209515e-10
405.927 0.938 -1.0 1.3162076199999999e-09 2.0903573599999998e-10 -2.1076291599999998e-10
407.712 0.888 -0.848 1.4666424499999998e-09 2.3297547e-10 -2.349132695e-10
409.503 0.929 -0.902 1.391115635e-09 2.202211375e-10 -2.218507655e-10
411.293 0.749 -0.861 1.6046152849999998e-09 2.487084145e-10 -2.503643415e-10
412.896 0.952 -0.854 1.43069927e-09 2.214227925e-10 -2.2280776700000001e-10
414.911 1.148 -1.064 1.15160318e-09 1.8172181299999997e-10 -1.829094995e-10
416.855 0.842 -0.796 1.5486653e-09 2.492460425e-10 -2.509536575e-10
418.495 0.854 -0.797 1.53736492e-09 2.479117095e-10 -2.497407185e-10
420.041 0.543 -0.692 2.0557031949999997e-09 3.32152275e-10 -3.347782165e-10
421.568 0.778 -0.985 1.4818967799999997e-09 2.317505645e-10 -2.3384797800000003e-10
423.244 0.961 -0.898 1.36523751e-09 2.2095951149999998e-10 -2.2280499149999999e-10
425.338 0.768 -1.132 1.33582176e-09 2.15371884e-10 -2.1695009699999998e-10
426.844 0.751 -0.738 1.7242634499999999e-09 2.7243839349999996e-10 -2.74314131e-10
428.481 0.998 -0.886 1.3206579749999998e-09 2.1622391699999998e-10 -2.176108935e-10
430.31 1.138 -0.831 1.26339122e-09 2.0725309149999999e-10 -2.086921655e-10
432.391 0.883 -0.942 1.424072195e-09 2.2207316949999997e-10 -2.2391491849999999e-10
433.94 0.694 -0.667 1.8826853499999996e-09 2.98557896e-10 -3.009064695e-10
435.365 0.768 -0.73 1.7353090299999999e-09 2.70172084e-10 -2.722964335e-10
437.075 0.896 -0.942 1.40910588e-09 2.1910825299999997e-10 -2.20756991e-10
438.676 1.078 -0.705 1.41865815e-09 2.239723395e-10 -2.2546578599999998e-10
440.97 1.196 -1.216 1.06347514e-09 1.643748925e-10 -1.653444975e-10
443.06 0.959 -0.895 1.3642246799999998e-09 2.1415944549999997e-10 -2.1525581349999997e-10
444.944 0.959 -0.925 1.28402092e-09 2.127882575e-10 -2.137553145e-10
446.714 0.882 -0.81 1.4947377899999998e-09 2.34577434e-10 -2.357590235e-10
448.704 1.248 -1.108 1.081178735e-09 1.70065623e-10 -1.710290855e-10
450.711 0.539 -0.76 1.967108325e-09 3.10781653e-10 -3.129141015e-10
452.14 0.656 -0.89 1.6763869850000002e-09 2.610526555e-10 -2.6311967499999997e-10
453.472 0.677 -0.676 1.8894466499999997e-09 2.9900074749999997e-10 -3.0118397399999997e-10
455.109 0.879 -0.961 1.38876465e-09 2.189130125e-10 -2.2028042399999997e-10
456.792 0.658 -0.805 1.7722354649999998e-09 2.734866225e-10 -2.749804785e-10
458.122 0.824 -0.672 1.657617325e-09 2.696762705e-10 -2.70938031e-10
459.911 0.967 -0.965 1.33754075e-09 2.064945155e-10 -2.0764689399999998e-10
461.682 0.668 -0.804 1.756416935e-09 2.715608805e-10 -2.73185458e-10
463.468 0.985 -1.118 1.211372435e-09 1.907849125e-10 -1.9193187649999997e-10
465.494 0.921 -1.042 1.316911505e-09 2.03904974e-10 -2.0520554599999998e-10
467.144 0.764 -0.729 1.6819034050000001e-09 2.698823855e-10 -2.715128325e-10
468.809 0.843 -0.901 1.462024655e-09 2.303891135e-10 -2.318089865e-10
470.761 0.913 -1.11 1.266642195e-09 1.9945561999999998e-10 -2.00645445e-10
472.444 0.902 -0.77 1.532098295e-09 2.4119336149999996e-10 -2.4261491799999996e-10
474.282 1.128 -0.936 1.241532565e-09 1.957711665e-10 -1.9701236099999999e-10
476.478 0.93 -1.068 1.3010133499999999e-09 2.0210390199999997e-10 -2.035718685e-10
478.799 0.931 -1.39 1.11955207e-09 1.7443507899999998e-10 -1.7584162049999999e-10
480.716 1.044 -0.986 1.319994585e-09 2.061875725e-10 -2.0798914499999996e-10
482.606 0.955 -0.846 1.5044766100000002e-09 2.3559754399999997e-10 -2.3781325749999996e-10
484.494 1.058 -0.933 1.341204865e-09 2.140133905e-10 -2.1604946999999998e-10
486.276 0.681 -0.725 1.92723258e-09 3.02775746e-10 -3.05880666e-10
487.795 0.765 -0.838 1.66571314e-09 2.6622768899999997e-10 -2.68874879e-10
489.43 0.948 -0.871 1.489743255e-09 2.333596265e-10 -2.35572519e-10
491.335 1.03 -0.957 1.275915095e-09 2.0620440749999996e-10 -2.0784713950000002e-10
493.127 0.752 -0.762 1.7119243049999999e-09 2.6665347799999996e-10 -2.68782878e-10
494.873 1.104 -0.994 1.21803227e-09 1.929980325e-10 -1.9447382499999998e-10
497.039 0.977 -1.062 1.2168310699999998e-09 1.997190195e-10 -2.011337965e-10
498.964 1.023 -0.948 1.3148321549999999e-09 2.049328645e-10 -2.066044435e-10
501.113 0.821 -1.126 1.3313668549999999e-09 2.078879075e-10 -2.09684202e-10
502.721 0.62 -0.787 1.8142447050000001e-09 2.8839983899999997e-10 -2.9085401799999996e-10
504.349 0.805 -1.008 1.42868817e-09 2.227519385e-10 -2.24588364e-10
505.909 0.78 -0.755 1.6869311549999998e-09 2.6247712400000003e-10 -2.6449736949999996e-10
507.707 0.91 -1.018 1.315381795e-09 2.1302813349999996e-10 -2.1445442199999997e-10
509.923 0.894 -1.305 1.161053075e-09 1.837639895e-10 -1.8511402e-10
511.494 0.746 -0.677 1.8250527749999999e-09 2.841805785e-10 -2.86424775e-10
513.44 1.222 -1.2 1.084350995e-09 1.7511043549999997e-10 -1.76469475e-10
515.437 0.616 -0.776 1.914942575e-09 3.044339935e-10 -3.07031725e-10
516.722 0.673 -0.669 1.9860554349999997e-09 3.1613277149999997e-10 -3.18934798e-10
518.344 0.833 -0.95 1.5161309799999998e-09 2.371683405e-10 -2.39331729e-10
519.974 0.822 -0.797 1.621758775e-09 2.622532185e-10 -2.6438421099999995e-10
521.659 1.119 -0.863 1.34424654e-09 2.132879385e-10 -2.1499673649999998e-10
523.435 0.582 -0.657 2.060567145e-09 3.26320813e-10 -3.287684855e-10
524.584 0.69 -0.568 2.0558060249999997e-09 3.194980425e-10 -3.218569445e-10
526.197 0.922 -0.923 1.40160566e-09 2.174156985e-10 -2.189101005e-10
527.918 0.655 -0.799 1.7536368849999998e-09 2.764010795e-10 -2.7812056999999997e-10
529.575 0.866 -1.003 1.36450314e-09 2.1492539249999997e-10 -2.1622378049999999e-10
531.271 1.037 -0.831 1.38424013e-09 2.14084416e-10 -2.153832135e-10
533.412 1.004 -1.103 1.1588031e-09 1.92616333e-10 -1.93651367e-10
535.709 1.284 -1.294 9.76750775e-10 1.569459255e-10 -1.579522035e-10
537.728 0.546 -0.735 2.02342504e-09 3.14301715e-10 -3.165782165e-10
539.347 0.972 -1.073 1.249853605e-09 1.9724309149999999e-10 -1.98536975e-10
541.416 1.044 -1.098 1.21003519e-09 1.8722508349999997e-10 -1.88383468e-10
543.38 0.669 -0.92 1.5848960400000001e-09 2.54076641e-10 -2.555461545e-10
544.863 0.81 -0.814 1.574875575e-09 2.485070315e-10 -2.5012942499999997e-10
546.555 1.12 -0.882 1.29679732e-09 2.01570551e-10 -2.0306731899999999e-10
548.635 0.822 -0.96 1.4144553149999998e-09 2.281274905e-10 -2.298201815e-10
550.374 0.942 -0.917 1.396091515e-09 2.176373745e-10 -2.194230675e-10
552.058 0.928 -0.741 1.5331384249999999e-09 2.433540655e-10 -2.4532917499999996e-10
553.801 0.831 -0.815 1.5546858599999999e-09 2.4624599999999997e-10 -2.481033555e-10
555.583 0.859 -0.952 1.3761552350000001e-09 2.2520466149999998e-10 -2.26620576e-10
557.429 1.072 -0.987 1.26524125e-09 1.959051185e-10 -1.9715486699999998e-10
559.408 1.012 -0.907 1.356711265e-09 2.10523131e-10 -2.11989414e-10
561.415 0.966 -0.995 1.3283834199999998e-09 2.06826347e-10 -2.0845488300000002e-10
563.702 0.945 -1.321 1.1162687899999999e-09 1.80077079e-10 -1.81424425e-10
565.48 0.822 -0.832 1.57160913e-09 2.443752675e-10 -2.46213786e-10
567.378 0.995 -1.075 1.23532227e-09 1.9518185049999998e-10 -1.96525056e-10
569.101 0.743 -0.728 1.7387006e-09 2.7488006e-10 -2.76816085e-10
570.479 0.769 -0.634 1.8488106e-09 2.874939795e-10 -2.8966109899999995e-10
572.058 0.98 -0.809 1.40863905e-09 2.27086314e-10 -2.2874365149999997e-10
574.013 1.072 -0.974 1.2684449049999998e-09 1.9761710149999998e-10 -1.99206189e-10
576.471 1.383 -1.387 9.19976785e-10 1.45933151e-10 -1.4709244549999999e-10
579.039 1.163 -1.185 1.0977348199999999e-09 1.707540835e-10 -1.720555655e-10
581.029 0.825 -0.826 1.516867625e-09 2.436567315e-10 -2.451983625e-10
582.927 0.954 -1.074 1.25295261e-09 1.9731793899999998e-10 -1.984998925e-10
584.837 0.795 -0.956 1.4095476849999999e-09 2.2991841599999998e-10 -2.3115951949999996e-10
586.67 1.384 -1.038 1.0526971e-09 1.6559015199999998e-10 -1.665298635e-10
589.186 0.944 -1.132 1.21664907e-09 1.95234039e-10 -1.96415401e-10
591.287 0.998 -1.157 1.172443545e-09 1.8876302899999999e-10 -1.900742025e-10
593.079 0.812 -0.795 1.595422465e-09 2.526877535e-10 -2.5459101849999997e-10
595.05 1.03 -1.158 1.08651634e-09 1.880107775e-10 -1.89108192e-10
597.064 0.822 -0.984 1.39261759e-09 2.2361329899999996e-10 -2.2500509849999998e-10
599.015 1.085 -1.13 1.1503801400000001e-09 1.7772832349999998e-10 -1.787549855e-10
601.015 0.757 -0.915 1.5019163249999998e-09 2.353840125e-10 -2.364813815e-10
602.406 0.866 -0.633 1.674740795e-09 2.620910565e-10 -2.63208764e-10
604.272 0.957 -1.0 1.283443525e-09 2.018426865e-10 -2.0297531799999998e-10
606.324 1.066 -1.094 1.1460922199999999e-09 1.848883855e-10 -1.8627094850000002e-10
608.19 1.299 -0.801 1.199679845e-09 1.9061733599999997e-10 -1.922154325e-10
610.553 1.089 -1.064 1.174255355e-09 1.8515105699999999e-10 -1.86321317e-10
612.538 0.738 -0.897 1.5684441499999999e-09 2.419177215e-10 -2.432061905e-10
614.207 1.069 -0.931 1.26408919e-09 1.988355915e-10 -1.99962035e-10
616.305 1.105 -1.029 1.150732765e-09 1.88214663e-10 -1.8937068149999998e-10
618.26 0.857 -0.85 1.5011396399999999e-09 2.3292728549999997e-10 -2.34547586e-10
619.898 0.959 -0.781 1.450421245e-09 2.283329685e-10 -2.2967790299999999e-10
621.857 0.936 -0.999 1.28490999e-09 2.052461775e-10 -2.062306155e-10
623.783 1.07 -0.99 1.224978755e-09 1.9223699949999998e-10 -1.93203647e-10
625.574 0.859 -0.721 1.62057714e-09 2.50335449e-10 -2.51772066e-10
627.249 0.909 -0.815 1.442706265e-09 2.3129924999999999e-10 -2.3264177300000002e-10
629.037 0.725 -0.88 1.574303185e-09 2.481157315e-10 -2.496539955e-10
630.92 0.858 -1.158 1.2255588799999998e-09 2.002566475e-10 -2.014333685e-10
632.992 0.951 -1.214 1.18446146e-09 1.88011915e-10 -1.8918103749999998e-10
635.037 1.032 -1.094 1.19659813e-09 1.88459453e-10 -1.895928125e-10
636.861 0.902 -0.792 1.502041905e-09 2.36355483e-10 -2.377195275e-10
638.709 1.06 -0.947 1.286025195e-09 1.9872211449999998e-10 -1.998806355e-10
640.707 1.093 -0.937 1.2523633849999999e-09 1.96905436e-10 -1.9799761799999997e-10
642.937 0.935 -1.138 1.243933145e-09 1.9211606049999998e-10 -1.932082425e-10
644.797 0.95 -0.925 1.374934015e-09 2.1237106799999998e-10 -2.1358468949999998e-10
646.415 0.418 -0.668 2.375686495e-09 3.669852095e-10 -3.690929515e-10
647.678 0.886 -0.845 1.48938244e-09 2.300705225e-10 -2.3139120549999998e-10
649.608 0.785 -1.044 1.389596845e-09 2.1841001000000002e-10 -2.19601655e-10
651.355 0.94 -0.962 1.269391305e-09 2.1057409100000002e-10 -2.1158919599999997e-10
653.52 1.308 -1.225 1.008014735e-09 1.5548783249999998e-10 -1.5631902649999997e-10
655.753 0.787 -0.925 1.470826175e-09 2.306693935e-10 -2.31788466e-10
657.851 1.014 -1.311 1.09826262e-09 1.69209313e-10 -1.70059071e-10
659.945 1.017 -1.08 1.2001230149999999e-09 1.8879701749999998e-10 -1.89872774e-10
662.428 1.126 -1.466 9.693051549999999e-10 1.55821484e-10 -1.568400925e-10
664.58 0.757 -1.025 1.4554471750000001e-09 2.2618618749999997e-10 -2.27853899e-10
666.528 0.916 -1.19 1.2317113899999999e-09 1.915455815e-10 -1.92992618e-10
668.468 0.853 -1.024 1.38232458e-09 2.1485363899999997e-10 -2.16446139e-10
670.436 0.925 -1.115 1.2533015949999998e-09 1.979123965e-10 -1.9924463649999999e-10
672.394 0.983 -1.033 1.290810885e-09 2.00111184e-10 -2.014547535e-10
674.473 1.275 -1.096 1.09902793e-09 1.708166005e-10 -1.720813185e-10
676.68 1.022 -0.931 1.3151929699999999e-09 2.087560475e-10 -2.1044923899999996e-10
678.704 0.918 -1.002 1.318999045e-09 2.1349191499999998e-10 -2.152793825e-10
680.881 0.904 -1.259 1.18756001e-09 1.8909768149999997e-10 -1.9079132799999999e-10
682.809 0.97 -1.024 1.2435332e-09 2.0489819349999997e-10 -2.06563175e-10
684.714 1.202 -0.935 1.200748185e-09 1.8666475099999996e-10 -1.8805659599999997e-10
687.096 0.966 -1.18 1.195755925e-09 1.8471876149999998e-10 -1.857804585e-10
688.848 1.043 -0.786 1.402798215e-09 2.1678124649999998e-10 -2.1804901299999998e-10
691.246 1.265 -1.355 9.5107922e-10 1.527097845e-10 -1.5365868700000001e-10
693.824 0.999 -1.312 1.08512404e-09 1.745471e-10 -1.7571717799999998e-10
695.834 1.127 -1.011 1.2125235849999998e-09 1.883862435e-10 -1.8976234549999997e-10
698.53 1.493 -1.569 8.46869205e-10 1.314381705e-10 -1.32361138e-10
700.784 0.737 -0.761 1.7309856200000002e-09 2.679237925e-10 -2.6960692849999997e-10
702.892 1.143 -1.371 1.016745275e-09 1.59924128e-10 -1.60828759e-10
705.123 1.046 -1.088 1.2078302599999999e-09 1.8676248499999996e-10 -1.878849245e-10
707.119 1.069 -0.951 1.2751629799999998e-09 1.9727730750000002e-10 -1.984911565e-10
709.089 1.068 -0.901 1.30741702e-09 2.02062952e-10 -2.0325050199999996e-10
711.298 1.121 -1.141 1.1224658899999998e-09 1.76288749e-10 -1.772135365e-10
713.875 1.215 -1.457 9.494899049999999e-10 1.491120085e-10 -1.49891469e-10
716.22 1.085 -1.13 1.139637135e-09 1.79196927e-10 -1.8019501499999998e-10
718.549 1.26 -1.243 9.938369349999998e-10 1.5900625649999998e-10 -1.598390885e-10
720.796 1.315 -0.988 1.0647500499999999e-09 1.730991535e-10 -1.73874701e-10
723.167 0.871 -1.056 1.310108345e-09 2.052267945e-10 -2.0615704199999997e-10
724.937 0.862 -0.9 1.4558439349999999e-09 2.243284225e-10 -2.25462328e-10
727.368 1.35 -1.569 8.80263475e-10 1.39263579e-10 -1.40003409e-10
729.819 1.214 -1.101 1.1014034849999999e-09 1.733825275e-10 -1.74402228e-10
732.297 1.204 -1.263 1.048065655e-09 1.624329525e-10 -1.635110295e-10
734.573 1.132 -1.073 1.1565372e-09 1.8275802999999998e-10 -1.8402229299999997e-10
736.678 0.973 -0.973 1.30882115e-09 2.07203178e-10 -2.0873921249999998e-10
739.222 1.2 -1.571 9.060647049999999e-10 1.4581457799999998e-10 -1.4681089149999998e-10
741.468 1.01 -1.047 1.256219965e-09 1.9468667399999998e-10 -1.95976963e-10
743.456 0.691 -0.978 1.548180725e-09 2.39772806e-10 -2.4131825899999996e-10
745.185 1.105 -1.038 1.18891955e-09 1.87537532e-10 -1.887436005e-10
747.314 0.936 -1.024 1.317069845e-09 2.0428653699999998e-10 -2.0568643549999998e-10
749.714 1.129 -1.465 9.8097818e-10 1.5467279099999998e-10 -1.55649949e-10
751.947 0.833 -1.103 1.3145960099999998e-09 2.069863705e-10 -2.0821550749999997e-10
753.628 0.853 -0.848 1.496091415e-09 2.35278225e-10 -2.3659749749999996e-10
755.616 1.251 -1.135 1.082013205e-09 1.6691533949999998e-10 -1.678112345e-10
758.067 1.179 -1.201 1.07283722e-09 1.6843449349999998e-10 -1.693014505e-10
760.587 1.234 -1.34 9.94014385e-10 1.56716469e-10 -1.577031365e-10
762.879 1.148 -1.058 1.1767250949999999e-09 1.82840658e-10 -1.841805875e-10
765.243 1.36 -1.216 1.00769032e-09 1.562647905e-10 -1.573261235e-10
767.785 0.875 -1.181 1.25916791e-09 1.94800333e-10 -1.9599830249999998e-10
769.584 1.243 -0.924 1.166514895e-09 1.834130025e-10 -1.8443174749999998e-10
772.007 1.136 -1.18 1.091246975e-09 1.712795175e-10 -1.721488405e-10
774.198 1.002 -1.055 1.2468601599999999e-09 1.92233769e-10 -1.9323499649999997e-10
776.811 1.662 -1.611 7.61008885e-10 1.216758725e-10 -1.222913055e-10
779.87 1.09 -1.397 1.034687745e-09 1.63641023e-10 -1.648094175e-10
782.385 1.204 -1.424 9.84321975e-10 1.56912392e-10 -1.58364479e-10
784.761 1.187 -1.172 1.09641441e-09 1.74441358e-10 -1.759657445e-10
787.014 1.118 -1.067 1.20103711e-09 1.87152056e-10 -1.8866670549999998e-10
789.073 0.952 -0.941 1.379223755e-09 2.14533774e-10 -2.1616740599999998e-10
791.133 1.198 -1.108 1.10069323e-09 1.7400287449999998e-10 -1.75225323e-10
793.79 1.165 -1.459 9.6712525e-10 1.5265145349999999e-10 -1.53660052e-10
795.848 0.949 -0.893 1.39822501e-09 2.1660165799999997e-10 -2.180121125e-10
798.108 1.018 -1.311 1.105538525e-09 1.711280935e-10 -1.722063525e-10
800.478 0.859 -1.353 1.1643126949999998e-09 1.8026249149999997e-10 -1.8140827249999998e-10
802.648 1.4 -1.311 9.4968419e-10 1.47007133e-10 -1.4793451399999998e-10
805.214 1.019 -1.166 1.16177334e-09 1.8265151450000002e-10 -1.836616145e-10
807.168 0.984 -0.935 1.341339545e-09 2.068988285e-10 -2.08003523e-10
809.396 0.766 -1.243 1.26364784e-09 1.985386585e-10 -1.996011745e-10
811.465 1.428 -1.303 9.3533622e-10 1.44568242e-10 -1.454208665e-10
814.126 1.163 -1.233 1.0468303299999998e-09 1.6428812399999999e-10 -1.6511626949999998e-10
816.319 0.858 -1.03 1.34825509e-09 2.0709952899999997e-10 -2.0796725949999998e-10
818.481 1.102 -1.305 1.04220389e-09 1.62945692e-10 -1.63597525e-10
820.599 1.408 -1.015 1.036886305e-09 1.62617546e-10 -1.63407062e-10
823.358 1.416 -1.351 9.326471699999999e-10 1.4421552599999998e-10 -1.45083211e-10
825.909 1.259 -1.135 1.04672932e-09 1.67887538e-10 -1.68881804e-10
828.59 1.303 -1.422 9.4665662e-10 1.468101635e-10 -1.4781002599999998e-10
831.163 1.328 -1.269 9.64779725e-10 1.5530437649999999e-10 -1.563765385e-10
833.834 1.326 -1.342 9.6198102e-10 1.4933891699999999e-10 -1.50396974e-10
836.234 0.943 -1.074 1.25430123e-09 1.9740757399999998e-10 -1.985563125e-10
838.751 1.175 -1.574 9.07313225e-10 1.4501527949999997e-10 -1.457342705e-10
841.612 1.472 -1.686 7.7865879e-10 1.265442815e-10 -1.27099063e-10
844.505 1.36 -1.421 9.23619515e-10 1.45208154e-10 -1.46010501e-10
847.389 1.34 -1.524 9.09628265e-10 1.4127586199999998e-10 -1.422941065e-10
850.151 1.256 -1.421 9.73078925e-10 1.5115932649999998e-10 -1.52256741e-10
852.772 1.19 -1.365 9.8865767e-10 1.58921763e-10 -1.59957798e-10
855.075 1.495 -1.113 9.8838194e-10 1.531378485e-10 -1.5414198799999998e-10
858.34 1.194 -1.77 8.076905199999999e-10 1.3684347949999999e-10 -1.37576985e-10
861.02 1.366 -1.486 9.03922565e-10 1.40442575e-10 -1.414691005e-10
863.635 1.101 -1.249 1.081607345e-09 1.707335175e-10 -1.71864329e-10
866.185 1.647 -1.449 7.87312435e-10 1.30380523e-10 -1.309468615e-10
869.277 1.22 -1.446 9.560100549999998e-10 1.498750435e-10 -1.50586527e-10
871.706 1.006 -1.209 1.1669293999999998e-09 1.804382125e-10 -1.81522523e-10
873.804 1.282 -1.092 1.0890789e-09 1.684950995e-10 -1.695335915e-10
876.414 1.205 -1.329 1.00815169e-09 1.557091445e-10 -1.565963945e-10
878.789 1.006 -1.17 1.173530995e-09 1.809260635e-10 -1.818677315e-10
881.371 1.626 -1.576 7.97350645e-10 1.226738695e-10 -1.2324207349999998e-10
883.933 1.048 -0.936 1.287188175e-09 1.9766806149999998e-10 -1.984823295e-10
886.483 1.261 -1.502 9.0548185e-10 1.41336013e-10 -1.418372865e-10
889.287 1.537 -1.543 8.2210401e-10 1.259819015e-10 -1.26428029e-10
891.999 1.224 -1.176 1.078334985e-09 1.636170445e-10 -1.6422997499999998e-10
894.886 1.166 -1.663 8.694667799999999e-10 1.3884133899999999e-10 -1.3949481e-10
897.9 1.196 -1.848 8.2543279e-10 1.300228475e-10 -1.30810225e-10
900.036 0.974 -0.94 1.2939690399999999e-09 2.067859885e-10 -2.078032775e-10
902.532 1.728 -1.521 7.848854649999999e-10 1.20782753e-10 -1.21349319e-10
905.795 1.29 -1.535 8.89640115e-10 1.405194245e-10 -1.41473332e-10
908.662 1.483 -1.577 8.2318327e-10 1.3031632249999998e-10 -1.31280786e-10
911.231 0.97 -1.086 1.242606365e-09 1.9191408599999998e-10 -1.93005358e-10
913.781 1.31 -1.58 8.71894205e-10 1.36917326e-10 -1.37630493e-10
916.438 1.33 -1.348 9.272181099999999e-10 1.4875037449999997e-10 -1.4963976299999999e-10
918.932 1.183 -1.164 1.087084635e-09 1.71664311e-10 -1.7281978349999999e-10
921.643 1.151 -1.528 9.52104335e-10 1.5046213e-10 -1.51505445e-10
924.322 1.522 -1.527 8.2446455e-10 1.3274329249999998e-10 -1.3366676049999998e-10
927.423 1.301 -1.579 9.01349085e-10 1.40161931e-10 -1.41218441e-10
929.868 1.171 -1.144 1.12865662e-09 1.778667345e-10 -1.789653775e-10
932.508 1.562 -1.469 8.61736785e-10 1.3525675799999998e-10 -1.3594339849999998e-10
935.528 1.282 -1.458 9.67296785e-10 1.49187766e-10 -1.499800575e-10
938.104 1.407 -1.294 9.65184675e-10 1.5158502449999998e-10 -1.5237968199999998e-10
940.952 1.509 -1.441 8.562599499999999e-10 1.34382521e-10 -1.3506074399999999e-10
944.161 1.527 -1.7 7.8261911e-10 1.22896956e-10 -1.2353691349999999e-10
947.013 1.459 -1.325 8.94019945e-10 1.431565135e-10 -1.43939432e-10
949.96 1.398 -1.487 8.614260199999999e-10 1.38123349e-10 -1.38929609e-10
952.527 1.33 -1.169 1.007647095e-09 1.5880241649999998e-10 -1.597852165e-10
955.496 1.155 -1.639 9.017467549999999e-10 1.41591996e-10 -1.4232581999999998e-10
958.008 1.475 -1.357 8.76415995e-10 1.397073405e-10 -1.402981125e-10
961.214 1.479 -1.73 7.623042699999999e-10 1.234604735e-10 -1.238841695e-10
964.426 1.306 -1.733 8.292834549999999e-10 1.29585092e-10 -1.300839995e-10
966.812 0.786 -1.08 1.330708925e-09 2.1210967049999998e-10 -2.1300242599999998e-10
969.014 1.502 -1.416 8.76157555e-10 1.34856085e-10 -1.35496634e-10
971.972 1.396 -1.456 8.69947715e-10 1.36334926e-10 -1.36969105e-10
974.909 1.552 -1.542 7.98778435e-10 1.247344735e-10 -1.251913845e-10
977.95 1.101 -1.488 9.54678725e-10 1.487811325e-10 -1.492445955e-10
980.932 1.32 -1.882 7.7757589e-10 1.22016349e-10 -1.22626231e-10
983.762 1.529 -1.509 8.3316324e-10 1.311778195e-10 -1.319551415e-10
986.912 1.619 -1.621 7.70148015e-10 1.231365135e-10 -1.2375918099999998e-10
990.429 1.692 -1.898 6.847640799999999e-10 1.11274345e-10 -1.117592385e-10
993.934 1.685 -1.813 7.0242718e-10 1.14153221e-10 -1.1465303849999999e-10
997.538 1.833 -1.919 6.840551899999999e-10 1.0560422599999999e-10 -1.0619281399999999e-10
1000.447 1.398 -1.075 1.02309025e-09 1.60733755e-10 -1.6159133899999999e-10
1003.338 1.411 -1.494 8.876021699999999e-10 1.371485115e-10 -1.3794580799999998e-10
1006.145 1.235 -1.395 9.84687795e-10 1.527570135e-10 -1.538103385e-10
1008.88 2.1 -1.501 6.98551035e-10 1.1242135449999999e-10 -1.1319021349999998e-10
1012.411 1.736 -1.431 8.17542635e-10 1.26896588e-10 -1.27790481e-10
1015.244 1.31 -1.097 1.0746658649999999e-09 1.66752495e-10 -1.679126085e-10
1018.104 1.267 -1.549 9.185367099999999e-10 1.426544665e-10 -1.43681356e-10
1020.735 1.417 -1.364 9.30277075e-10 1.4503120449999998e-10 -1.4622366849999998e-10
1023.627 1.359 -1.475 9.05319415e-10 1.43737048e-10 -1.4491322299999997e-10
1026.365 1.072 -1.38 1.07240315e-09 1.696103045e-10 -1.7082319799999998e-10
1028.959 1.656 -1.522 8.154364399999999e-10 1.31115257e-10 -1.319802575e-10
1031.705 0.775 -1.091 1.429117235e-09 2.2199254349999997e-10 -2.236019695e-10
1033.861 1.198 -1.38 1.01984883e-09 1.609815025e-10 -1.620472945e-10
1036.478 1.259 -1.419 9.4766945e-10 1.46558139e-10 -1.47445298e-10
1039.377 1.036 -1.64 9.33683205e-10 1.4627626649999998e-10 -1.469434785e-10
1042.252 1.252 -1.84 7.962818499999999e-10 1.26561344e-10 -1.269940035e-10
1044.884 1.928 -1.379 7.568483649999999e-10 1.185194465e-10 -1.1904510799999999e-10
1048.138 1.23 -1.326 9.8786233e-10 1.5545439e-10 -1.563537885e-10
1051.396 1.86 -2.028 6.402796399999999e-10 1.0234169399999999e-10 -1.0285079350000001e-10
1054.785 1.595 -1.529 8.0841306e-10 1.2680622499999999e-10 -1.27427755e-10
1058.281 1.839 -1.901 6.47803975e-10 1.05198275e-10 -1.05637259e-10
1062.552 1.721 -2.433 5.9982923e-10 9.366434349999999e-11 -9.4006731e-11
1065.545 1.287 -1.271 9.739884699999999e-10 1.52926501e-10 -1.5371601699999998e-10
1068.106 1.46 -1.274 9.331199150000001e-10 1.4454385400000001e-10 -1.4548301949999999e-10
1071.167 1.474 -1.601 8.20036945e-10 1.2886610099999998e-10 -1.295626605e-10
1074.469 1.721 -1.828 7.205703049999999e-10 1.1118161599999999e-10 -1.117849005e-10
1078.037 1.525 -1.846 7.5384946e-10 1.1629254e-10 -1.1691679999999998e-10
1081.031 1.083 -1.469 9.75532285e-10 1.52398974e-10 -1.529746855e-10
1083.505 1.851 -1.392 7.562595949999999e-10 1.202100445e-10 -1.206236395e-10
1087.266 1.798 -1.909 6.7299232e-10 1.0559917549999998e-10 -1.061261565e-10
1090.401 1.007 -1.337 1.086904455e-09 1.708979545e-10 -1.71847858e-10
1092.706 1.646 -1.299 8.3988359e-10 1.36933797e-10 -1.37655427e-10
1095.595 1.735 -1.243 8.17975795e-10 1.3554022299999998e-10 -1.361520615e-10
1098.689 1.336 -1.359 9.46223005e-10 1.48602454e-10 -1.4937986699999999e-10
1101.486 1.597 -1.461 8.4868784e-10 1.3170844049999998e-10 -1.326299065e-10
1104.974 2.109 -1.89 6.30463925e-10 1.01565191e-10 -1.022871395e-10
1108.608 1.384 -1.525 8.795577699999999e-10 1.39091953e-10 -1.4008185099999999e-10
1111.59 1.358 -1.598 8.65754435e-10 1.3666243499999999e-10 -1.3756852199999998e-10
1114.822 1.4 -1.875 7.9241435e-10 1.230745425e-10 -1.239626115e-10
1118.177 1.069 -1.954 8.46386905e-10 1.33816137e-10 -1.347602165e-10
1120.915 1.095 -1.67 9.305491650000001e-10 1.4390494299999998e-10 -1.4477435699999998e-10
1123.235 1.391 -1.225 9.77925585e-10 1.5084059899999998e-10 -1.5164535749999999e-10
1126.246 1.554 -1.62 7.943057850000001e-10 1.246361025e-10 -1.2525877e-10
1129.021 1.721 -1.222 8.69131445e-10 1.3379002e-10 -1.3442965899999999e-10
1132.227 1.906 -1.485 7.434745499999999e-10 1.162625555e-10 -1.1673389e-10
1136.205 1.659 -2.072 6.855425849999999e-10 1.054468415e-10 -1.0592832249999999e-10
1140.073 1.94 -2.209 6.165668599999999e-10 9.5222582e-11 -9.5763213e-11
1143.555 1.424 -1.542 8.69480885e-10 1.346987915e-10 -1.355775785e-10
1146.909 1.629 -1.931 7.1401057e-10 1.1247145000000001e-10 -1.1315263049999998e-10
1150.407 1.868 -1.868 6.6066455e-10 1.076571405e-10 -1.08208828e-10
1153.587 1.396 -1.312 9.163381499999999e-10 1.463851025e-10 -1.470908985e-10
1156.58 1.656 -1.598 7.839877499999999e-10 1.206664095e-10 -1.21238663e-10
1160.689 1.824 -2.453 5.87959645e-10 9.2003548e-11 -9.23931645e-11
1164.101 1.791 -1.588 7.6300315e-10 1.1753013999999998e-10 -1.18113086e-10
1168.319 2.046 -2.427 5.70034465e-10 8.973396249999999e-11 -9.026148949999999e-11
1172.552 2.251 -2.188 5.570833449999999e-10 9.06830015e-11 -9.112153049999999e-11
1176.225 1.299 -1.421 9.31673925e-10 1.464563555e-10 -1.47261023e-10
1179.637 1.857 -2.113 6.3851515e-10 1.0032349600000001e-10 -1.00861215e-10
1182.781 1.731 -1.288 8.51583005e-10 1.312040275e-10 -1.3186309499999998e-10
1186.336 1.868 -1.824 7.001995e-10 1.076125505e-10 -1.080794715e-10
1190.011 1.778 -1.807 7.10931585e-10 1.11652177e-10 -1.1223644249999999e-10
1193.556 1.639 -1.767 7.4845134e-10 1.1822665399999998e-10 -1.19032368e-10
1196.876 1.549 -1.682 7.7253085e-10 1.24317648e-10 -1.25165222e-10
1199.76 1.355 -1.335 9.274355999999999e-10 1.4870382799999997e-10 -1.4957060299999997e-10
1202.914 1.685 -1.799 7.05659045e-10 1.1479554449999999e-10 -1.1533053349999998e-10
1206.669 2.233 -2.071 5.89594915e-10 9.269273649999999e-11 -9.32047025e-11
1210.498 1.486 -1.595 8.369383749999999e-10 1.295688485e-10 -1.3039007799999998e-10
1214.345 1.592 -2.361 6.5238173e-10 1.0076116049999999e-10 -1.0133514299999999e-10
1218.022 1.56 -2.085 6.996676049999999e-10 1.0966660249999998e-10 -1.101812985e-10
1221.455 1.73 -1.872 6.87888565e-10 1.1240310899999999e-10 -1.1306372349999999e-10
1225.36 1.648 -2.175 6.7717923e-10 1.0487345050000001e-10 -1.05548261e-10
1229.109 1.739 -2.1 6.6722565e-10 1.03011272e-10 -1.0358680149999999e-10
1232.359 1.587 -1.511 8.1438721e-10 1.2775767549999999e-10 -1.28387805e-10
1235.329 1.358 -1.383 9.2007643e-10 1.445216955e-10 -1.4528514e-10
1238.317 1.509 -1.63 8.074411799999999e-10 1.269728005e-10 -1.276828735e-10
1241.628 1.631 -1.803 7.18614715e-10 1.17091702e-10 -1.176894355e-10
1245.007 1.541 -1.748 7.836337599999999e-10 1.20835169e-10 -1.2146971199999998e-10
1248.206 1.58 -1.658 7.590719499999999e-10 1.2331592e-10 -1.238440385e-10
1251.988 1.812 -2.201 6.07584705e-10 9.857333849999999e-11 -9.895886e-11
1255.835 1.67 -2.035 6.87792105e-10 1.06157142e-10 -1.0674195349999999e-10
1259.111 1.654 -1.607 7.857267599999999e-10 1.211368795e-10 -1.217666905e-10
1262.383 1.704 -1.618 7.786637949999999e-10 1.194511045e-10 -1.199086525e-10
1265.629 1.757 -1.541 7.50565725e-10 1.221964835e-10 -1.227917145e-10
1269.203 2.545 -1.818 5.83201255e-10 9.17757295e-11 -9.2306487e-11
1273.647 1.679 -1.899 6.872802299999999e-10 1.1168939599999999e-10 -1.121778385e-10
1277.516 1.776 -2.19 6.293036749999999e-10 1.0055813949999999e-10 -1.0105022199999999e-10
1281.098 1.691 -1.806 7.299428499999999e-10 1.118863655e-10 -1.1228990499999998e-10
1284.663 1.717 -1.874 7.08709365e-10 1.0852314199999998e-10 -1.0888500349999999e-10
1287.994 1.775 -1.614 7.400470349999999e-10 1.1571405299999999e-10 -1.1617956349999999e-10
1291.471 2.036 -1.702 6.4858612e-10 1.0766146299999999e-10 -1.081994095e-10
1295.18 1.693 -1.673 7.6038963e-10 1.20121365e-10 -1.2094232149999998e-10
1299.304 1.588 -2.431 6.36853035e-10 1.00525516e-10 -1.01190635e-10
1302.787 2.503 -1.895 5.8775808e-10 9.07972065e-11 -9.131945549999999e-11
1307.294 1.839 -2.004 6.51314755e-10 1.04160056e-10 -1.046931795e-10
1311.031 1.626 -1.899 6.9974086e-10 1.135054375e-10 -1.13943921e-10
1314.838 1.666 -2.18 6.584177599999999e-10 1.0312888949999999e-10 -1.0359303499999999e-10
1317.926 1.481 -1.422 8.5961967e-10 1.37556328e-10 -1.382833725e-10
1321.174 1.883 -1.766 6.94047445e-10 1.09191264e-10 -1.098155695e-10
1325.548 1.839 -2.492 5.925214749999999e-10 9.145040449999999e-11 -9.195377099999999e-11
1328.937 1.401 -1.551 8.567963949999999e-10 1.34368962e-10 -1.350202035e-10
1332.648 2.029 -2.31 5.64809245e-10 9.16563375e-11 -9.202101999999999e-11
1336.555 1.83 -1.878 6.796426e-10 1.0407087600000001e-10 -1.04417495e-10
1340.252 1.658 -1.867 6.9458389e-10 1.10435871e-10 -1.1082394049999998e-10
1343.932 1.956 -2.022 6.1013134e-10 9.911774599999998e-11 -9.95416695e-11
1347.497 1.542 -1.609 8.171012849999999e-10 1.26123634e-10 -1.268210125e-10
1351.436 2.974 -2.397 4.72488835e-10 7.44172975e-11 -7.486533599999999e-11
1356.495 2.239 -2.085 5.929195999999999e-10 9.208426499999998e-11 -9.27472e-11
1360.5 1.233 -1.767 8.52505745e-10 1.31711944e-10 -1.3247375049999999e-10
1364.197 2.058 -2.465 5.5749057e-10 8.738052049999999e-11 -8.77904755e-11
1368.677 2.515 -2.422 5.1223718e-10 8.0345902e-11 -8.0738931e-11
1373.019 2.13 -1.827 6.391480549999999e-10 1.0038801499999999e-10 -1.00916452e-10
1376.655 1.807 -1.506 7.5271742e-10 1.20517124e-10 -1.211726425e-10
1380.533 1.733 -2.071 6.3675612e-10 1.0566146499999999e-10 -1.0617975549999999e-10
1383.971 1.321 -1.705 8.48772015e-10 1.308598655e-10 -1.315416375e-10
1386.89 1.646 -1.598 7.931286999999999e-10 1.221092145e-10 -1.22698212e-10
1390.408 2.433 -1.873 5.99606735e-10 9.25665195e-11 -9.30821255e-11
1395.542 2.261 -2.701 5.20275665e-10 8.0275559e-11 -8.071063e-11
1399.902 2.226 -2.099 5.8402708e-10 9.1606879e-11 -9.20551905e-11
1404.694 2.045 -2.567 5.3953081e-10 8.61573895e-11 -8.656379549999999e-11
1409.009 2.575 -2.269 5.201164149999999e-10 8.14491405e-11 -8.181104749999999e-11
1413.692 1.876 -2.108 6.13190305e-10 9.947696849999998e-11 -9.98644465e-11
1417.411 1.674 -1.844 6.94461495e-10 1.1283777049999998e-10 -1.13326122e-10
1421.095 2.049 -2.011 6.358392949999999e-10 9.7933017e-11 -9.841636349999999e-11
1425.407 2.48 -2.263 4.983828849999999e-10 8.59174225e-11 -8.633047149999999e-11
1429.565 1.693 -1.677 7.529021499999999e-10 1.17974038e-10 -1.18516762e-10
1433.993 2.601 -2.736 4.5064942649999993e-10 7.422492349999999e-11 -7.44363165e-11
1438.267 1.595 -1.672 7.80924235e-10 1.201144035e-10 -1.2066190499999998e-10
1441.818 1.584 -1.956 7.2364201e-10 1.1141402999999999e-10 -1.119522495e-10
1446.045 2.052 -2.643 5.4645409e-10 8.42381995e-11 -8.467395299999999e-11
1450.713 2.289 -2.616 5.094057149999999e-10 8.137333749999999e-11 -8.176450099999999e-11
1455.487 2.095 -2.485 5.558998899999999e-10 8.74433105e-11 -8.7939306e-11
1459.264 2.827 -1.683 3.654100449999999e-10 7.22422155e-11 -7.251294049999999e-11
1463.894 2.06 -1.802 6.49802335e-10 1.040273325e-10 -1.0458984900000001e-10
1468.584 2.542 -2.63 4.85291625e-10 7.786665249999999e-11 -7.83358485e-11
1472.928 1.528 -1.803 7.620663049999999e-10 1.20236753e-10 -1.2101817e-10
1476.587 2.306 -2.131 5.704544299999999e-10 8.97630825e-11 -9.028069049999999e-11
1481.476 1.917 -2.582 5.70696035e-10 8.840659099999999e-11 -8.898193849999999e-11
1485.442 1.562 -2.049 7.10727745e-10 1.09893238e-10 -1.10552533e-10
1488.906 2.07 -1.902 4.36075276e-10 8.247357299999999e-11 -8.28044035e-11
1492.723 2.498 -1.747 3.9471322799999995e-10 7.60330935e-11 -7.6366745e-11
1498.07 2.344 -2.85 4.9564151e-10 7.65143925e-11 -7.6940045e-11
1502.593 2.456 -2.179 5.55408945e-10 8.6083088e-11 -8.665534149999999e-11
1507.163 2.655 -2.115 5.24817475e-10 8.3867693e-11 -8.42796955e-11
1511.719 1.679 -1.901 7.09585695e-10 1.114977955e-10 -1.1209744e-10
1515.809 1.629 -2.411 4.0835526549999994e-10 8.0513251e-11 -8.075390049999999e-11
1519.771 1.805 -2.333 6.17253e-10 9.6322408e-11 -9.665724249999999e-11
1524.268 1.868 -2.692 5.68285445e-10 8.707503349999999e-11 -8.7380202e-11
1528.663 1.921 -2.526 5.5294057e-10 8.81171655e-11 -8.84826215e-11
1532.155 2.224 -1.571 6.8119051e-10 1.0337572699999999e-10 -1.0376789149999998e-10
1537.024 2.253 -2.645 5.2122434e-10 8.024926e-11 -8.0636738e-11
1542.28 2.117 -3.003 4.8194965e-10 7.856016349999999e-11 -7.8969618e-11
1546.795 1.797 -2.398 5.954716949999999e-10 9.5838834e-11 -9.649589949999999e-11
1550.863 2.192 -2.27 5.4594995e-10 8.88532645e-11 -8.92774155e-11
1555.228 2.345 -2.173 5.3104233e-10 8.784621299999999e-11 -8.8201659e-11
1559.359 2.01 -1.785 6.584486999999999e-10 1.052960545e-10 -1.0583363699999998e-10
1563.993 2.236 -2.625 5.2320814e-10 8.25170255e-11 -8.3044143e-11
1568.783 2.155 -2.554 5.4792283e-10 8.5029035e-11 -8.562312849999999e-11
1573.707 2.144 -2.769 4.9543494e-10 8.2217135e-11 -8.26220395e-11
1577.693 2.244 -1.843 6.31342075e-10 9.7238596e-11 -9.771802949999999e-11
1582.233 1.802 -2.296 6.014026199999999e-10 9.7886971e-11 -9.83574865e-11
1586.014 2.202 -1.979 6.06948615e-10 9.53298255e-11 -9.5831463e-11
1590.056 2.749 -1.841 5.54465275e-10 8.708795549999999e-11 -8.754664099999999e-11
1594.509 1.769 -1.704 7.041152299999999e-10 1.1702245099999997e-10 -1.176468475e-10
1598.355 1.871 -2.077 6.3813568e-10 1.02566555e-10 -1.0323231099999999e-10
1602.763 3.004 -2.537 4.6150604499999995e-10 7.1347003e-11 -7.17716545e-11
1608.228 2.166 -2.462 5.02906495e-10 8.6374925e-11 -8.670116e-11
1612.132 2.205 -1.738 6.365177e-10 1.00297288e-10 -1.0091349449999999e-10
1617.015 1.727 -2.678 5.698115149999999e-10 8.9264812e-11 -8.96704445e-11
1621.295 2.937 -2.554 4.44185014e-10 7.215481e-11 -7.246225349999999e-11
1626.807 2.602 -2.575 3.07531497e-10 6.2377406e-11 -6.255690349999999e-11
1631.408 1.899 -1.999 4.27174475e-10 8.20076075e-11 -8.229043549999999e-11
1635.584 2.134 -2.277 5.62985605e-10 8.9862955e-11 -9.02757765e-11
1639.773 2.028 -2.055 5.991926849999999e-10 9.72391875e-11 -9.762712049999999e-11
1643.792 2.142 -1.991 4.436044795e-10 8.033903149999999e-11 -8.0642653e-11
1648.496 2.742 -2.562 4.693370499999999e-10 7.6947689e-11 -7.7469847e-11
1653.034 2.048 -1.796 4.4070995149999997e-10 8.48636425e-11 -8.5227961e-11
1657.139 2.179 -2.057 5.9260656e-10 9.508612750000001e-11 -9.565919999999999e-11
1661.053 2.122 -1.735 4.2751313149999996e-10 8.46365065e-11 -8.498608299999999e-11
1666.006 2.724 -2.831 4.5884975499999997e-10 7.20150795e-11 -7.237894299999999e-11
1670.743 2.49 -2.013 5.661396649999999e-10 8.90517355e-11 -8.95561485e-11
1675.841 2.064 -2.608 5.2165022e-10 8.67952085e-11 -8.728528899999999e-11
1679.908 1.983 -2.004 4.3196557949999994e-10 8.09301675e-11 -8.1288389e-11
1684.384 2.462 -2.492 5.2087581e-10 8.0478125e-11 -8.09443635e-11
1689.409 2.472 -2.563 4.857802949999999e-10 7.8897455e-11 -7.9229696e-11
1693.955 2.372 -2.074 4.38804821e-10 7.77693735e-11 -7.80283595e-11
1698.471 2.493 -2.143 5.54973055e-10 8.5297485e-11 -8.566876499999999e-11
1703.268 2.051 -2.305 5.7479695e-10 9.188925199999999e-11 -9.23503035e-11
1707.705 1.765 -2.386 4.13067382e-10 7.723270099999999e-11 -7.753113549999999e-11
1711.641 1.894 -2.172 6.22496875e-10 9.7717802e-11 -9.821711900000001e-11
1715.43 1.707 -1.895 7.0241899e-10 1.100807435e-10 -1.105928915e-10
1719.584 2.128 -2.446 3.54461289e-10 7.178926299999999e-11 -7.1965894e-11
1723.781 2.334 -2.069 5.848137749999999e-10 9.1372008e-11 -9.172058349999999e-11
1728.626 2.119 -2.511 5.6555044e-10 8.756520499999999e-11 -8.7947678e-11
1733.672 1.818 -2.927 3.46703721e-10 6.84954725e-11 -6.87387155e-11
1738.142 2.525 -2.652 4.9747516e-10 7.701807749999999e-11 -7.7506884e-11
1743.076 2.105 -2.409 5.51949125e-10 8.838470549999999e-11 -8.886877999999999e-11
1747.607 2.647 -2.427 4.98194515e-10 7.81267305e-11 -7.85042895e-11
1752.146 2.326 -1.892 6.12178385e-10 9.40393545e-11 -9.443488600000001e-11
1756.913 1.823 -2.44 4.04130727e-10 7.563283e-11 -7.594459599999999e-11
1761.201 2.072 -2.465 5.59473915e-10 8.8132681e-11 -8.866753349999999e-11
1765.337 2.054 -2.065 4.0660246899999997e-10 7.80940615e-11 -7.83733405e-11
1768.985 1.932 -1.594 7.33742555e-10 1.14149763e-10 -1.14797865e-10
1773.131 3.024 -2.214 4.1508212199999995e-10 7.01847055e-11 -7.057796199999999e-11
1778.278 2.693 -2.123 4.0788147399999995e-10 7.29916005e-11 -7.3248539e-11
1782.929 2.54 -1.958 5.69569e-10 8.82243635e-11 -8.8796526e-11
1788.272 2.088 -2.803 5.190153149999999e-10 8.160129249999999e-11 -8.205328949999999e-11
1792.883 2.268 -2.523 5.3298063e-10 8.2028492e-11 -8.2416152e-11
1797.217 1.903 -2.066 4.251143259999999e-10 7.9081639e-11 -7.92751505e-11
1801.719 2.368 -2.599 4.463109104999999e-10 7.3944416e-11 -7.42064505e-11
1806.489 2.922 -2.401 4.82398735e-10 7.61711405e-11 -7.6681696e-11
1811.077 2.188 -1.666 4.50667763e-10 8.4143605e-11 -8.4435078e-11
1815.717 2.07 -2.453 5.563739999999999e-10 8.9020932e-11 -8.94882625e-11
1820.094 2.17 -2.308 5.61298465e-10 9.020229399999999e-11 -9.078392050000001e-11
1824.641 2.479 -2.376 3.462162795e-10 6.661632249999999e-11 -6.68878665e-11
1829.226 2.05 -2.106 4.20508998e-10 8.01564855e-11 -8.04288485e-11
1833.716 2.275 -2.44 4.4665334349999995e-10 7.56147665e-11 -7.59732155e-11
1837.836 2.063 -1.846 4.320897035e-10 8.341196499999999e-11 -8.382738e-11
1842.401 2.973 -2.502 4.346176835e-10 7.096298299999999e-11 -7.1412523e-11
1847.775 2.189 -2.401 5.5146819e-10 8.88601805e-11 -8.949736249999999e-11
1852.218 1.676 -2.254 6.64390545e-10 1.0386821899999999e-10 -1.0479914900000001e-10
1856.302 2.422 -2.408 5.2291512e-10 8.4335888e-11 -8.4961149e-11
1861.34 2.387 -2.616 5.083291849999999e-10 8.02268285e-11 -8.0754674e-11
1866.021 1.939 -2.293 3.97550608e-10 7.637479849999999e-11 -7.665325849999999e-11
1870.148 2.578 -2.188 5.3888016e-10 8.317800399999999e-11 -8.363773599999999e-11
1875.039 1.708 -2.313 4.40052158e-10 8.1077724e-11 -8.14216585e-11
1879.34 2.422 -2.594 5.08122615e-10 7.9641653e-11 -8.00142525e-11
1883.634 2.179 -1.872 4.0856588499999994e-10 8.035391e-11 -8.05378665e-11
1888.459 2.535 -2.646 4.92545235e-10 7.7535913e-11 -7.79917775e-11
1893.782 2.542 -2.788 4.3773411500000003e-10 7.25452455e-11 -7.29049685e-11
1899.189 1.883 -2.864 3.3889937899999997e-10 6.87424465e-11 -6.89410085e-11
1903.169 1.811 -2.098 4.3973716149999995e-10 8.203345149999999e-11 -8.22987165e-11
1907.422 1.563 -2.442 4.200021735e-10 8.0749032e-11 -8.1060434e-11
1911.329 2.77 -2.345 3.2047692949999996e-10 6.3219065e-11 -6.34170355e-11
1916.78 2.013 -2.68 3.637168535e-10 6.78351765e-11 -6.80499365e-11
1921.073 2.397 -2.28 3.490924255e-10 6.8838497e-11 -6.90470235e-11
1925.72 1.727 -2.25 4.19422458e-10 8.045765e-11 -8.07179555e-11
1930.021 1.838 -2.574 3.6145604949999997e-10 7.33304845e-11 -7.3545836e-11
1933.873 1.864 -2.014 4.39298223e-10 8.20225315e-11 -8.2307589e-11
1938.357 2.328 -2.62 3.2962602399999996e-10 6.5014677e-11 -6.52157415e-11
1942.904 2.23 -2.219 4.488450329999999e-10 7.798427e-11 -7.83293875e-11
1947.319 2.525 -2.184 3.647897435e-10 6.82252025e-11 -6.84941075e-11
1951.701 2.415 -1.857 3.767336755e-10 7.666390549999999e-11 -7.6954332e-11
1956.377 1.848 -2.262 4.122390545e-10 7.9589055e-11 -7.9987908e-11
1960.452 1.819 -2.227 4.0045091449999997e-10 8.15193015e-11 -8.1836027e-11
1965.204 2.415 -2.933 4.806178649999999e-10 7.710047799999999e-11 -7.756052849999999e-11
1970.099 2.233 -2.48 3.526018405e-10 7.1579781e-11 -7.180236699999999e-11
1974.334 2.394 -2.002 3.8815690549999997e-10 7.445347e-11 -7.469229949999999e-11
1978.909 1.714 -2.18 4.3833621649999997e-10 8.19943215e-11 -8.23213755e-11
1982.677 2.694 -2.055 4.2380883999999996e-10 7.4114495e-11 -7.438326349999999e-11
1987.768 2.635 -2.397 3.419673075e-10 6.371055599999999e-11 -6.3893193e-11
1992.546 2.085 -2.144 6.01572335e-10 9.4538808e-11 -9.5050865e-11
1996.84 2.624 -2.208 3.574738895e-10 6.68228015e-11 -6.70766915e-11
2002.007 2.896 -2.543 4.63712795e-10 7.445674599999999e-11 -7.491934449999999e-11
2007.479 2.188 -2.577 3.46082191e-10 6.8110406e-11 -6.82790745e-11
2011.455 2.24 -1.788 4.2666027949999994e-10 7.96409705e-11 -7.991155899999999e-11
2015.959 3.149 -2.263 4.3862450449999997e-10 7.1226337e-11 -7.15709085e-11
2021.682 1.74 -2.575 4.0198672149999996e-10 7.4825842e-11 -7.5021765e-11
2025.97 1.937 -2.548 4.34577325e-10 7.871782099999999e-11 -7.892935049999999e-11
2030.584 2.469 -2.678 4.855577999999999e-10 7.74123805e-11 -7.7742665e-11
2035.389 2.094 -2.336 3.87044567e-10 7.2337811e-11 -7.26091275e-11
2040.246 2.878 -2.762 4.5027587149999994e-10 7.07802095e-11 -7.116859749999999e-11
2045.401 2.512 -2.277 3.510970645e-10 6.76603655e-11 -6.796517e-11
2051.114 2.231 -3.201 3.0767072699999994e-10 5.9168928e-11 -5.9401524e-11
2055.458 2.0 -2.113 4.0589339699999994e-10 7.82385695e-11 -7.859592649999999e-11
2060.237 2.756 -2.779 4.5574438e-10 7.242699099999999e-11 -7.3037965e-11
2065.589 2.243 -2.596 3.52520077e-10 6.596640049999999e-11 -6.6235897e-11
2070.217 2.23 -2.385 5.3071018e-10 8.6303581e-11 -8.66970195e-11
2074.747 2.034 -2.3 3.8514325849999995e-10 7.39440065e-11 -7.42005355e-11
2078.831 2.448 -2.05 5.4452216e-10 8.873842249999999e-11 -8.9194833e-11
2083.031 2.345 -1.753 4.3940651299999993e-10 8.1985085e-11 -8.2378751e-11
2087.997 2.743 -2.621 4.6104467499999993e-10 7.5278658e-11 -7.570562999999999e-11
2092.551 2.018 -1.811 4.3874985699999997e-10 8.44888135e-11 -8.4852222e-11
2096.455 2.063 -1.886 4.2976397099999997e-10 8.34923635e-11 -8.381573199999999e-11
2101.154 2.238 -2.635 3.517416175e-10 6.57045935e-11 -6.59412845e-11
2105.84 2.511 -2.449 3.237588445e-10 6.56853015e-11 -6.58789495e-11
2111.21 1.588 -2.858 3.694584985e-10 7.29709435e-11 -7.3224515e-11
2114.882 2.102 -2.084 4.00379434e-10 7.6870885e-11 -7.713797e-11
2120.461 2.837 -3.477 2.711496515e-10 5.074837949999999e-11 -5.095818e-11
2125.992 3.323 -2.694 2.82555091e-10 5.46287105e-11 -5.49234595e-11
2131.791 2.164 -2.476 3.6747510799999995e-10 7.061777449999999e-11 -7.088081e-11
2136.368 1.449 -2.413 4.3860179999999997e-10 8.43127285e-11 -8.46345045e-11
2140.767 2.831 -2.949 2.800589155e-10 5.7054087999999994e-11 -5.728768499999999e-11
2146.216 2.534 -2.618 3.14019615e-10 6.404479899999999e-11 -6.43270355e-11
2151.052 2.808 -2.302 3.3827484600000003e-10 6.35205025e-11 -6.3841141e-11
2155.687 2.192 -1.827 4.3448145649999997e-10 8.159710649999999e-11 -8.20120665e-11
2160.327 2.811 -2.448 3.30634941e-10 6.376533799999999e-11 -6.40660475e-11
2165.396 2.653 -2.258 3.75363443e-10 7.240169299999999e-11 -7.269853499999999e-11
2170.209 1.801 -2.161 4.3342576549999995e-10 8.597152199999999e-11 -8.637173999999999e-11
2174.075 1.949 -2.064 4.4698208099999994e-10 8.42670465e-11 -8.47835625e-11
2178.0 1.944 -1.975 4.485561535e-10 8.443016399999999e-11 -8.49114175e-11
2182.126 1.876 -2.182 4.152676255e-10 8.006261899999999e-11 -8.043335299999999e-11
2187.012 3.325 -3.01 2.657893875e-10 5.1041717999999996e-11 -5.1222262e-11
2192.281 3.196 -1.944 4.87166225e-10 7.790277949999999e-11 -7.8299858e-11
2198.075 2.224 -2.598 3.481813335e-10 6.69125275e-11 -6.71626865e-11
2202.988 2.114 -2.69 3.55696614e-10 6.6470859e-11 -6.67179695e-11
2207.697 2.712 -2.595 3.1508281349999997e-10 6.05717385e-11 -6.08037885e-11
2212.777 2.143 -2.367 3.7910058549999995e-10 7.105953399999999e-11 -7.1383312e-11
2219.013 3.985 -4.094 2.1201107199999997e-10 3.9564356649999997e-11 -3.9695929e-11
2224.965 2.028 -1.966 4.306216915e-10 8.039677099999999e-11 -8.06743665e-11
2230.103 2.274 -3.11 3.12545779e-10 6.016455899999999e-11 -6.041740249999999e-11
2234.678 2.241 -2.301 3.6212048599999997e-10 7.1647212e-11 -7.1931132e-11
2240.325 2.171 -3.406 2.9925259e-10 5.92113795e-11 -5.9446842e-11
2244.432 2.375 -1.936 4.16280046e-10 7.8223054e-11 -7.863264499999999e-11
2249.082 1.979 -2.275 4.409440945e-10 8.2669587e-11 -8.317527399999999e-11
2253.139 2.357 -2.078 3.7578886799999994e-10 7.450902549999999e-11 -7.48476365e-11
2258.13 2.258 -2.634 3.3463634749999996e-10 6.6106131e-11 -6.63394095e-11
2261.925 2.255 -1.536 4.4225954499999997e-10 8.5013656e-11 -8.5337525e-11
2267.585 2.484 -3.405 2.8009031049999997e-10 5.5436017e-11 -5.56609235e-11
2272.795 3.437 -2.726 3.952964015e-10 6.36252435e-11 -6.39865135e-11
2278.439 2.283 -2.207 3.76924093e-10 7.271482399999999e-11 -7.306385449999999e-11
2282.888 2.327 -2.166 4.325855625e-10 7.9016028e-11 -7.9411787e-11
2286.983 2.565 -1.769 3.8976482999999996e-10 7.517632849999999e-11 -7.5532912e-11
5591.853 10.944 -16.636 1.358423885e-10 2.9080087399999997e-11 -2.9080087399999997e-11
5626.165 21.764 -23.367 8.65562425e-11 1.8142419749999998e-11 -1.8142419749999998e-11
5671.97 21.09 -24.041 7.90039705e-11 1.738839375e-11 -1.738839375e-11
5714.361 18.816 -21.301 8.4297213e-11 1.896265735e-11 -1.896265735e-11
5759.479 26.352 -26.302 6.63325845e-11 1.474745545e-11 -1.474745545e-11
5804.245 21.703 -18.414 8.48205085e-11 1.9051764549999997e-11 -1.9051764549999997e-11
5850.133 20.947 -24.185 7.4960067e-11 1.6836983799999997e-11 -1.6836983799999997e-11
5897.475 26.257 -26.395 9.238033349999998e-11 1.7333024799999998e-11 -1.7333024799999998e-11
7199.95 22.202 -22.93 7.7370566e-11 1.7598726599999998e-11 -1.7598726599999998e-11
7252.11 20.188 -29.958 7.657472549999999e-11 1.643124665e-11 -1.643124665e-11
7303.739 33.749 -31.441 5.40296575e-11 1.2167300600000001e-11 -1.2167300600000001e-11
7366.064 24.079 -28.575 7.110539799999999e-11 1.56003848e-11 -1.56003848e-11
7427.981 29.859 -37.838 5.2436474999999996e-11 1.19272153e-11 -1.19272153e-11
7478.263 19.693 -20.424 8.8047323e-11 1.988450555e-11 -1.988450555e-11
7521.889 26.214 -23.932 7.1806735e-11 1.61247814e-11 -1.61247814e-11
7574.415 23.835 -26.312 7.41325585e-11 1.63752134e-11 -1.63752134e-11
7633.46 32.487 -35.21 5.2797654e-11 1.194078795e-11 -1.194078795e-11
7704.801 16.307 -38.854 6.7668237e-11 1.4886526199999998e-11 -1.4886526199999998e-11
7771.029 45.357 -49.921 4.274158525e-11 8.98949415e-12 -8.98949415e-12
7838.76 25.265 -22.374 7.8585416e-11 1.73352179e-11 -1.73352179e-11
7895.105 24.081 -31.08 6.7870257e-11 1.4930966049999997e-11 -1.4930966049999997e-11
7944.494 24.838 -25.309 7.04588885e-11 1.591234645e-11 -1.591234645e-11
7996.392 35.618 -27.06 8.507330649999999e-11 1.563521505e-11 -1.563521505e-11
11300.774 33.237 -31.953 3.34519458e-11 7.528211599999999e-12 -7.528211599999999e-12
11358.072 23.578 -24.061 4.6203111499999996e-11 1.04145587e-11 -1.04145587e-11
11419.368 29.978 -37.719 3.24146459e-11 7.2947693e-12 -7.2947693e-12
11488.682 43.406 -39.336 2.6162882199999997e-11 5.9355660000000004e-12 -5.9355660000000004e-12
11565.807 18.935 -33.719 4.373409495e-11 9.5581122e-12 -9.5581122e-12
11609.554 25.334 -24.812 4.338825855e-11 9.7174441e-12 -9.7174441e-12
11670.751 26.819 -35.863 3.65803256e-11 8.043699299999999e-12 -8.043699299999999e-12
11750.428 52.448 -52.857 3.790923045e-11 6.2647129999999996e-12 -6.2647129999999996e-12
13406.163 27.84 -24.813 3.37033697e-11 7.59990595e-12 -7.59990595e-12
13460.673 41.028 -26.669 2.7960955749999997e-11 6.1588527e-12 -6.1588527e-12
13524.797 22.036 -23.096 4.0952193099999994e-11 9.020379550000001e-12 -9.020379550000001e-12
13588.308 38.759 -41.475 2.3577599499999998e-11 5.1656423e-12 -5.1656423e-12
13646.993 22.698 -19.927 4.201380365e-11 9.4208569e-12 -9.4208569e-12
13688.371 23.945 -18.68 4.38594065e-11 9.660742e-12 -9.660742e-12
13740.267 32.221 -27.952 3.40853513e-11 7.1419393500000006e-12 -7.1419393500000006e-12
17136.681 25.955 -21.684 3.7577808449999994e-11 8.473979149999999e-12 -8.473979149999999e-12
17208.544 36.833 -45.908 2.3749776049999997e-11 5.1488254999999994e-12 -5.1488254999999994e-12
17272.055 23.468 -26.678 3.94868201e-11 8.651410949999999e-12 -8.651410949999999e-12
17324.224 28.968 -28.7 3.090349535e-11 6.9787626999999996e-12 -6.9787626999999996e-12
17377.758 30.595 -24.566 3.230161025e-11 7.2533870499999996e-12 -7.2533870499999996e-12
17448.52 22.515 -40.167 3.000112115e-11 6.5643214e-12 -6.5643214e-12
17510.503 43.273 -39.468 2.182126765e-11 4.9069202e-12 -4.9069202e-12
17589.622 31.852 -35.845 2.636187645e-11 5.92796295e-12 -5.92796295e-12
17680.783 61.04 -59.309 2.682602195e-11 4.50612344e-12 -4.50612344e-12
19477.552 36.364 -36.347 1.653788045e-11 3.47453561e-12 -3.47453561e-12
22809.514 51.651 -51.149 1.591092685e-11 3.4234732349999997e-12 -3.4234732349999997e-12
22902.522 41.384 -41.357 2.174493685e-11 4.8839153999999994e-12 -4.8839153999999994e-12
22995.537 53.675 -51.632 1.69108121e-11 3.81937283e-12 -3.81937283e-12
23094.706 49.784 -45.494 1.895685155e-11 4.26244182e-12 -4.26244182e-12
23222.687 52.183 -78.197 1.361602515e-11 3.06838077e-12 -3.06838077e-12
23334.271 43.398 -59.401 1.7198454e-11 3.884337729999999e-12 -3.884337729999999e-12
23423.911 49.036 -46.241 1.856873655e-11 4.184477115e-12 -4.184477115e-12
23588.261 95.298 -115.313 1.39623757e-11 2.4535515549999997e-12 -2.4535515549999997e-12
28661.357 44.853 -67.975 1.6276537549999997e-11 3.5823241999999996e-12 -3.5823241999999996e-12
28750.314 53.682 -44.103 1.881995115e-11 4.137668535e-12 -4.137668535e-12
28844.229 40.0 -40.234 2.183544545e-11 4.8989759e-12 -4.8989759e-12
28930.105 31.851 -45.875 2.2980775999999997e-11 5.17333635e-12 -5.17333635e-12
29063.337 84.159 -101.382 9.335589899999999e-12 2.111085795e-12 -2.111085795e-12
29195.877 36.868 -48.381 2.09381809e-11 4.708221699999999e-12 -4.708221699999999e-12
29290.139 60.449 -57.394 1.459955315e-11 3.30517551e-12 -3.30517551e-12
29417.382 61.079 -66.794 1.360400405e-11 3.0659251349999997e-12 -3.0659251349999997e-12
29561.746 62.139 -83.285 1.3363814099999998e-11 2.8843264450000002e-12 -2.8843264450000002e-12
29718.381 83.523 -94.496 1.251457935e-11 2.170719005e-12 -2.170719005e-12
34296.468 78.624 -49.249 1.01186631e-11 2.27812312e-12 -2.27812312e-12
34418.839 41.501 -43.748 1.633385845e-11 3.5720666799999997e-12 -3.5720666799999997e-12
34547.193 63.586 -86.853 8.678005699999998e-12 1.962747605e-12 -1.962747605e-12
34660.537 58.056 -49.758 1.2306571549999999e-11 2.770710215e-12 -2.770710215e-12
34779.122 67.344 -60.529 1.0199184449999999e-11 2.31211071e-12 -2.31211071e-12
34899.601 67.215 -53.136 1.09327491e-11 2.461406675e-12 -2.461406675e-12
35031.618 58.056 -64.802 1.07235128e-11 2.4198315049999997e-12 -2.4198315049999997e-12
35170.017 60.067 -80.343 9.2994265e-12 2.093679315e-12 -2.093679315e-12
35314.046 86.535 -83.962 7.694072749999999e-12 1.7362190299999997e-12 -1.7362190299999997e-12
35483.027 88.051 -82.446 7.696352300000001e-12 1.742723255e-12 -1.742723255e-12
35636.757 52.165 -65.679 1.0980606e-11 2.47784719e-12 -2.47784719e-12
35816.654 105.442 -127.732 1.0562865949999999e-11 1.72072173e-12 -1.72072173e-12
40976.471 256.202 -959.843 7.650301749999999e-12 1.571844365e-12 -1.571844365e-12
41382.339 108.587 -99.52 7.854346499999999e-12 1.6123953299999998e-12 -1.6123953299999998e-12
45895.783 81.198 -50.206 1.2717973449999999e-11 2.8567243249999996e-12 -2.8567243249999996e-12
46031.836 40.423 -54.855 1.1689627949999999e-11 2.559139765e-12 -2.559139765e-12
46103.973 28.461 -31.714 1.803478495e-11 4.037258225e-12 -4.037258225e-12
46194.096 86.27 -61.661 7.35908355e-12 1.6548818649999999e-12 -1.6548818649999999e-12
46406.146 82.327 -125.78 5.645185e-12 1.222371605e-12 -1.222371605e-12
46557.165 79.239 -68.693 7.5434905e-12 1.676766e-12 -1.676766e-12
46720.623 76.249 -84.219 6.7256871500000006e-12 1.51244639e-12 -1.51244639e-12
46852.269 64.953 -55.398 8.95670685e-12 2.016438515e-12 -2.016438515e-12
47011.599 76.121 -94.376 6.3469496999999996e-12 1.432153905e-12 -1.432153905e-12
47148.755 89.403 -61.035 7.15074815e-12 1.611691445e-12 -1.611691445e-12
47298.32 65.205 -60.161 8.50261685e-12 1.9142082049999998e-12 -1.9142082049999998e-12
47417.913 83.514 -54.388 7.76625395e-12 1.7544103849999999e-12 -1.7544103849999999e-12
47581.263 80.631 -79.837 6.6433276e-12 1.51107684e-12 -1.51107684e-12
47781.206 96.318 -119.311 4.9686637e-12 1.12628243e-12 -1.12628243e-12
48010.981 152.366 -133.457 6.6655315999999995e-12 1.12431774e-12 -1.12431774e-12
142966.652 17943.893 -4892.885 1.090664575e-12 2.89869307e-13 -2.89869307e-13
161296.648 300.9 -386.104 1.30451048e-12 3.427156915e-13 -3.427156915e-13
161967.572 434.816 -370.023 1.1168666599999998e-12 2.94253414e-13 -2.94253414e-13
167497.635 846.404 -861.067 1.0959312e-12 2.4193887899999996e-13 -2.4193887899999996e-13
280398.317 6751.033 -4924.341 5.505509099999999e-13 1.4727662949999998e-13 -1.4727662949999998e-13
287691.737 470.561 -542.388 8.10444635e-13 2.14930989e-13 -2.14930989e-13
295357.855 4324.83 -2708.034 4.848470900000001e-13 1.064518455e-13 -1.064518455e-13
380221.439 10302.594 -7247.671 3.873535575e-13 8.1973528e-14 -8.1973528e-14
424419.429 81541.463 -28506.227 2.31833511e-13 4.2633709299999995e-14 -4.2633709299999995e-14
712084.991 133716.908 -80788.56 5.95675535e-14 1.63049341e-14 -1.63049341e-14
992208.066 31492.402 -28136.696 5.289102e-14 2.282779135e-14 -1.82406133e-14
