col1 col2 col3 col4 col5 col6
103.025 0.802 -0.87 8.292676e-09 1.5515432e-09 -2.2349979999999996e-09
104.332 0.663 -0.506 1.1864824000000001e-08 2.4125268e-09 -2.5528796e-09
105.683 0.613 -0.688 1.1183792000000001e-08 2.051106e-09 -2.6836131999999998e-09
106.912 0.608 -0.616 1.1661759999999998e-08 2.1842199999999997e-09 -2.7724959999999996e-09
108.116 0.575 -0.596 1.1846703999999998e-08 2.20621e-09 -2.9562867999999997e-09
109.257 0.551 -0.567 1.277586e-08 2.7864231999999998e-09 -2.3186536e-09
110.41 0.531 -0.602 1.2356955999999999e-08 2.2628536e-09 -3.1256508e-09
111.357 0.443 -0.416 1.7083631999999998e-08 3.2571375999999994e-09 -3.856296e-09
112.224 0.481 -0.423 1.5471068e-08 2.5824608e-09 -5.065036e-09
113.192 0.456 -0.487 1.4512788e-08 2.5480744e-09 -4.270696e-09
114.089 0.423 -0.442 1.5232276e-08 2.8209923999999997e-09 -4.273968e-09
115.054 0.442 -0.542 1.3256151999999999e-08 2.5486235999999997e-09 -3.7420747999999995e-09
115.903 0.448 -0.408 1.5991296e-08 3.0563476e-09 -4.501931999999999e-09
116.967 0.527 -0.615 1.1531132e-08 2.2383136e-09 -3.323222e-09
117.949 0.47 -0.455 1.4236439999999999e-08 2.521116e-09 -4.906043999999999e-09
118.918 0.454 -0.499 1.3811284e-08 2.2689572e-09 -5.4302639999999994e-09
119.859 0.339 -0.486 1.6576775999999998e-08 3.5088355999999995e-09 -3.6751276e-09
120.646 0.436 -0.448 1.5621383999999998e-08 2.8868403999999996e-09 -4.55684e-09
121.403 0.345 -0.32 1.9793912e-08 4.416872e-09 -4.061444e-09
122.166 0.265 -0.418 1.9467047999999997e-08 4.194152e-09 -4.295768e-09
122.736 0.33 -0.305 2.114074e-08 3.8744024e-09 -6.493723999999999e-09
123.401 0.414 -0.335 1.6685447999999997e-08 2.7129592000000003e-09 -6.611504e-09
124.123 0.374 -0.308 1.85019e-08 3.0807315999999997e-09 -6.6619e-09
124.841 0.305 -0.345 1.9046443999999997e-08 3.6895472e-09 -5.337388e-09
125.485 0.328 -0.339 1.9007708e-08 3.959345599999999e-09 -4.453e-09
126.197 0.422 -0.384 1.5346776e-08 2.5535064e-09 -6.03938e-09
126.858 0.264 -0.239 2.5333899999999998e-08 4.706144e-09 -7.873144e-09
127.44 0.303 -0.318 2.0689144e-08 3.5116944e-09 -7.41548e-09
128.021 0.236 -0.278 2.4752179999999997e-08 4.286395999999999e-09 -8.659896e-09
128.526 0.274 -0.269 2.3453627999999997e-08 4.113724e-09 -8.005796e-09
129.061 0.269 -0.261 2.4005075999999997e-08 4.122971999999999e-09 -8.519792e-09
129.611 0.224 -0.281 2.9605999999999997e-08 4.6231e-09 -1.1630968e-08
130.147 0.267 -0.311 2.2423584e-08 3.567038e-09 -8.858024e-09
130.647 0.271 -0.233 2.5481715999999998e-08 4.100976e-09 -1.0457624e-08
131.245 0.311 -0.328 1.9177744e-08 3.190484e-09 -7.66268e-09
131.911 0.294 -0.355 1.8862464e-08 3.3540228e-09 -6.6424239999999995e-09
132.472 0.244 -0.267 2.7778816e-08 4.426123999999999e-09 -1.0899871999999999e-08
132.996 0.296 -0.28 2.1663964e-08 3.805684e-09 -7.475087999999999e-09
133.604 0.281 -0.312 2.1933679999999997e-08 3.4898628e-09 -8.883839999999999e-09
134.228 0.287 -0.343 1.7310848e-08 2.956064e-09 -6.769783999999999e-09
134.856 0.298 -0.341 1.70638e-08 3.5612431999999998e-09 -3.8994536e-09
135.438 0.316 -0.285 1.8474088e-08 3.6728568e-09 -4.674948e-09
136.195 0.372 -0.441 1.3404683999999998e-08 2.3470223999999996e-09 -4.741583999999999e-09
136.998 0.339 -0.43 1.4180599999999998e-08 2.6993491999999995e-09 -4.145972e-09
137.752 0.287 -0.416 1.5808504e-08 3.2764667999999998e-09 -3.552104e-09
138.388 0.374 -0.349 1.5380052e-08 2.6438384e-09 -5.233812e-09
139.156 0.424 -0.395 1.3574423999999998e-08 2.4013424e-09 -4.3617039999999996e-09
139.987 0.479 -0.407 1.2419819999999999e-08 2.4447051999999996e-09 -3.1877339999999997e-09
140.989 0.544 -0.523 1.0308431999999999e-08 1.9834144e-09 -2.7956612e-09
142.0 0.418 -0.466 1.25641e-08 2.1757344e-09 -4.235436e-09
142.869 0.477 -0.451 1.1849016e-08 1.910328e-09 -4.6275879999999995e-09
143.719 0.377 -0.373 1.4548384e-08 2.49154e-09 -5.163056e-09
144.589 0.496 -0.494 1.1581856e-08 2.1317444e-09 -3.3095999999999994e-09
145.475 0.401 -0.39 1.4144567999999998e-08 2.9168552e-09 -3.1755263999999998e-09
146.399 0.459 -0.523 1.129296e-08 2.2586644e-09 -2.8245204e-09
147.406 0.418 -0.548 1.1481723999999998e-08 2.0353839999999997e-09 -3.753036e-09
148.284 0.48 -0.46 1.1920848000000001e-08 2.1308036e-09 -3.7765464e-09
149.197 0.282 -0.433 1.0174371999999998e-08 1.8394367999999998e-09 -2.2794784e-09
149.779 0.287 -0.3 8.019132e-09 1.4383171999999998e-09 -1.4239256e-09
150.442 0.337 -0.376 6.532e-09 1.1594204e-09 -1.1545832e-09
151.189 0.348 -0.41 5.959468e-09 1.0963544e-09 -1.0865992e-09
151.837 0.323 -0.3 7.56056e-09 1.3530196e-09 -1.340378e-09
152.489 0.327 -0.329 7.244059999999999e-09 1.33238e-09 -1.30935e-09
153.176 0.309 -0.359 6.896255999999999e-09 1.298682e-09 -1.2760624e-09
153.793 0.303 -0.307 7.793328e-09 1.4156324e-09 -1.3944395999999999e-09
154.422 0.357 -0.326 6.74994e-09 1.2497112e-09 -1.2317972e-09
155.208 0.421 -0.429 5.423576e-09 1.0094236e-09 -9.939148e-10
156.158 0.455 -0.529 4.834496e-09 8.931623999999999e-10 -8.770095999999999e-10
156.901 0.342 -0.288 7.626908e-09 1.3949551999999998e-09 -1.370338e-09
157.736 0.511 -0.493 4.738879999999999e-09 8.874451999999999e-10 -8.694616e-10
158.653 0.385 -0.407 5.9465719999999995e-09 1.1572768e-09 -1.1244908e-09
159.493 0.373 -0.455 5.850896e-09 1.1034772e-09 -1.0778263999999999e-09
160.407 0.529 -0.542 4.558336e-09 8.490703999999999e-10 -8.330488e-10
161.33 0.53 -0.394 5.208868e-09 9.675224e-10 -9.50516e-10
162.272 0.429 -0.412 5.772508e-09 1.0524712e-09 -1.0361744e-09
163.135 0.507 -0.434 3.5529088e-09 7.373144000000001e-10 -7.238684e-10
164.226 0.567 -0.584 4.262496e-09 8.094875999999999e-10 -7.894428e-10
165.257 0.439 -0.463 3.6534487999999997e-09 7.540196e-10 -7.402888e-10
166.297 0.425 -0.601 3.2102156e-09 6.637995999999999e-10 -6.515731999999999e-10
167.237 0.421 -0.515 3.4697704e-09 7.242055999999999e-10 -7.112963999999999e-10
168.233 0.569 -0.575 4.289012e-09 8.132844e-10 -7.939991999999999e-10
169.154 0.532 -0.353 3.6160392e-09 7.562063999999999e-10 -7.441079999999999e-10
170.205 0.481 -0.519 3.2514631999999996e-09 6.732428e-10 -6.618284e-10
171.19 0.438 -0.504 3.7988596e-09 7.877899999999999e-10 -7.709068e-10
172.269 0.648 -0.642 2.449364e-09 5.041576e-10 -4.996028e-10
173.729 0.773 -0.812 2.0853527999999997e-09 4.2101319999999996e-10 -4.1536479999999993e-10
175.234 0.539 -0.732 2.5642288e-09 5.288788e-10 -5.20476e-10
176.217 0.649 -0.445 2.931976e-09 6.12308e-10 -6.026727999999999e-10
177.358 0.615 -0.492 2.8989788e-09 5.996587999999999e-10 -5.91178e-10
179.048 0.9 -1.075 1.6244427999999999e-09 3.4264448e-10 -3.3666283999999994e-10
180.719 0.655 -0.772 2.3158316e-09 4.830356e-10 -4.731956e-10
182.157 0.726 -0.782 2.1883244e-09 4.5053719999999996e-10 -4.425144e-10
183.754 0.791 -0.87 1.9573664e-09 3.9606996e-10 -3.9129699999999996e-10
185.446 0.762 -0.901 1.92588e-09 3.8778627999999993e-10 -3.8468604e-10
187.143 0.827 -0.935 1.8744131999999997e-09 3.7693223999999996e-10 -3.7175815999999994e-10
188.893 0.892 -0.923 1.7653944e-09 3.5070748e-10 -3.4960948e-10
190.544 0.844 -0.759 2.0290719999999997e-09 3.9573596e-10 -3.9523876e-10
192.207 0.761 -0.819 1.9090163999999998e-09 3.620826e-10 -3.6401651999999996e-10
193.718 0.63 -0.751 2.1267448e-09 4.1653359999999997e-10 -4.1529719999999994e-10
195.102 0.822 -0.754 1.8346863999999999e-09 3.6904648e-10 -3.6646839999999993e-10
196.864 1.1 -0.939 1.4400927999999998e-09 2.8255631999999995e-10 -2.8178784e-10
199.019 1.001 -1.056 1.4490832e-09 2.676704e-10 -2.7242632e-10
200.787 0.665 -0.767 2.0809803999999997e-09 3.8275055999999996e-10 -3.9033371999999996e-10
202.966 1.162 -1.514 1.06532e-09 2.0526568e-10 -2.0733604e-10
205.364 0.918 -1.236 1.2780156e-09 2.5700424e-10 -2.574378e-10
207.363 0.983 -1.08 1.4182315999999999e-09 2.6764424e-10 -2.6971308e-10
209.738 1.274 -1.391 1.0657048e-09 2.0324027999999997e-10 -2.0612592e-10
212.26 1.326 -1.248 1.1385388e-09 2.1079092e-10 -2.1431844e-10
214.594 1.047 -1.008 1.430788e-09 2.7156056e-10 -2.7292059999999996e-10
217.277 0.915 -1.636 1.1182656e-09 2.1860216e-10 -2.1925771999999998e-10
219.443 1.179 -1.251 1.2097756e-09 2.2474864e-10 -2.281182e-10
221.534 0.782 -0.912 1.7101756e-09 3.2884708000000003e-10 -3.3047683999999996e-10
223.172 0.863 -0.856 1.7130675999999998e-09 3.2464047999999994e-10 -3.2649127999999994e-10
224.931 0.808 -0.896 1.7090307999999999e-09 3.2884155999999994e-10 -3.3024299999999996e-10
226.553 0.846 -0.814 1.7811948e-09 3.3577648000000004e-10 -3.3857588e-10
228.37 0.754 -0.971 1.7132919999999998e-09 3.1741948e-10 -3.2261324e-10
229.804 0.65 -0.679 2.2247064e-09 4.0485799999999997e-10 -4.1484679999999993e-10
231.271 0.73 -0.818 1.9101787999999997e-09 3.416346e-10 -3.5268151999999996e-10
232.642 0.772 -0.641 2.0930455999999998e-09 3.850862e-10 -3.9257004e-10
234.504 0.822 -1.09 1.5097463999999998e-09 2.6917292e-10 -2.7832056e-10
236.063 0.782 -0.736 1.8610931999999998e-09 3.4848695999999995e-10 -3.5525564e-10
237.829 1.2 -0.985 1.2445284e-09 2.3755811999999995e-10 -2.422666e-10
240.036 0.818 -1.007 1.5588375999999998e-09 2.8150556e-10 -2.8952423999999997e-10
241.714 0.816 -0.859 1.6978476e-09 3.1155536e-10 -3.1808516e-10
243.742 1.108 -1.212 1.2265036e-09 2.3027024e-10 -2.3256859999999997e-10
245.86 0.949 -1.009 1.4666452e-09 2.7011144e-10 -2.7529131999999997e-10
247.88 0.788 -1.071 1.5467083999999998e-09 2.9271972e-10 -2.9463423999999996e-10
249.756 1.046 -1.088 1.3480196e-09 2.5062727999999997e-10 -2.5429356e-10
251.971 0.905 -1.17 1.3656484e-09 2.4964659999999996e-10 -2.5669728e-10
253.903 1.054 -1.027 1.3609812e-09 2.4958667999999996e-10 -2.56244e-10
255.851 1.051 -0.893 1.4854151999999997e-09 2.737874e-10 -2.7893799999999995e-10
257.985 0.806 -1.083 1.5106087999999998e-09 2.8551919999999996e-10 -2.8909683999999995e-10
260.222 1.3 -1.431 1.0137067999999998e-09 1.9662408e-10 -1.9901687999999998e-10
262.64 1.33 -1.118 1.1483644e-09 2.1942204e-10 -2.223336e-10
265.585 1.502 -1.615 9.02304e-10 1.700844e-10 -1.7342719999999998e-10
268.711 1.37 -1.624 9.546584e-10 1.804378e-10 -1.8272383999999998e-10
271.302 1.222 -1.22 1.1877992e-09 2.1854796e-10 -2.228422e-10
273.902 1.565 -1.377 9.860031999999999e-10 1.8283252e-10 -1.8574796e-10
276.511 1.726 -1.044 1.0329924e-09 1.9090316e-10 -1.9535008e-10
279.739 1.733 -1.502 8.872508e-10 1.6568988e-10 -1.6872524e-10
282.784 1.196 -1.312 1.1611852e-09 2.1276223999999997e-10 -2.1737112e-10
286.064 1.633 -2.084 7.837604e-10 1.4144508e-10 -1.45508e-10
289.489 1.745 -1.792 7.544787999999999e-10 1.4454412e-10 -1.4715327999999998e-10
293.189 2.182 -1.956 6.641895999999999e-10 1.2276091999999999e-10 -1.2559592e-10
296.465 1.168 -1.093 1.2154923999999998e-09 2.2594352e-10 -2.3057652e-10
298.956 1.18 -1.323 1.1242208e-09 2.0717444e-10 -2.1226824e-10
301.486 1.484 -1.35 1.0154776e-09 1.8665331999999997e-10 -1.9041340000000002e-10
304.733 1.415 -1.763 8.923236e-10 1.6468779999999997e-10 -1.6861291999999998e-10
307.645 1.592 -1.497 9.181704e-10 1.7344664e-10 -1.7566707999999997e-10
310.689 1.437 -1.453 1.0032819999999999e-09 1.8550491999999998e-10 -1.887112e-10
313.712 1.927 -1.586 8.249804e-10 1.49833e-10 -1.536948e-10
317.752 1.435 -2.112 8.050107999999999e-10 1.5441871999999998e-10 -1.5531188e-10
320.911 1.338 -1.724 9.640591999999998e-10 1.7800016e-10 -1.8119896e-10
324.588 1.798 -2.339 7.049816e-10 1.3419828e-10 -1.3543988e-10
328.041 1.497 -1.655 9.388904e-10 1.7076632e-10 -1.7503152e-10
331.17 1.599 -1.632 8.868671999999999e-10 1.6566192e-10 -1.6867692e-10
335.237 2.3 -2.468 5.880988e-10 1.1208299999999999e-10 -1.1370691999999999e-10
339.35 1.646 -1.813 8.355108e-10 1.546662e-10 -1.572524e-10
342.827 1.588 -1.831 8.401123999999999e-10 1.5806739999999998e-10 -1.6132928e-10
346.934 1.929 -2.519 6.360236e-10 1.2340147999999998e-10 -1.2488487999999999e-10
351.503 2.105 -2.64 5.775859999999999e-10 1.1243192e-10 -1.1362132e-10
355.504 1.794 -1.896 7.510844e-10 1.3917296e-10 -1.4143448e-10
359.426 2.271 -2.129 6.205727999999999e-10 1.1275168e-10 -1.1625239999999999e-10
363.597 1.448 -1.9 8.466523999999999e-10 1.5977747999999998e-10 -1.6101511999999998e-10
367.041 1.84 -1.995 7.415919999999999e-10 1.3776528e-10 -1.3983632e-10
371.031 2.455 -2.149 5.904592e-10 1.1294427999999999e-10 -1.1504023999999998e-10
375.53 1.466 -2.044 7.897472e-10 1.5027456e-10 -1.5256244e-10
378.845 1.57 -1.849 8.230808e-10 1.5290628e-10 -1.5609256e-10
382.341 1.766 -1.925 7.669252e-10 1.4295904e-10 -1.4570372e-10
385.727 2.227 -1.62 7.596779999999999e-10 1.441222e-10 -1.4567572e-10
389.324 1.669 -1.37 9.616115999999998e-10 1.8550436e-10 -1.8608015999999998e-10
392.595 1.66 -1.603 8.955432e-10 1.7211068e-10 -1.7293479999999997e-10
395.835 1.962 -1.58 7.561216e-10 1.4419508e-10 -1.4710623999999997e-10
399.648 1.591 -1.85 7.859775999999999e-10 1.4529004e-10 -1.4948223999999998e-10
402.958 2.276 -1.72 6.9834e-10 1.292998e-10 -1.3144884e-10
406.983 1.813 -1.748 8.266243999999999e-10 1.5269296e-10 -1.5540407999999998e-10
411.04 2.345 -2.244 6.321816e-10 1.1975435999999998e-10 -1.2112907999999999e-10
415.428 2.009 -2.043 7.112399999999999e-10 1.3236948e-10 -1.342452e-10
419.544 1.967 -2.107 6.825496e-10 1.2345548e-10 -1.2688631999999998e-10
423.465 1.915 -1.953 7.083208e-10 1.2894335999999997e-10 -1.3284979999999997e-10
427.128 1.958 -1.749 7.459583999999999e-10 1.4154343999999998e-10 -1.4389219999999998e-10
431.801 1.972 -2.714 6.098671999999999e-10 1.143624e-10 -1.1622839999999999e-10
436.8 2.374 -3.027 5.333528e-10 9.771724e-11 -9.983899999999999e-11
441.472 2.215 -2.297 6.124779999999999e-10 1.1435591999999999e-10 -1.1713704e-10
446.5 2.534 -2.814 5.239816e-10 9.885859999999999e-11 -1.0018499999999999e-10
450.727 1.539 -1.692 8.761888e-10 1.6271039999999997e-10 -1.651836e-10
453.821 1.139 -1.556 1.0347119999999998e-09 1.9234519999999998e-10 -1.9629283999999996e-10
456.931 2.117 -1.971 6.840976e-10 1.306098e-10 -1.3163463999999998e-10
461.124 2.141 -2.075 6.720412e-10 1.2726316e-10 -1.2874768e-10
465.847 2.528 -2.581 5.378928e-10 1.0498568e-10 -1.0595784e-10
470.284 1.934 -1.909 7.527903999999999e-10 1.4492536e-10 -1.4550687999999998e-10
474.353 2.604 -2.135 6.130756e-10 1.171326e-10 -1.1800272e-10
479.072 2.227 -2.114 6.597199999999999e-10 1.2791768e-10 -1.2872792e-10
483.19 2.544 -1.891 6.466092e-10 1.2474976e-10 -1.2583627999999997e-10
487.233 2.054 -1.499 8.195368e-10 1.5024155999999999e-10 -1.5430572e-10
490.698 1.92 -1.411 8.517535999999999e-10 1.5633428e-10 -1.6134532e-10
495.348 2.998 -2.731 4.89494e-10 9.126908e-11 -9.353695999999998e-11
499.746 1.749 -1.4 9.186983999999999e-10 1.7054684e-10 -1.7316407999999998e-10
503.494 2.265 -1.999 6.860352e-10 1.2750327999999998e-10 -1.2938883999999998e-10
507.338 1.504 -1.578 9.213139999999999e-10 1.7814596e-10 -1.7950232e-10
510.433 1.527 -1.592 9.09086e-10 1.7481467999999998e-10 -1.7659732000000002e-10
514.143 1.895 -2.183 6.654995999999999e-10 1.2750492e-10 -1.2980408e-10
518.703 1.891 -2.666 6.232988e-10 1.1249484e-10 -1.157352e-10
522.649 1.799 -2.055 7.352164e-10 1.3603928e-10 -1.3913387999999998e-10
526.937 2.573 -2.49 5.566376e-10 1.0538539999999999e-10 -1.0724719999999999e-10
532.455 2.797 -2.944 5.019892e-10 9.424387999999999e-11 -9.572824000000001e-11
536.803 2.073 -1.551 8.158295999999999e-10 1.5395188e-10 -1.5512384e-10
541.173 1.403 -2.297 7.989683999999999e-10 1.4883952e-10 -1.5087732e-10
544.726 1.747 -2.149 7.577643999999999e-10 1.4030296e-10 -1.4263479999999998e-10
549.225 2.267 -2.752 5.791836e-10 1.1155939999999999e-10 -1.1199348e-10
553.167 1.638 -1.675 8.776192e-10 1.7249735999999997e-10 -1.7175327999999998e-10
556.481 1.828 -1.677 8.437156e-10 1.6230395999999998e-10 -1.6218967999999998e-10
559.929 2.25 -1.62 7.528752e-10 1.4447068e-10 -1.4526131999999998e-10
564.588 2.058 -2.409 6.463207999999999e-10 1.2151592e-10 -1.233458e-10
569.18 2.4 -2.534 5.843836e-10 1.0699951999999999e-10 -1.0935523999999999e-10
573.449 1.801 -1.87 7.738684e-10 1.4508743999999998e-10 -1.4746855999999998e-10
577.658 1.999 -2.408 6.454739999999999e-10 1.2274988e-10 -1.2392896e-10
582.383 2.779 -2.726 5.169196e-10 9.720988e-11 -9.866271999999999e-11
587.079 2.348 -1.917 6.823748e-10 1.273986e-10 -1.2974772e-10
591.88 2.165 -2.454 6.393855999999999e-10 1.2235144e-10 -1.2318172e-10
596.727 2.708 -2.683 5.345016e-10 1.036288e-10 -1.0429188e-10
602.777 2.214 -3.342 5.165336e-10 9.818115999999999e-11 -9.914583999999999e-11
607.51 2.643 -2.519 5.531496e-10 1.0644e-10 -1.0749072e-10
612.659 2.75 -2.506 5.680832e-10 1.0744055999999999e-10 -1.0814467999999999e-10
617.969 2.052 -2.561 6.155523999999999e-10 1.2095468e-10 -1.2168487999999999e-10
623.338 2.396 -3.316 5.089228e-10 9.728519999999999e-11 -9.79842e-11
628.129 2.693 -2.395 3.806022e-10 8.456267999999999e-11 -8.480247999999999e-11
634.147 3.52 -3.324 4.3988039999999996e-10 8.396456e-11 -8.417892e-11
639.852 2.172 -2.185 6.672864e-10 1.2525476e-10 -1.2723867999999998e-10
644.076 1.827 -2.051 7.398915999999999e-10 1.3588452e-10 -1.3867612e-10
648.03 2.16 -2.127 6.593655999999999e-10 1.2601148e-10 -1.2693619999999998e-10
653.492 2.85 -3.302 4.322144e-10 8.186168e-11 -8.378372e-11
658.538 2.769 -2.195 5.440044e-10 1.0097236e-10 -1.0369612e-10
663.697 1.793 -2.391 6.612792e-10 1.2881748e-10 -1.3011692e-10
667.62 1.996 -2.13 6.921035999999999e-10 1.2953816e-10 -1.3177023999999998e-10
671.538 2.105 -1.921 7.073304e-10 1.34219e-10 -1.3565124e-10
676.345 2.815 -2.702 5.141107999999999e-10 9.694196e-11 -9.826731999999999e-11
681.068 1.534 -1.909 8.239096e-10 1.5569147999999998e-10 -1.5765672e-10
684.083 1.953 -1.481 8.520883999999999e-10 1.6067775999999998e-10 -1.6194828e-10
688.569 2.714 -2.533 5.413336e-10 1.0392471999999999e-10 -1.0506851999999999e-10
693.631 2.384 -2.349 6.178792e-10 1.1307679999999999e-10 -1.1559248e-10
698.776 2.973 -2.761 4.86908e-10 9.36636e-11 -9.51716e-11
704.181 2.334 -2.432 5.882576e-10 1.1168732e-10 -1.1418423999999999e-10
708.421 1.993 -1.905 7.443135999999999e-10 1.4092164e-10 -1.425708e-10
712.676 2.788 -2.263 5.640884e-10 1.0868992e-10 -1.0969676e-10
718.003 2.075 -2.539 5.985652e-10 1.114034e-10 -1.1427331999999999e-10
723.202 2.737 -3.125 4.724152e-10 8.817384e-11 -9.032263999999999e-11
728.57 2.233 -2.63 5.980268e-10 1.155536e-10 -1.1528983999999998e-10
733.607 2.312 -2.805 5.598736e-10 1.0584799999999998e-10 -1.0717043999999999e-10
738.548 2.286 -2.63 5.901196e-10 1.0827628e-10 -1.1116583999999999e-10
743.557 2.601 -2.722 5.451087999999999e-10 1.0298859999999999e-10 -1.0430004e-10
749.127 2.843 -2.969 4.873219999999999e-10 9.323667999999999e-11 -9.498055999999999e-11
755.094 2.375 -3.124 5.153527999999999e-10 1.0140672e-10 -1.0195708e-10
760.23 3.208 -2.761 4.953284e-10 9.337272e-11 -9.412623999999999e-11
766.441 3.432 -3.003 4.477568e-10 8.763007999999999e-11 -8.782707999999999e-11
772.539 2.421 -2.666 5.761972e-10 1.1385516e-10 -1.1367352e-10
777.91 2.637 -2.95 5.348024e-10 9.988443999999999e-11 -1.0170795999999999e-10
783.777 2.719 -3.23 5.05852e-10 9.804436e-11 -9.817316e-11
789.768 3.173 -3.272 4.5770879999999994e-10 8.744712e-11 -8.810096e-11
796.136 1.851 -3.194 3.7390211999999995e-10 8.49962e-11 -8.518824e-11
800.909 2.785 -2.922 5.008252e-10 9.439984e-11 -9.571236e-11
806.321 3.01 -2.626 3.7125008e-10 7.979919999999999e-11 -8.048488e-11
812.619 3.216 -3.288 4.3122639999999996e-10 8.162848e-11 -8.307807999999999e-11
818.389 2.744 -2.554 3.4882423999999996e-10 7.74396e-11 -7.846552e-11
823.848 2.896 -2.715 3.2675004e-10 7.536431999999999e-11 -7.579688e-11
829.615 3.06 -2.87 4.98036e-10 9.407635999999999e-11 -9.474555999999999e-11
835.709 3.109 -3.034 4.586368e-10 8.971344e-11 -9.044264e-11
841.489 4.37 -2.671 3.5983884e-10 7.289059999999999e-11 -7.325596e-11
849.193 3.006 -3.333 4.653472e-10 8.854896e-11 -8.888756e-11
855.278 2.989 -3.079 4.720348e-10 8.764431999999999e-11 -8.898624e-11
861.092 2.046 -2.825 3.7220599999999997e-10 8.193816e-11 -8.334744e-11
865.955 3.46 -2.816 3.5583288e-10 7.504639999999999e-11 -7.572708e-11
872.32 2.617 -2.905 3.619588e-10 7.979875999999999e-11 -7.959876e-11
878.005 2.987 -3.068 4.803916e-10 9.430075999999999e-11 -9.439515999999999e-11
884.403 3.983 -3.411 3.8738215999999997e-10 7.601187999999999e-11 -7.652052e-11
891.075 2.842 -2.689 5.42022e-10 1.0270747999999999e-10 -1.0329408e-10
896.32 2.225 -2.402 6.432916e-10 1.23859e-10 -1.2372536e-10
901.345 2.926 -2.801 5.15552e-10 9.85356e-11 -9.873264e-11
907.035 2.911 -2.763 5.108291999999999e-10 9.876884e-11 -9.898012e-11
912.508 3.285 -2.563 4.941519999999999e-10 9.4435e-11 -9.513035999999999e-11
932.965 8.466 -11.593 3.6270656e-10 7.607192e-11 -7.607192e-11
952.381 9.108 -10.95 3.768432399999999e-10 7.726727999999999e-11 -7.726727999999999e-11
970.819 10.729 -9.329 4.885343999999999e-10 8.827659999999999e-11 -8.827659999999999e-11
991.943 7.156 -10.395 3.597904e-10 8.099323999999999e-11 -8.099323999999999e-11
1011.094 10.571 -11.994 3.3496803999999994e-10 6.922372e-11 -6.922372e-11
1035.866 10.872 -14.201 2.8895364e-10 6.074555999999999e-11 -6.074555999999999e-11
1058.154 11.15 -11.416 4.474404e-10 7.9429e-11 -7.9429e-11
1080.795 8.567 -11.492 3.4654192e-10 7.424408e-11 -7.424408e-11
1098.829 15.606 -9.467 2.6459048e-10 5.8108479999999995e-11 -5.8108479999999995e-11
1126.635 15.381 -12.2 3.6429712e-10 6.472387999999999e-11 -6.472387999999999e-11
1152.311 9.763 -10.296 4.877116e-10 8.789903999999999e-11 -8.789903999999999e-11
1170.838 8.788 -8.763 3.913232e-10 8.466559999999998e-11 -8.466559999999998e-11
1189.412 10.272 -9.786 3.4532912e-10 7.443896e-11 -7.443896e-11
1210.454 9.288 -10.77 3.1368048e-10 7.099563999999999e-11 -7.099563999999999e-11
1236.813 10.51 -17.07 2.505114e-10 5.400012e-11 -5.400012e-11
1257.877 9.504 -10.555 3.2880291999999997e-10 7.230327999999999e-11 -7.230327999999999e-11
1278.86 13.594 -11.479 2.8504036e-10 6.049015999999999e-11 -6.049015999999999e-11
1302.927 9.586 -10.473 3.4578527999999997e-10 7.417259999999999e-11 -7.417259999999999e-11
1326.566 16.033 -14.053 2.7111671999999996e-10 5.3778959999999995e-11 -5.3778959999999995e-11
4592.613 11.412 -11.154 1.4429487999999997e-10 3.2524548e-11 -3.2524548e-11
4618.437 13.169 -14.411 1.1807444e-10 2.6437368e-11 -2.6437368e-11
4645.141 9.031 -13.535 1.4551408e-10 3.2668127999999994e-11 -3.2668127999999994e-11
4668.959 17.808 -14.787 1.014578e-10 2.2838344e-11 -2.2838344e-11
4700.028 11.812 -13.261 1.6297755999999998e-10 3.3452815999999995e-11 -3.3452815999999995e-11
4724.372 10.034 -12.532 1.6776887999999998e-10 3.5855052e-11 -3.5855052e-11
4751.263 13.23 -16.857 1.2462316e-10 2.6698715999999998e-11 -2.6698715999999998e-11
4780.667 11.407 -16.173 1.2935812e-10 2.8444172e-11 -2.8444172e-11
4801.561 10.571 -9.487 1.7925295999999998e-10 3.9215431999999995e-11 -3.9215431999999995e-11
4823.538 8.653 -11.405 1.7029896e-10 3.8130664e-11 -3.8130664e-11
4848.361 16.426 -16.17 1.0903539999999999e-10 2.4006064e-11 -2.4006064e-11
4879.364 15.51 -14.578 1.2343863999999998e-10 2.6444956e-11 -2.6444956e-11
4910.285 14.677 -15.411 1.0960836e-10 2.4673048e-11 -2.4673048e-11
4933.86 11.16 -8.898 1.6399927999999997e-10 3.7065236e-11 -3.7065236e-11
4952.666 7.399 -7.645 2.1941743999999997e-10 4.939128e-11 -4.939128e-11
4970.985 11.646 -10.92 1.5935988e-10 3.495206e-11 -3.495206e-11
4997.489 10.214 -14.859 1.4216248e-10 3.1140596e-11 -3.1140596e-11
5022.74 12.544 -15.037 1.2253064e-10 2.758188e-11 -2.758188e-11
5055.961 16.933 -20.677 9.048764e-11 2.034174e-11 -2.034174e-11
5084.374 8.578 -11.48 2.1013475999999998e-10 4.2161359999999996e-11 -4.2161359999999996e-11
5105.211 10.306 -12.26 1.7247739999999998e-10 3.6047308e-11 -3.6047308e-11
5130.799 19.821 -15.282 9.689655999999999e-11 2.1899444e-11 -2.1899444e-11
5167.027 16.189 -16.406 1.0896912e-10 2.3899956e-11 -2.3899956e-11
5197.227 13.569 -14.011 1.3561384e-10 2.9159456e-11 -2.9159456e-11
5226.37 12.006 -15.575 1.2775232e-10 2.7984059999999998e-11 -2.7984059999999998e-11
5256.8 14.171 -18.424 1.039272e-10 2.3520007999999998e-11 -2.3520007999999998e-11
5288.456 12.603 -17.485 1.1816788e-10 2.5917504e-11 -2.5917504e-11
5316.634 12.005 -15.575 1.2934072e-10 2.8296055999999997e-11 -2.8296055999999997e-11
5350.509 15.74 -21.869 9.894752e-11 2.1301472e-11 -2.1301472e-11
5385.916 17.942 -19.667 9.045396e-11 2.0361364e-11 -2.0361364e-11
5417.889 21.072 -14.031 9.677215999999999e-11 2.1754503999999998e-11 -2.1754503999999998e-11
5450.865 18.184 -11.903 1.1147135999999999e-10 2.5227343999999998e-11 -2.5227343999999998e-11
5489.351 14.801 -20.302 9.633292e-11 2.1598079999999998e-11 -2.1598079999999998e-11
5525.228 14.026 -21.076 1.0597239999999999e-10 2.2730644e-11 -2.2730644e-11
5554.795 9.532 -15.541 1.3616732e-10 3.0651527999999996e-11 -3.0651527999999996e-11
5577.862 16.552 -13.535 1.1275819999999999e-10 2.5348196e-11 -2.5348196e-11
5611.894 25.144 -17.48 8.449927999999999e-11 1.853304e-11 -1.853304e-11
5651.18 13.439 -14.141 1.3009652e-10 2.8643043999999997e-11 -2.8643043999999997e-11
5677.027 10.158 -12.408 1.501476e-10 3.3618684e-11 -3.3618684e-11
5701.596 13.169 -14.411 1.2208124e-10 2.7554408e-11 -2.7554408e-11
5735.192 14.676 -20.426 9.564984e-11 2.1559796e-11 -2.1559796e-11
5765.92 16.542 -16.053 1.0880027999999998e-10 2.3802395999999998e-11 -2.3802395999999998e-11
5797.376 12.667 -14.913 1.2361156e-10 2.7862455999999997e-11 -2.7862455999999997e-11
5840.74 19.449 -30.697 6.663724e-11 1.5000168e-11 -1.5000168e-11
5879.736 18.063 -19.547 8.862019999999999e-11 2.0028916e-11 -2.0028916e-11
5914.57 10.809 -16.771 1.2790644e-10 2.801782e-11 -2.801782e-11
5950.313 20.197 -24.934 7.525963999999999e-11 1.700932e-11 -1.700932e-11
5989.905 18.216 -19.394 9.453735999999999e-11 2.0761072e-11 -2.0761072e-11
6026.003 19.727 -17.883 9.9229e-11 2.1310096e-11 -2.1310096e-11
6063.455 9.855 -17.725 1.2865256e-10 2.8217088e-11 -2.8217088e-11
6086.442 11.941 -13.132 1.5621736e-10 3.272478e-11 -3.272478e-11
6114.078 14.393 -15.695 1.1721336e-10 2.5806588e-11 -2.5806588e-11
6139.75 11.287 -11.279 1.675018e-10 3.584136e-11 -3.584136e-11
6166.201 14.924 -15.164 1.1313207999999999e-10 2.5568816e-11 -2.5568816e-11
6189.54 9.136 -8.415 2.0491271999999996e-10 4.4829040000000003e-11 -4.4829040000000003e-11
6223.603 25.219 -24.927 6.694676e-11 1.5191716e-11 -1.5191716e-11
6260.729 10.659 -11.907 1.501772e-10 3.3715012e-11 -3.3715012e-11
6284.697 11.764 -13.309 1.4065988e-10 3.0811448e-11 -3.0811448e-11
6317.047 17.023 -20.586 9.425347999999999e-11 2.0725115999999997e-11 -2.0725115999999997e-11
6359.004 17.69 -24.934 7.964287999999999e-11 1.7999963999999998e-11 -1.7999963999999998e-11
6391.243 10.524 -14.549 1.5529343999999998e-10 3.2380924e-11 -3.2380924e-11
6421.944 12.418 -20.177 1.0276575999999999e-10 2.3132776000000002e-11 -2.3132776000000002e-11
6451.278 20.694 -16.915 8.911732e-11 2.0033691999999996e-11 -2.0033691999999996e-11
6488.767 13.293 -16.795 1.1014768e-10 2.4728319999999998e-11 -2.4728319999999998e-11
6515.596 11.537 -13.536 1.3375223999999998e-10 3.0107884e-11 -3.0107884e-11
6545.213 17.022 -18.08 9.865935999999999e-11 2.1666292e-11 -2.1666292e-11
6580.526 21.826 -18.291 8.298183999999998e-11 1.87546e-11 -1.87546e-11
6615.133 14.799 -12.781 1.2303336e-10 2.7621172e-11 -2.7621172e-11
6642.525 9.973 -12.593 1.5731536e-10 3.4547568e-11 -3.4547568e-11
6680.069 15.053 -27.571 8.645867999999999e-11 1.8612864e-11 -1.8612864e-11
6716.086 11.632 -20.963 1.1384024e-10 2.4447963999999998e-11 -2.4447963999999998e-11
6752.657 15.177 -24.94 8.337424e-11 1.8868612e-11 -1.8868612e-11
6782.073 15.849 -14.239 1.229256e-10 2.6431252e-11 -2.6431252e-11
6817.223 13.294 -19.301 1.0386243999999999e-10 2.3442324e-11 -2.3442324e-11
6846.689 16.423 -16.172 1.0772988e-10 2.3779327999999997e-11 -2.3779327999999997e-11
6887.465 18.272 -24.353 9.033564e-11 1.8967739999999998e-11 -1.8967739999999998e-11
6927.164 18.689 -21.428 8.2964e-11 1.8801043999999997e-11 -1.8801043999999997e-11
6955.754 12.665 -9.901 1.5162172e-10 3.3993967999999994e-11 -3.3993967999999994e-11
6987.005 16.516 -18.586 1.138264e-10 2.3442315999999998e-11 -2.3442315999999998e-11
7031.083 20.077 -27.562 7.667648e-11 1.6527099999999996e-11 -1.6527099999999996e-11
7072.389 26.4 -21.229 1.2341979999999999e-10 2.0941236e-11 -2.0941236e-11
10295.35 24.286 -20.846 5.997912e-11 1.2888939999999999e-11 -1.2888939999999999e-11
10345.704 19.064 -26.068 5.4822279999999996e-11 1.2311884e-11 -1.2311884e-11
10386.072 21.32 -21.304 5.76882e-11 1.2955508e-11 -1.2955508e-11
10428.817 16.184 -21.425 6.80362e-11 1.4867131999999998e-11 -1.4867131999999998e-11
10470.44 27.216 -25.438 4.6236439999999994e-11 1.0413848000000001e-11 -1.0413848000000001e-11
10517.768 14.99 -20.112 7.39544e-11 1.6204928e-11 -1.6204928e-11
10554.19 18.685 -21.432 5.951660000000001e-11 1.3443983999999999e-11 -1.3443983999999999e-11
10594.182 16.303 -21.307 6.825999999999999e-11 1.4957168e-11 -1.4957168e-11
10629.535 23.574 -19.051 5.7272199999999997e-11 1.2899431999999999e-11 -1.2899431999999999e-11
10670.833 19.885 -17.724 6.797556e-11 1.4915396e-11 -1.4915396e-11
10724.046 31.863 -33.327 3.7232067999999995e-11 8.471884e-12 -8.471884e-12
10790.117 43.519 -34.208 3.1370556e-11 7.117263999999999e-12 -7.117263999999999e-12
10859.073 24.709 -25.437 4.8787279999999994e-11 1.1004347999999998e-11 -1.1004347999999998e-11
10901.982 21.917 -18.2 6.520352e-11 1.4307148e-11 -1.4307148e-11
10949.962 29.098 -26.063 4.4919599999999994e-11 1.0102587999999999e-11 -1.0102587999999999e-11
11004.753 21.945 -25.694 5.177252e-11 1.1711756e-11 -1.1711756e-11
11048.685 23.145 -21.987 6.015716e-11 1.2944303999999999e-11 -1.2944303999999999e-11
11101.658 20.318 -29.828 4.9198679999999996e-11 1.1064972e-11 -1.1064972e-11
11144.66 19.94 -22.684 5.7852119999999995e-11 1.3011159999999998e-11 -1.3011159999999998e-11
11181.268 25.957 -16.667 5.779324e-11 1.2960332e-11 -1.2960332e-11
11232.043 15.299 -24.818 6.155068e-11 1.3863076e-11 -1.3863076e-11
11262.884 14.545 -15.542 8.306304e-11 1.8654135999999998e-11 -1.8654135999999998e-11
11306.611 23.472 -29.182 4.9248279999999994e-11 1.0866207999999999e-11 -1.0866207999999999e-11
11354.371 25.858 -24.288 5.229936e-11 1.1507452e-11 -1.1507452e-11
11404.913 32.984 -24.684 4.254343999999999e-11 9.623991999999999e-12 -9.623991999999999e-12
11466.361 21.683 -28.464 5.1756679999999994e-11 1.1403832e-11 -1.1403832e-11
11506.485 14.153 -18.442 8.052847999999998e-11 1.7621148e-11 -1.7621148e-11
11537.559 20.689 -16.92 6.66478e-11 1.4945996e-11 -1.4945996e-11
11585.446 17.934 -27.198 5.5421559999999997e-11 1.2428475999999998e-11 -1.2428475999999998e-11
11630.95 27.59 -27.57 4.51484e-11 1.0168792e-11 -1.0168792e-11
11670.698 12.915 -12.158 9.929367999999999e-11 2.2331523999999996e-11 -2.2331523999999996e-11
11709.304 26.963 -25.69 4.6759719999999995e-11 1.0547024e-11 -1.0547024e-11
11763.464 32.979 -27.197 4.11332e-11 9.251007999999999e-12 -9.251007999999999e-12
11832.533 26.592 -36.09 3.9145675999999994e-11 8.868296e-12 -8.868296e-12
11879.179 20.063 -20.054 6.122968e-11 1.3750851999999998e-11 -1.3750851999999998e-11
11930.453 18.935 -31.211 4.8894559999999994e-11 1.0996572e-11 -1.0996572e-11
11967.946 29.081 -18.558 5.4846919999999996e-11 1.200154e-11 -1.200154e-11
12011.191 13.417 -14.164 9.034687999999999e-11 2.0289931999999998e-11 -2.0289931999999998e-11
12048.544 23.702 -23.937 5.162148e-11 1.1746091999999998e-11 -1.1746091999999998e-11
12088.18 24.182 -15.934 6.50136e-11 1.4265475999999999e-11 -1.4265475999999999e-11
12150.449 42.148 -38.086 3.0447148e-11 6.928024e-12 -6.928024e-12
12214.152 28.591 -21.555 4.8541679999999995e-11 1.0996923999999999e-11 -1.0996923999999999e-11
12266.429 21.445 -23.686 5.461088e-11 1.2264408e-11 -1.2264408e-11
12317.444 45.65 -29.57 3.2241604e-11 7.304203999999999e-12 -7.304203999999999e-12
12396.137 24.624 -33.044 4.6813039999999995e-11 1.007298e-11 -1.007298e-11
12457.601 30.857 -36.84 3.5962611999999993e-11 8.171047999999998e-12 -8.171047999999998e-12
12510.893 17.682 -22.435 6.153608e-11 1.379968e-11 -1.379968e-11
12572.322 21.444 -43.746 3.9300535999999995e-11 8.695456e-12 -8.695456e-12
12612.312 24.078 -18.547 5.725952e-11 1.2952996e-11 -1.2952996e-11
12661.457 17.557 -25.067 5.7627599999999997e-11 1.29419e-11 -1.29419e-11
12701.803 14.821 -22.789 7.045107999999999e-11 1.5119304e-11 -1.5119304e-11
12747.709 21.568 -31.085 4.5860599999999995e-11 1.0374384e-11 -1.0374384e-11
12811.33 48.201 -42.053 4.2715399999999996e-11 7.605908e-12 -7.605908e-12
27615.852 47.275 -37.973 1.7924375999999997e-11 4.048308e-12 -4.048308e-12
27711.762 26.585 -48.634 2.015788e-11 4.542608e-12 -4.542608e-12
27782.217 36.363 -43.871 1.9284084e-11 4.3312159999999995e-12 -4.3312159999999995e-12
27842.769 33.479 -24.189 2.6587719999999998e-11 5.958375999999999e-12 -5.958375999999999e-12
27912.343 46.647 -36.094 1.8385651999999998e-11 4.152488e-12 -4.152488e-12
27990.322 38.873 -31.332 2.1947572e-11 4.929435999999999e-12 -4.929435999999999e-12
28073.826 28.081 -44.631 2.4310575999999998e-11 5.088684e-12 -5.088684e-12
28140.887 41.254 -38.98 1.8803616e-11 4.251635999999999e-12 -4.251635999999999e-12
28233.523 46.403 -51.382 1.5415688e-11 3.4817083999999996e-12 -3.4817083999999996e-12
28321.787 48.403 -41.861 1.678274e-11 3.79895e-12 -3.79895e-12
28413.432 36.991 -43.243 1.8847799999999998e-11 4.25212e-12 -4.25212e-12
28504.936 53.301 -54.513 1.4022783999999998e-11 3.1742051999999997e-12 -3.1742051999999997e-12
28599.362 44.124 -41.125 1.8840403999999997e-11 4.141851999999999e-12 -4.141851999999999e-12
28684.506 34.199 -41.02 2.2165572e-11 4.754399999999999e-12 -4.754399999999999e-12
28743.774 27.585 -25.069 2.8855816e-11 6.5027e-12 -6.5027e-12
28814.722 36.87 -43.364 1.8909344e-11 4.2470479999999994e-12 -4.2470479999999994e-12
28897.462 49.408 -45.869 1.598244e-11 3.6056843999999998e-12 -3.6056843999999998e-12
28984.975 29.592 -38.105 2.2539959999999997e-11 5.062484e-12 -5.062484e-12
29053.299 26.458 -38.732 2.3242576e-11 5.237747999999999e-12 -5.237747999999999e-12
29126.007 33.984 -46.25 1.8883692e-11 4.264975999999999e-12 -4.264975999999999e-12
29197.217 32.979 -37.226 2.1766428000000002e-11 4.910568e-12 -4.910568e-12
29255.515 29.841 -25.319 2.7689811999999995e-11 6.2260599999999994e-12 -6.2260599999999994e-12
29327.721 50.406 -42.364 1.6410811999999998e-11 3.677704399999999e-12 -3.677704399999999e-12
29439.91 58.567 -61.784 1.2567763999999998e-11 2.8576412e-12 -2.8576412e-12
29547.353 51.416 -48.876 1.5251227999999997e-11 3.4254331999999997e-12 -3.4254331999999997e-12
29623.336 28.086 -24.567 2.8843543999999998e-11 6.507188e-12 -6.507188e-12
29694.931 36.725 -43.509 2.0151544e-11 4.420712e-12 -4.420712e-12
29775.769 66.208 -44.113 1.3743103999999998e-11 3.142554e-12 -3.142554e-12
29883.586 48.655 -41.608 1.7055228e-11 3.856314e-12 -3.856314e-12
30002.607 44.97 -70.366 1.3555259999999999e-11 3.0314279999999998e-12 -3.0314279999999998e-12
30090.142 42.675 -42.565 2.4232979999999998e-11 4.729504e-12 -4.729504e-12
33370.013 28.599 -34.084 1.5950424e-11 3.5034623999999995e-12 -3.5034623999999995e-12
33460.521 58.442 -61.91 8.508388e-12 1.9307963999999998e-12 -1.9307963999999998e-12
33582.049 47.236 -63.086 1.2104292e-11 2.6711652000000003e-12 -2.6711652000000003e-12
33696.067 53.569 -66.782 1.3816939999999998e-11 3.0317808e-12 -3.0317808e-12
33812.845 32.069 -63.209 1.1498512e-11 2.5208964e-12 -2.5208964e-12
33972.158 105.934 -127.244 8.028612e-12 1.3483364e-12 -1.3483364e-12
35189.18 34.608 -33.09 1.2875871999999998e-11 2.898526e-12 -2.898526e-12
35263.237 45.798 -39.45 1.0721556000000001e-11 2.3672892e-12 -2.3672892e-12
35350.277 28.964 -41.241 1.2667603999999998e-11 2.8388935999999995e-12 -2.8388935999999995e-12
35418.932 35.528 -39.691 1.2288043999999999e-11 2.6900416e-12 -2.6900416e-12
35489.181 27.962 -34.721 1.3968335999999999e-11 3.1515284e-12 -3.1515284e-12
35574.167 45.775 -57.025 1.1331375999999999e-11 2.5676596e-12 -2.5676596e-12
35700.457 47.358 -80.515 1.2824476e-11 2.8398856e-12 -2.8398856e-12
35825.225 68.012 -77.41 1.3753599999999998e-11 2.7317291999999997e-12 -2.7317291999999997e-12
41763.114 3100.617 -248.21 1.1195520000000001e-11 2.5932092e-12 -2.5932092e-12
44905.926 45.561 -42.196 1.1732648e-11 2.5652404e-12 -2.5652404e-12
45036.713 62.706 -85.226 6.479508e-12 1.4667511999999999e-12 -1.4667511999999999e-12
45132.636 39.495 -33.217 1.3193003999999999e-11 2.9742287999999997e-12 -2.9742287999999997e-12
45260.619 61.951 -88.488 6.276272e-12 1.4236744e-12 -1.4236744e-12
45409.801 80.759 -87.231 5.655356e-12 1.2762499999999997e-12 -1.2762499999999997e-12
45532.172 51.159 -41.612 1.0240024000000001e-11 2.3014348e-12 -2.3014348e-12
45624.94 58.684 -41.609 9.453732e-12 2.1268899999999996e-12 -2.1268899999999996e-12
45744.791 51.662 -61.167 8.417036e-12 1.8955928e-12 -1.8955928e-12
45845.818 50.921 -49.365 1.2270943999999999e-11 2.423584e-12 -2.423584e-12
50663.864 99.438 -58.523 7.166811999999999e-12 1.6187468e-12 -1.6187468e-12
50873.968 97.442 -110.665 5.163419999999999e-12 1.1733615999999999e-12 -1.1733615999999999e-12
51034.831 56.929 -63.422 9.035812e-12 2.0347224e-12 -2.0347224e-12
51176.807 75.422 -85.046 6.975848e-12 1.5413511999999998e-12 -1.5413511999999998e-12
51327.423 97.811 -75.194 6.074123999999999e-12 1.3803139999999999e-12 -1.3803139999999999e-12
51485.146 60.439 -59.912 8.774188e-12 1.9797992e-12 -1.9797992e-12
51620.536 60.443 -74.952 7.832364e-12 1.7655035999999998e-12 -1.7655035999999998e-12
51759.609 76.816 -78.63 7.846704e-12 1.6461783999999998e-12 -1.6461783999999998e-12
56506.46 77.12 -88.363 5.636092e-12 1.268888e-12 -1.268888e-12
56660.155 91.415 -76.575 5.464792e-12 1.2387935999999999e-12 -1.2387935999999999e-12
56810.355 54.044 -58.785 8.194632e-12 1.8407116e-12 -1.8407116e-12
56910.4 76.858 -46.0 7.434704e-12 1.685346e-12 -1.685346e-12
57066.727 53.418 -79.47 6.883479999999999e-12 1.5532608e-12 -1.5532608e-12
57206.508 61.569 -86.362 6.145528e-12 1.3883275999999998e-12 -1.3883275999999998e-12
57368.697 165.155 -100.62 7.648823999999999e-12 1.7423636e-12 -1.7423636e-12
57627.491 81.872 -93.64 9.531083999999999e-12 2.1023295999999998e-12 -2.1023295999999998e-12
57808.474 88.937 -99.11 5.7933599999999995e-12 1.1983928e-12 -1.1983928e-12
62249.28 84.024 -106.532 4.815352e-12 1.065234e-12 -1.065234e-12
62474.619 79.329 -141.315 3.141004e-12 8.017059999999999e-13 -8.017059999999999e-13
62645.318 79.128 -91.37 5.156532e-12 1.1696823999999999e-12 -1.1696823999999999e-12
62779.848 64.948 -55.403 7.370695999999999e-12 1.6590364e-12 -1.6590364e-12
62916.241 91.531 -71.445 5.4412679999999995e-12 1.2315347999999998e-12 -1.2315347999999998e-12
63091.62 94.171 -83.849 4.913344e-12 1.1232484e-12 -1.1232484e-12
63278.777 92.555 -92.986 3.5681272e-12 9.377108000000001e-13 -9.377108000000001e-13
63414.203 44.885 -42.871 1.0053232e-11 2.2578591999999998e-12 -2.2578591999999998e-12
63534.671 57.304 -75.583 6.5824119999999996e-12 1.4931216e-12 -1.4931216e-12
63681.327 48.551 -89.351 6.774392e-12 1.4954451999999997e-12 -1.4954451999999997e-12
63805.328 85.017 -75.451 5.527039999999999e-12 1.252336e-12 -1.252336e-12
64573.89 3403.01 -683.545 6.398844e-12 1.1267147999999999e-12 -1.1267147999999999e-12
108132.428 23527.498 -5452.9 1.7230351999999998e-12 4.675432e-13 -4.675432e-13
131947.938 288.667 -288.011 1.465904e-12 3.5342244e-13 -3.5342244e-13
147694.415 2781.548 -3927.908 9.023499999999999e-13 1.8280575999999999e-13 -1.8280575999999999e-13
263741.078 7155.798 -5263.112 3.5874488e-13 7.287275999999999e-14 -7.287275999999999e-14
329121.927 34234.16 -510.236 4.758e-13 0.0 0.0
