col1 col2 col3 col4 col5 col6
63.44 0.287 -0.316 6.4641458e-09 9.7381954e-10 -1.00233398e-09
64.083 0.418 -0.356 5.037508e-09 7.636099999999999e-10 -7.70317e-10
64.898 0.387 -0.397 5.1177526e-09 7.565674599999999e-10 -7.529369399999999e-10
65.657 0.353 -0.371 5.598722399999999e-09 8.299914399999999e-10 -8.002134999999999e-10
66.354 0.317 -0.345 6.1253377999999996e-09 1.03200324e-09 -8.395871999999999e-10
67.075 0.351 -0.404 5.374347600000001e-09 8.4465336e-10 -7.4826066e-10
67.762 0.313 -0.336 6.2429591999999995e-09 1.0266638599999999e-09 -8.559450599999999e-10
68.46 0.384 -0.385 5.2746128e-09 8.899527799999999e-10 -7.183447799999999e-10
69.101 0.273 -0.257 7.499987799999999e-09 1.2311403399999998e-09 -1.0614217e-09
69.84 0.434 -0.466 4.4171047999999994e-09 6.6363124e-10 -6.4282282e-10
70.612 0.289 -0.338 6.4735774e-09 9.4991754e-10 -9.3509488e-10
71.248 0.374 -0.348 5.5049536e-09 8.2274522e-10 -8.053606e-10
71.97 0.277 -0.347 6.429763399999999e-09 1.00816166e-09 -9.0676132e-10
72.598 0.352 -0.351 5.7689585999999995e-09 9.267641399999999e-10 -8.0892842e-10
73.443 0.534 -0.493 3.9354776e-09 5.8336726e-10 -5.6790924e-10
74.376 0.355 -0.399 5.4853152e-09 8.059951999999999e-10 -7.8635984e-10
75.151 0.352 -0.42 5.3875677999999995e-09 7.9604566e-10 -7.702087e-10
76.004 0.385 -0.501 4.7399794e-09 7.4927526e-10 -6.555399e-10
76.899 0.469 -0.51 4.1476924e-09 5.9900122e-10 -5.5976888e-10
77.815 0.372 -0.448 3.3401346399999997e-09 5.5564626e-10 -5.307851399999999e-10
78.625 0.351 -0.437 3.3248742199999997e-09 6.335226999999999e-10 -5.677807999999999e-10
79.34 0.404 -0.364 3.69630028e-09 6.119880999999999e-10 -5.7729334e-10
80.207 0.447 -0.463 4.5078069999999994e-09 6.5050984e-10 -6.0461078e-10
81.107 0.349 -0.453 3.41420956e-09 5.663417399999999e-10 -5.426536799999999e-10
81.922 0.443 -0.466 4.551427199999999e-09 6.371843799999999e-10 -5.974310599999999e-10
82.734 0.408 -0.369 5.2201512e-09 7.4094186e-10 -6.984088400000001e-10
83.645 0.492 -0.502 4.1207314e-09 5.8574872e-10 -5.4821194e-10
84.602 0.483 -0.465 4.292993e-09 6.580820999999999e-10 -5.7672904e-10
85.499 0.437 -0.413 3.58630472e-09 6.1250528e-10 -5.487465999999999e-10
86.4 0.47 -0.464 4.2610274e-09 6.3099722e-10 -5.8023986e-10
87.245 0.374 -0.375 3.71944076e-09 6.0936192e-10 -5.794163999999999e-10
87.964 0.38 -0.345 3.75452312e-09 6.6329684e-10 -5.9798662e-10
88.763 0.307 -0.418 3.7009556599999997e-09 6.4940708e-10 -5.9763778e-10
89.445 0.572 -0.374 3.45536014e-09 5.3499326e-10 -5.0280346e-10
90.41 0.41 -0.393 3.72548238e-09 5.9701002e-10 -5.669839399999999e-10
91.266 0.363 -0.447 5.0395105999999995e-09 7.163532e-10 -6.6760604e-10
92.025 0.371 -0.396 3.4527807e-09 6.6971618e-10 -5.747401199999999e-10
92.813 0.455 -0.417 4.6099813999999995e-09 7.866569999999999e-10 -6.3716538e-10
93.793 0.512 -0.526 3.79525152e-09 5.6387326e-10 -5.1193486e-10
94.726 0.477 -0.421 2.97089244e-09 5.1427604e-10 -4.8826428e-10
95.593 0.477 -0.389 3.6146781799999995e-09 5.8850714e-10 -5.4818648e-10
96.463 0.37 -0.394 3.5704989999999997e-09 5.7844398e-10 -5.5568768e-10
97.172 0.422 -0.339 3.5278075199999997e-09 5.775544e-10 -5.5723542e-10
98.043 0.43 -0.449 3.0122725399999997e-09 5.362301599999999e-10 -4.9409462e-10
98.965 0.298 -0.492 3.4498569799999997e-09 6.3353258e-10 -5.518200399999999e-10
99.65 0.402 -0.386 3.7157513399999995e-09 6.6169818e-10 -5.809231e-10
100.509 0.393 -0.457 3.15879712e-09 5.296375399999999e-10 -5.0457654e-10
101.343 0.456 -0.441 3.0391716e-09 5.0060364e-10 -4.7718158e-10
102.41 0.392 -0.611 2.6771110199999997e-09 4.454816e-10 -4.2626955999999997e-10
103.266 0.525 -0.464 2.7156304799999997e-09 4.4884916e-10 -4.3081816e-10
104.266 0.319 -0.475 3.43440352e-09 5.6364222e-10 -5.381039399999999e-10
105.167 0.382 -0.582 2.80821672e-09 4.9576092e-10 -4.567809e-10
105.958 0.322 -0.409 3.6610165199999996e-09 5.9221708e-10 -5.693068799999999e-10
106.71 0.423 -0.429 4.6750374e-09 7.2697078e-10 -6.241367e-10
107.534 0.371 -0.401 3.4159226e-09 5.906100599999999e-10 -5.758200799999999e-10
108.266 0.405 -0.362 3.3899876e-09 6.018812399999999e-10 -5.7819166e-10
109.143 0.472 -0.471 2.79728868e-09 5.3817424e-10 -4.5630551999999995e-10
109.97 0.413 -0.356 3.3324696599999995e-09 5.9156994e-10 -5.9039574e-10
110.721 0.367 -0.338 3.74378508e-09 6.4377548e-10 -6.433939599999999e-10
111.445 0.386 -0.358 3.5980794e-09 6.225357599999999e-10 -5.915539799999999e-10
112.284 0.447 -0.453 2.92987106e-09 5.1179236e-10 -4.895353799999999e-10
113.262 0.443 -0.531 2.7103100999999995e-09 4.972862399999999e-10 -4.4621576e-10
114.17 0.416 -0.465 2.9084170199999997e-09 5.667509999999999e-10 -4.941983599999999e-10
115.031 0.399 -0.446 3.1663659599999995e-09 5.816671399999999e-10 -5.1500032e-10
115.961 0.551 -0.531 2.39512936e-09 4.2936351999999997e-10 -4.069553e-10
116.911 0.386 -0.399 3.33772468e-09 5.8014486e-10 -5.4854786e-10
117.638 0.433 -0.341 3.3837586399999996e-09 6.229613599999999e-10 -5.505078999999999e-10
118.436 0.364 -0.366 3.5388689399999996e-09 6.686073400000001e-10 -5.8737132e-10
119.297 0.467 -0.498 2.7157479e-09 4.6430907999999996e-10 -4.5892828e-10
120.344 0.486 -0.58 2.51192844e-09 4.680380199999999e-10 -4.0391643999999995e-10
121.265 0.467 -0.435 2.9032121599999996e-09 5.0908334e-10 -4.7647212e-10
122.251 0.451 -0.519 2.6238399599999997e-09 4.7672216e-10 -4.4465699999999997e-10
123.063 0.38 -0.362 3.52985648e-09 6.120048199999999e-10 -5.8167018e-10
123.922 0.491 -0.479 2.6622686e-09 4.6249496e-10 -4.501613e-10
125.001 0.51 -0.588 2.35159922e-09 4.4239941999999994e-10 -3.8873886e-10
126.011 0.505 -0.5 2.60519526e-09 4.7293774e-10 -4.2469142e-10
126.955 0.529 -0.439 3.63267156e-09 5.583925199999999e-10 -5.463195399999999e-10
128.087 0.432 -0.604 2.4989233199999998e-09 4.3771743999999993e-10 -4.1812121999999995e-10
128.977 0.515 -0.458 2.6973463999999997e-09 5.1862248e-10 -4.3627344e-10
129.976 0.356 -0.484 3.15086804e-09 5.663060199999999e-10 -5.1840778e-10
130.765 0.418 -0.433 2.9986901999999998e-09 5.2535836e-10 -5.1761662e-10
131.567 0.374 -0.384 3.46350354e-09 5.8630352e-10 -5.9057396e-10
132.325 0.427 -0.385 3.1433014799999997e-09 5.4894686e-10 -5.489651e-10
133.371 0.532 -0.619 2.28043814e-09 3.8624567999999997e-10 -3.8639692e-10
134.483 0.557 -0.58 2.3089882999999998e-09 3.9001907999999995e-10 -3.9612263999999995e-10
135.515 0.508 -0.476 2.6680712e-09 4.5407795999999996e-10 -4.4873516e-10
136.736 0.54 -0.712 2.0659167399999998e-09 3.6656357999999995e-10 -3.43928614e-10
137.713 0.445 -0.437 2.82254462e-09 5.110183e-10 -4.768300799999999e-10
138.797 0.458 -0.638 2.2486017399999998e-09 4.3225456000000003e-10 -3.70219332e-10
139.788 0.548 -0.533 2.21220572e-09 4.2063377999999996e-10 -3.7824155e-10
140.82 0.594 -0.484 2.31874556e-09 3.9441453999999994e-10 -3.8939207999999995e-10
141.839 0.492 -0.424 2.6895404399999997e-09 4.6257856e-10 -4.628818e-10
142.705 0.382 -0.375 3.259146e-09 5.595633e-10 -5.6483846e-10
143.554 0.533 -0.467 2.4646628999999997e-09 4.2134209999999996e-10 -4.3122551999999997e-10
144.544 0.338 -0.457 3.09864084e-09 5.325966e-10 -5.3432826e-10
145.379 0.56 -0.497 2.36558854e-09 3.995795e-10 -4.0561769999999993e-10
146.416 0.604 -0.477 2.2781718199999996e-09 3.9148968e-10 -3.939061e-10
147.675 0.52 -0.655 2.0683248e-09 3.61050844e-10 -3.6144897e-10
149.092 0.611 -0.898 1.6681540199999998e-09 2.8587301199999997e-10 -2.90000154e-10
150.518 0.623 -0.814 1.7008667e-09 2.9800325799999996e-10 -3.0851991e-10
151.62 0.542 -0.479 2.5012854e-09 4.2278002e-10 -4.2710594e-10
152.715 0.662 -0.553 2.1021402399999998e-09 3.57110928e-10 -3.5117973599999997e-10
154.065 0.611 -0.688 1.96680058e-09 3.33530028e-10 -3.3222712200000003e-10
155.252 0.53 -0.576 2.3083092399999998e-09 3.8927769999999996e-10 -3.9747164e-10
156.521 0.753 -0.738 1.6888644e-09 2.90522768e-10 -2.9049962599999996e-10
157.618 0.397 -0.344 3.4430279999999996e-09 5.86321e-10 -5.749818e-10
158.6 0.574 -0.584 2.20995764e-09 3.7349326e-10 -3.78720008e-10
159.803 0.666 -0.63 1.96618802e-09 3.37784584e-10 -3.3949275999999997e-10
160.979 0.614 -0.51 2.29762744e-09 3.931708e-10 -3.8055594e-10
162.209 0.533 -0.616 2.2157659399999998e-09 3.8181373999999996e-10 -3.76935072e-10
163.222 0.503 -0.479 3.7622686599999995e-09 5.6219974e-10 -5.6099818e-10
164.404 0.46 -0.68 2.26539774e-09 3.837107e-10 -3.8559854e-10
165.387 0.499 -0.522 2.5298047799999995e-09 4.2641471999999996e-10 -4.3542832000000003e-10
166.292 0.389 -0.406 3.2486063199999998e-09 5.4239452e-10 -5.6554336e-10
167.15 0.621 -0.468 2.3727131599999998e-09 3.976586e-10 -4.118744e-10
168.333 0.431 -0.563 2.48649884e-09 4.3846945999999996e-10 -4.4801164e-10
169.334 0.514 -0.569 2.3417283399999996e-09 4.01071e-10 -4.0813063999999997e-10
170.204 0.379 -0.355 3.32221612e-09 5.716818799999999e-10 -5.7108414e-10
171.215 0.617 -0.631 1.95452202e-09 3.3313813399999997e-10 -3.4355210999999996e-10
172.481 0.618 -0.649 1.95502096e-09 3.2735271e-10 -3.3989381199999995e-10
173.707 0.448 -0.608 2.3098889e-09 3.9233784e-10 -4.0745385999999995e-10
174.799 0.619 -0.644 1.93249912e-09 3.27477312e-10 -3.41034876e-10
176.058 0.452 -0.639 2.23829386e-09 3.8068058e-10 -3.9445102e-10
177.162 0.6 -0.653 1.97717572e-09 3.33297696e-10 -3.40473046e-10
178.389 0.592 -0.627 2.00302826e-09 3.4208869199999995e-10 -3.5118832399999994e-10
179.574 0.609 -0.593 2.00036446e-09 3.4719144599999994e-10 -3.53808728e-10
180.88 0.478 -0.697 2.1391777e-09 3.6871525399999996e-10 -3.6352304799999995e-10
182.075 0.78 -0.718 1.6558271999999998e-09 2.91685378e-10 -2.85379316e-10
183.394 0.593 -0.539 2.1921493199999996e-09 3.9368721999999993e-10 -3.72029956e-10
184.517 0.617 -0.531 2.22504706e-09 3.8163476e-10 -3.71421386e-10
185.79 0.675 -0.655 1.91867244e-09 3.24189552e-10 -3.2872299e-10
187.142 0.631 -0.676 1.9526060599999998e-09 3.30649932e-10 -3.3269847400000004e-10
188.264 0.468 -0.491 2.66266228e-09 4.5039423999999995e-10 -4.5517768e-10
189.359 0.52 -0.627 2.2250599799999997e-09 3.7802711599999995e-10 -3.7201334999999997e-10
190.483 0.521 -0.603 2.20602388e-09 3.8616055999999995e-10 -3.7931235199999997e-10
191.546 0.596 -0.542 2.1343178799999998e-09 3.72086804e-10 -3.7331561e-10
192.794 0.603 -0.652 1.96202588e-09 3.33610056e-10 -3.4581326199999995e-10
194.041 0.622 -0.645 1.94274316e-09 3.32344694e-10 -3.3882312399999994e-10
195.271 0.609 -0.608 2.02228932e-09 3.47562364e-10 -3.49382412e-10
196.813 0.848 -0.933 1.3618622399999997e-09 2.37199116e-10 -2.4014575e-10
198.19 0.696 -0.528 2.03960326e-09 3.42834518e-10 -3.52823616e-10
199.67 0.77 -0.785 1.5826410999999998e-09 2.6974444399999995e-10 -2.76299558e-10
201.226 0.734 -0.785 1.6488667399999999e-09 2.84408378e-10 -2.7900443599999997e-10
202.833 0.803 -0.873 1.6102496199999999e-09 2.73495994e-10 -2.6948596799999996e-10
204.262 0.69 -0.627 2.0498339999999998e-09 3.48011562e-10 -3.44230828e-10
205.713 0.988 -0.761 1.5210738800000001e-09 2.62444074e-10 -2.60186342e-10
207.443 0.765 -0.742 1.79085298e-09 3.09642278e-10 -2.96741544e-10
208.76 0.637 -0.552 2.23838734e-09 3.8396415999999996e-10 -3.8901891999999996e-10
210.207 0.677 -0.81 1.7885353599999997e-09 3.05620396e-10 -3.13079796e-10
211.556 0.559 -0.672 2.12944476e-09 3.71144898e-10 -3.74265724e-10
213.024 0.867 -0.909 1.42110576e-09 2.5018782e-10 -2.45782176e-10
214.507 0.573 -0.617 2.15467334e-09 3.64899864e-10 -3.66503996e-10
215.771 0.523 -0.691 2.08346552e-09 3.56000074e-10 -3.6496434999999994e-10
217.099 0.702 -0.805 1.70187218e-09 2.8826568199999995e-10 -2.88934938e-10
218.538 0.724 -0.737 1.70566154e-09 2.97969818e-10 -2.9740802599999994e-10
220.193 0.923 -0.931 1.38338924e-09 2.3369977200000003e-10 -2.36161222e-10
221.774 0.729 -0.659 1.84805476e-09 3.0999525999999994e-10 -3.19995682e-10
223.575 0.976 -1.072 1.26773966e-09 2.1647498e-10 -2.2637987e-10
225.462 1.117 -0.911 1.32002538e-09 2.2226408999999999e-10 -2.3207819799999997e-10
227.582 0.906 -1.003 1.42274584e-09 2.41308284e-10 -2.40203358e-10
229.586 1.101 -1.098 1.18228108e-09 2.1007422199999997e-10 -2.08380182e-10
231.367 0.754 -0.68 1.8670342399999998e-09 3.24941534e-10 -3.13518316e-10
233.023 1.144 -0.902 1.26942572e-09 2.22083552e-10 -2.1889291999999999e-10
234.768 0.522 -0.601 2.19820994e-09 3.7816159799999997e-10 -3.7828418599999993e-10
236.12 0.825 -0.83 1.54669842e-09 2.5769548e-10 -2.6500668e-10
237.658 0.873 -0.714 1.5550341e-09 2.6741979399999996e-10 -2.6772079199999997e-10
239.554 0.929 -1.023 1.2827207799999998e-09 2.1729748999999997e-10 -2.1782208000000002e-10
241.449 0.935 -0.966 1.2611622399999999e-09 2.22190408e-10 -2.26009408e-10
243.049 0.72 -0.666 1.78058424e-09 3.02043836e-10 -3.13935442e-10
244.775 1.206 -1.006 1.1195643599999998e-09 1.9486168199999996e-10 -1.97668096e-10
246.94 0.926 -0.96 1.34273988e-09 2.30383702e-10 -2.3276098200000002e-10
248.908 0.83 -1.042 1.31379034e-09 2.3188933799999998e-10 -2.3611729399999996e-10
250.529 0.917 -0.79 1.5040833199999997e-09 2.55560792e-10 -2.52688638e-10
252.237 0.92 -0.791 1.5009391999999997e-09 2.50238854e-10 -2.60836294e-10
253.965 0.846 -0.807 1.5321010999999998e-09 2.62794966e-10 -2.65479552e-10
255.763 0.903 -0.953 1.3762543599999999e-09 2.3531154199999996e-10 -2.40811852e-10
257.836 0.928 -1.17 1.2358785599999999e-09 2.0832356199999999e-10 -2.1282869e-10
259.593 1.041 -0.829 1.3666031199999999e-09 2.34645136e-10 -2.36729854e-10
261.645 1.04 -1.011 1.26374776e-09 2.13797196e-10 -2.1567960200000001e-10
263.84 1.492 -1.155 9.5129314e-10 1.65709488e-10 -1.67218354e-10
266.559 1.105 -1.227 1.1270883599999998e-09 1.8925428799999999e-10 -1.9481581599999997e-10
268.865 1.05 -1.2 1.17213774e-09 1.98956828e-10 -1.97098704e-10
270.903 1.209 -0.988 1.2006145599999999e-09 2.0393775399999998e-10 -2.00703004e-10
273.162 1.011 -1.049 1.2804385e-09 2.20912164e-10 -2.1634251199999998e-10
275.277 1.207 -1.105 1.1409595e-09 2.00064604e-10 -1.889379e-10
277.9 1.279 -1.416 9.460848599999998e-10 1.62282116e-10 -1.64326326e-10
280.193 1.292 -1.014 1.08994374e-09 1.8977808e-10 -1.9062912799999998e-10
282.672 1.037 -1.187 1.16323776e-09 1.97379334e-10 -1.95874572e-10
284.804 1.106 -1.095 1.14193838e-09 1.99902686e-10 -1.97056486e-10
286.602 0.816 -0.693 1.7180788e-09 2.8993467999999996e-10 -2.9471865199999996e-10
288.744 0.889 -1.326 1.1683061999999999e-09 2.0085918399999999e-10 -2.00484732e-10
291.057 1.232 -1.424 9.7424058e-10 1.67838666e-10 -1.66093136e-10
293.17 1.149 -0.881 1.29326464e-09 2.2141528399999996e-10 -2.15067726e-10
295.242 1.183 -0.923 1.21072294e-09 2.13017474e-10 -2.07651494e-10
297.291 1.051 -0.865 1.30548696e-09 2.2760825799999997e-10 -2.2893939800000001e-10
299.454 0.996 -1.112 1.13118742e-09 1.9381785999999996e-10 -1.96316588e-10
301.623 1.206 -1.172 1.00258782e-09 1.7218673999999998e-10 -1.72972808e-10
303.782 1.034 -0.953 1.14794048e-09 2.04433844e-10 -2.1078333999999998e-10
306.145 1.359 -1.329 8.999726199999999e-10 1.5132702e-10 -1.5548129399999997e-10
308.853 1.021 -1.349 1.03419128e-09 1.84433418e-10 -1.7254861399999998e-10
311.058 1.042 -1.184 1.1353621e-09 1.9407367599999998e-10 -1.87451644e-10
313.412 1.616 -1.312 8.505885799999999e-10 1.46440372e-10 -1.45356004e-10
316.231 1.16 -1.203 1.0390055e-09 1.7979772199999998e-10 -1.8520626199999997e-10
319.361 1.469 -1.97 7.445986e-10 1.2932805999999997e-10 -1.31082824e-10
321.98 1.284 -1.15 1.10072434e-09 1.9348247199999997e-10 -1.8577246199999998e-10
324.649 1.342 -1.385 9.6028622e-10 1.6883954799999998e-10 -1.6467634399999998e-10
327.434 1.215 -1.443 1.01430588e-09 1.7185367000000002e-10 -1.71567454e-10
330.128 1.101 -1.479 9.6862456e-10 1.69115808e-10 -1.6903954199999997e-10
332.473 1.243 -1.244 1.0066986599999999e-09 1.70650932e-10 -1.7044660599999998e-10
336.0 1.901 -2.283 5.8983486e-10 1.0084865599999999e-10 -1.0284042599999999e-10
339.266 1.167 -1.365 9.8900852e-10 1.6800943799999997e-10 -1.6539347999999998e-10
341.587 1.144 -1.155 1.0745602e-09 1.87813442e-10 -1.86792686e-10
344.36 1.667 -1.629 7.714930999999999e-10 1.30950432e-10 -1.2942515e-10
347.033 1.179 -1.006 1.1475532599999999e-09 1.9610766399999998e-10 -2.00625712e-10
349.339 1.221 -1.126 1.06838102e-09 1.8375887999999997e-10 -1.83935352e-10
351.972 1.427 -1.412 8.819416199999999e-10 1.49483108e-10 -1.49387538e-10
354.779 0.977 -1.38 1.0575893999999999e-09 1.7623032e-10 -1.8239346399999999e-10
356.874 1.138 -1.118 1.10512398e-09 1.86067646e-10 -1.8963531399999997e-10
359.166 1.178 -1.154 1.03838382e-09 1.8111081199999999e-10 -1.82186896e-10
362.066 1.44 -1.722 7.785800999999999e-10 1.32926052e-10 -1.3613629199999999e-10
365.164 1.279 -1.658 8.146117e-10 1.4446539799999999e-10 -1.43879096e-10
367.418 1.036 -0.975 1.24342384e-09 2.0958907599999998e-10 -2.14414734e-10
369.761 1.082 -1.308 1.0462159999999999e-09 1.75736966e-10 -1.8134219399999998e-10
371.847 1.038 -1.004 1.23224348e-09 2.06978248e-10 -2.13518998e-10
374.617 1.705 -1.732 7.5509496e-10 1.2790997599999999e-10 -1.28177952e-10
377.752 1.286 -1.429 9.4234224e-10 1.6233653200000002e-10 -1.6072457199999997e-10
380.216 1.221 -1.179 1.0814146399999999e-09 1.8321016e-10 -1.8389301999999998e-10
382.968 1.383 -1.531 8.6919604e-10 1.51705462e-10 -1.52178638e-10
386.21 1.778 -1.858 7.1046852e-10 1.22336858e-10 -1.21636214e-10
389.823 1.551 -1.835 7.7416298e-10 1.3106845999999998e-10 -1.3196533599999998e-10
392.536 1.11 -1.162 1.13719484e-09 1.9461445399999999e-10 -1.9874391399999998e-10
395.162 1.665 -1.516 7.780173199999999e-10 1.3033289399999998e-10 -1.35173144e-10
397.965 1.192 -1.138 1.04072652e-09 1.7647507799999998e-10 -1.83739158e-10
400.614 1.569 -1.456 8.135739199999999e-10 1.36032666e-10 -1.41550456e-10
403.626 1.793 -1.443 7.480604e-10 1.30231016e-10 -1.316301e-10
407.502 1.916 -2.084 6.1702918e-10 1.0965682799999999e-10 -1.0799767199999999e-10
410.986 1.246 -1.568 8.8985474e-10 1.5505531399999998e-10 -1.56656368e-10
413.652 1.445 -1.419 8.8722058e-10 1.5157865599999998e-10 -1.5551526600000002e-10
416.758 1.273 -1.661 8.304744200000001e-10 1.43520908e-10 -1.4836130999999999e-10
420.113 1.974 -2.082 6.086593e-10 1.04103204e-10 -1.06475544e-10
424.314 2.973 -2.227 4.6197511999999997e-10 8.1919792e-11 -8.1776114e-11
429.045 1.543 -1.757 7.6770868e-10 1.3016641599999997e-10 -1.3003626599999997e-10
432.294 1.521 -1.706 7.738658199999999e-10 1.32661268e-10 -1.3474222399999998e-10
435.967 1.855 -2.152 6.199430199999999e-10 1.0576236e-10 -1.08895916e-10
439.355 1.596 -1.534 7.849884199999999e-10 1.3388175199999998e-10 -1.37954934e-10
442.761 1.835 -1.81 6.6956646e-10 1.1692163e-10 -1.19464704e-10
447.099 1.757 -2.503 5.5493908e-10 9.802544599999999e-11 -9.9570412e-11
450.519 1.773 -1.663 7.1293738e-10 1.19235678e-10 -1.24002094e-10
454.073 1.442 -1.782 7.489180599999999e-10 1.27838916e-10 -1.3136037599999998e-10
458.097 1.819 -2.582 5.5657232e-10 9.716360599999999e-11 -9.7318874e-11
462.342 1.986 -2.426 5.858976799999999e-10 9.9496084e-11 -9.816273999999999e-11
466.187 2.019 -1.858 6.6683236e-10 1.1335533e-10 -1.1094761199999999e-10
470.562 1.752 -2.356 5.926898e-10 1.0416548599999999e-10 -1.01089614e-10
473.73 1.617 -1.416 8.250085e-10 1.39993444e-10 -1.38912648e-10
476.95 2.121 -1.603 6.624832599999999e-10 1.13473624e-10 -1.15586196e-10
481.121 1.848 -2.05 6.239353000000001e-10 1.08256642e-10 -1.10926902e-10
484.669 2.031 -1.7 6.710739199999999e-10 1.1328316799999999e-10 -1.1536036199999999e-10
488.106 1.648 -1.407 8.1959616e-10 1.3811666199999998e-10 -1.4133195599999998e-10
491.505 2.016 -1.75 7.040507e-10 1.20071716e-10 -1.23627376e-10
496.112 2.436 -2.592 5.2911466e-10 9.1331518e-11 -8.9654084e-11
500.571 1.808 -2.022 6.7042298e-10 1.17391044e-10 -1.1501999599999999e-10
504.571 1.64 -2.192 6.429923e-10 1.1416815e-10 -1.12960168e-10
508.742 2.319 -2.531 5.0807178e-10 9.0621792e-11 -8.8492424e-11
513.31 2.129 -2.249 5.9860982e-10 1.04744112e-10 -9.9975796e-11
517.607 2.297 -2.167 5.8757652e-10 1.0139091599999998e-10 -9.9620952e-11
521.732 1.667 -1.829 7.666119999999999e-10 1.2983327e-10 -1.30503628e-10
525.213 1.674 -1.814 7.435821e-10 1.3215533599999998e-10 -1.29951298e-10
528.857 1.548 -1.971 7.5878704e-10 1.3077285799999999e-10 -1.2896762999999998e-10
533.019 2.11 -2.614 3.4278986799999996e-10 9.6888334e-11 -9.6723832e-11
537.46 2.163 -2.331 5.7486058e-10 9.763131e-11 -9.626000399999999e-11
542.106 2.155 -2.483 3.66728804e-10 7.515252399999999e-11 -7.392645399999999e-11
546.854 2.302 -2.593 5.4402586e-10 9.241562e-11 -9.087016e-11
551.29 2.983 -2.134 5.050306399999999e-10 8.8387164e-11 -8.6883466e-11
556.145 1.762 -1.873 7.1614648e-10 1.2128893199999998e-10 -1.21923304e-10
559.99 1.692 -2.083 6.5997602e-10 1.1721024e-10 -1.1573374999999999e-10
564.768 1.764 -3.086 5.353200599999999e-10 9.360045999999999e-11 -9.273930399999999e-11
569.353 2.777 -2.82 4.735027999999999e-10 8.7458824e-11 -7.9363456e-11
574.415 1.995 -2.285 6.1775954e-10 1.08880602e-10 -1.04226476e-10
579.073 2.469 -2.663 4.8408922e-10 8.4291182e-11 -8.5435324e-11
584.827 2.937 -3.284 4.0490862e-10 7.1553772e-11 -6.800354599999999e-11
590.373 2.822 -2.608 4.6948886e-10 7.972654599999999e-11 -7.8944202e-11
596.081 3.128 -2.887 3.9268097999999995e-10 7.173940199999999e-11 -7.223856999999999e-11
601.951 2.668 -2.742 4.6130137999999994e-10 7.914541200000001e-11 -8.016381199999999e-11
607.708 2.9 -3.088 4.1239044e-10 6.9375308e-11 -7.091799399999999e-11
612.723 1.887 -2.115 5.9373138e-10 1.00267142e-10 -1.0464675599999998e-10
616.883 2.214 -2.273 3.56356666e-10 7.278634e-11 -7.309585e-11
622.258 2.762 -3.161 4.3278313999999996e-10 7.3425462e-11 -7.3061764e-11
627.672 2.996 -2.652 4.4456124e-10 7.681357999999999e-11 -7.5035446e-11
633.157 2.135 -2.489 5.3387872e-10 9.231385599999999e-11 -9.077911199999999e-11
637.749 2.53 -2.457 4.9502182e-10 8.465822399999999e-11 -8.6637188e-11
642.347 2.353 -2.068 5.5835148e-10 9.5527706e-11 -9.765927799999999e-11
647.239 2.119 -2.539 5.223176e-10 9.1029608e-11 -9.1695292e-11
652.181 2.88 -2.823 4.5563026e-10 7.951971199999999e-11 -7.6259046e-11
657.893 1.955 -2.831 5.551389599999999e-10 9.499452799999999e-11 -9.161735399999999e-11
662.921 2.445 -3.074 4.6262074e-10 8.033382399999999e-11 -7.8299874e-11
668.002 2.799 -2.636 3.0965846599999997e-10 6.3279614e-11 -6.332559399999999e-11
673.154 2.086 -2.353 5.7757568e-10 9.9930538e-11 -9.7000168e-11
677.714 2.127 -2.474 5.576925599999999e-10 9.636036199999999e-11 -9.386353399999998e-11
682.578 2.398 -2.737 5.0759868e-10 8.815676999999999e-11 -8.5286668e-11
687.383 3.261 -2.407 3.6965066199999994e-10 7.1817834e-11 -6.8084676e-11
693.288 2.948 -2.644 2.98682204e-10 6.2594854e-11 -6.2503274e-11
698.281 2.483 -2.045 3.53813364e-10 7.7393878e-11 -7.478191e-11
703.674 3.179 -2.911 3.77510886e-10 7.3793226e-11 -6.3603564e-11
708.967 2.315 -2.113 3.5807890199999997e-10 7.5196528e-11 -7.4661868e-11
714.709 2.686 -3.427 4.2608335999999997e-10 7.2773154e-11 -7.1156368e-11
720.179 2.861 -2.784 4.6528035999999997e-10 8.061935599999999e-11 -7.822949799999999e-11
725.73 2.955 -2.69 3.09029566e-10 6.1767442e-11 -6.116822e-11
731.083 2.619 -2.398 3.2323210399999995e-10 6.9558316e-11 -6.869278999999999e-11
736.222 2.902 -2.519 3.33317418e-10 6.5443942e-11 -6.3454794e-11
742.171 2.97 -3.047 4.0112686e-10 7.0992322e-11 -7.1624528e-11
747.862 2.669 -2.722 3.41548826e-10 6.9406886e-11 -6.970454e-11
753.062 2.581 -2.53 3.71701446e-10 7.1966642e-11 -7.169125599999999e-11
758.018 3.357 -2.375 4.5759637999999995e-10 7.9055732e-11 -7.729219e-11
763.496 2.97 -2.121 3.45946148e-10 7.321421999999999e-11 -7.2583648e-11
769.279 2.977 -2.812 3.63570434e-10 6.662976999999999e-11 -6.823755e-11
775.879 2.118 -3.623 4.3536675999999996e-10 7.333733999999999e-11 -7.5051634e-11
781.282 3.308 -3.285 3.76282422e-10 7.2183394e-11 -6.6928678e-11
786.907 2.661 -2.317 5.3104962e-10 8.981676199999999e-11 -9.0645884e-11
791.732 2.564 -2.163 3.52520718e-10 7.012956999999999e-11 -7.115207399999999e-11
797.567 2.905 -3.271 3.9872298e-10 6.821216599999999e-11 -6.9742312e-11
803.23 3.397 -2.758 3.6255803799999995e-10 6.4114436e-11 -6.6073982e-11
809.348 3.629 -2.721 2.5613196999999996e-10 5.195576599999999e-11 -5.309645e-11
815.495 2.605 -2.518 4.8779878e-10 8.249765799999999e-11 -8.3464606e-11
821.385 2.375 -3.284 4.3315591999999995e-10 7.565940599999999e-11 -7.556478599999999e-11
825.768 2.568 -2.008 3.69379608e-10 7.3661442e-11 -7.4055882e-11
831.411 2.153 -3.076 3.14333682e-10 6.3990328e-11 -6.5070592e-11
836.575 2.25 -3.011 4.7539064e-10 8.0090738e-11 -8.205491999999999e-11
841.083 2.74 -2.258 3.1991360200000003e-10 6.6735752e-11 -6.7860134e-11
846.321 2.734 -2.498 3.1391256599999995e-10 6.396901e-11 -6.486049e-11
852.53 2.737 -3.474 2.61892314e-10 5.325776e-11 -5.4202477999999993e-11
857.785 2.784 -2.518 4.491258e-10 7.7137188e-11 -8.041506799999999e-11
862.808 2.993 -2.24 3.16286464e-10 6.2804652e-11 -6.4046796e-11
867.699 2.987 -1.898 3.54687022e-10 7.130528999999999e-11 -7.202922799999999e-11
873.759 2.67 -3.073 2.851824e-10 5.9790302e-11 -5.953186399999999e-11
880.626 3.435 -4.197 2.24002818e-10 4.4733904e-11 -4.4616483999999996e-11
886.359 3.12 -2.297 2.96467412e-10 6.192685199999999e-11 -6.272420599999999e-11
892.219 2.514 -2.74 3.11881428e-10 6.3484092e-11 -6.454395e-11
897.983 3.094 -3.25 2.2935318e-10 5.298207e-11 -5.3988196e-11
903.306 4.149 -2.229 3.65645804e-10 6.3643578e-11 -6.3690394e-11
910.681 3.177 -3.226 2.5659526599999997e-10 5.1052163999999996e-11 -5.1688968e-11
916.291 3.146 -2.433 2.8550585599999996e-10 5.980846599999999e-11 -5.9844452e-11
922.202 2.539 -2.765 3.20672044e-10 6.3928806e-11 -6.4356344e-11
927.991 3.058 -3.249 2.61144284e-10 5.3181797999999995e-11 -5.4027183999999996e-11
933.713 3.564 -2.665 2.68044248e-10 5.3165268e-11 -5.4358734e-11
940.093 2.488 -2.816 3.1623094599999997e-10 6.4424288e-11 -6.534214e-11
945.942 3.556 -3.362 2.27485214e-10 5.013815e-11 -5.012276e-11
952.613 2.285 -3.115 3.1403199999999997e-10 6.2450264e-11 -6.3428156e-11
958.632 3.413 -3.734 2.36981072e-10 4.7114147999999996e-11 -4.7892274e-11
964.224 2.901 -2.18 3.2540524799999996e-10 6.6430992e-11 -6.6918836e-11
970.054 2.908 -2.929 2.84138008e-10 5.9503706e-11 -5.9666802e-11
977.259 2.548 -4.297 2.6141434999999997e-10 5.2251292e-11 -5.1777356e-11
983.357 2.179 -3.55 2.9884332399999995e-10 5.9478246e-11 -6.0256106e-11
988.196 1.887 -2.66 3.58557702e-10 7.488868999999999e-11 -7.5883264e-11
993.768 2.836 -3.684 2.5032298599999997e-10 5.2349864e-11 -5.28029e-11
999.54 2.168 -2.936 3.2702895000000003e-10 6.6910134e-11 -6.655232599999999e-11
1003.836 3.487 -2.128 2.9428837799999995e-10 5.858402999999999e-11 -5.9140692e-11
1010.053 2.981 -2.73 2.812247e-10 5.7384712e-11 -5.7813655999999996e-11
1016.369 3.682 -3.335 2.42642768e-10 4.842245e-11 -4.8466758e-11
1023.219 2.818 -3.169 2.6400382199999996e-10 5.644801199999999e-11 -5.7432743999999997e-11
1028.955 2.044 -2.918 3.28447794e-10 6.6735638e-11 -6.8190088e-11
1033.087 2.681 -2.087 3.43587108e-10 6.9793118e-11 -7.135586799999999e-11
1039.237 2.89 -3.469 2.7214634799999997e-10 5.4236374e-11 -5.4474481999999996e-11
1045.137 2.519 -3.011 3.1112063e-10 6.215603e-11 -6.183660199999999e-11
1050.86 3.543 -3.204 2.4842412599999997e-10 5.074083e-11 -5.0917948e-11
1057.203 3.415 -2.801 2.69172734e-10 5.4677249999999995e-11 -5.5833019999999995e-11
1063.47 2.834 -2.852 2.87663306e-10 6.0126222e-11 -6.069895799999999e-11
1069.727 3.237 -3.423 2.4790193e-10 5.1877752e-11 -5.204274799999999e-11
1075.063 2.609 -2.099 3.4934471599999996e-10 7.323280199999999e-11 -7.2978848e-11
1081.592 4.183 -3.921 1.6967581399999998e-10 4.1598068e-11 -4.1986998e-11
1089.195 2.686 -3.42 2.69371778e-10 5.496555599999999e-11 -5.5479658e-11
1095.654 3.114 -3.773 2.3456735e-10 4.9190354e-11 -4.8824147999999996e-11
1103.154 4.54 -4.386 1.85414274e-10 3.69915256e-11 -3.6932067e-11
1111.939 3.274 -4.244 2.1955107999999998e-10 4.3696313999999993e-11 -4.4249631999999997e-11
1117.019 2.875 -1.806 3.5291842599999996e-10 7.0077814e-11 -7.145026e-11
1123.172 3.118 -3.278 2.49858208e-10 5.3667476e-11 -5.3723754e-11
1129.445 2.708 -3.156 2.8832557e-10 5.7538801999999996e-11 -5.765625999999999e-11
1135.101 2.982 -2.948 2.81379778e-10 5.599193599999999e-11 -5.673381e-11
1140.885 2.431 -2.801 3.1048686599999997e-10 6.4377168e-11 -6.6194822e-11
1147.442 3.919 -4.126 2.1408094199999999e-10 4.2593706e-11 -4.3119626e-11
1154.629 3.217 -3.268 2.54271528e-10 5.3077108e-11 -5.3844289999999993e-11
1160.736 2.872 -2.89 2.98581732e-10 5.947615599999999e-11 -6.0080318e-11
1167.428 4.254 -3.82 2.0630029e-10 4.2193034e-11 -4.208089599999999e-11
1175.579 3.283 -3.897 2.2686391399999998e-10 4.628536799999999e-11 -4.6708953999999997e-11
1181.586 2.655 -2.723 3.01822144e-10 6.164561399999999e-11 -6.1957404e-11
1189.255 3.615 -5.014 1.8225347199999998e-10 3.7962303999999996e-11 -3.8740202e-11
1197.458 3.649 -4.588 2.02507168e-10 4.0199098e-11 -4.1026358000000004e-11
1205.004 2.848 -3.896 2.48862418e-10 4.9570733999999994e-11 -5.0074348e-11
1210.639 2.928 -2.787 2.8258578399999995e-10 5.904652799999999e-11 -5.9740256e-11
1216.716 3.136 -3.15 2.61374602e-10 5.4509517999999994e-11 -5.5412968e-11
1224.293 4.412 -4.441 1.87277148e-10 3.921828e-11 -3.9259928e-11
1232.452 3.168 -3.747 2.4008954799999997e-10 5.0263512e-11 -5.0378006e-11
1238.58 2.371 -2.96 3.0825011e-10 6.2683242e-11 -6.392299199999999e-11
1244.662 4.973 -3.711 1.8375648599999997e-10 3.8434226e-11 -3.8733969999999996e-11
1252.639 3.242 -3.005 2.6044554e-10 5.4531709999999996e-11 -5.4735921999999995e-11
1259.636 4.402 -3.755 2.02064164e-10 4.1178319999999993e-11 -4.1712524e-11
1267.301 3.142 -3.263 2.6045610399999997e-10 5.1808135999999997e-11 -5.257243e-11
1275.069 4.345 -4.626 1.77993634e-10 3.60121668e-11 -3.7061080799999996e-11
1283.039 3.687 -3.626 2.2919540399999998e-10 4.7890336e-11 -4.8212424e-11
1289.865 3.517 -3.139 2.5494093599999997e-10 5.2141244e-11 -5.198665999999999e-11
1296.984 3.135 -3.602 2.4949542199999997e-10 4.9733259999999994e-11 -5.0089738e-11
1303.206 2.974 -3.087 2.73429304e-10 5.5920495999999995e-11 -5.5832525999999994e-11
1310.479 2.672 -4.299 2.3639332599999997e-10 4.8279911999999995e-11 -4.8549673999999996e-11
1317.145 3.63 -3.994 2.0394789999999998e-10 4.3717860000000004e-11 -4.4126816e-11
1324.1 5.197 -3.325 1.96115036e-10 3.9142774e-11 -3.9185258e-11
1334.826 4.501 -5.53 1.65393784e-10 3.38386048e-11 -3.3665473e-11
1343.624 4.261 -4.296 1.97274302e-10 3.9378032e-11 -3.9400033999999995e-11
1353.834 4.782 -5.949 1.5484620000000002e-10 3.16405898e-11 -3.1748661799999997e-11
1362.457 2.917 -3.84 2.5453935199999997e-10 5.081816e-11 -5.071765e-11
1372.002 4.917 -6.628 1.4100025399999998e-10 2.9407744e-11 -2.98109848e-11
1382.339 4.712 -5.42 1.6796383799999999e-10 3.3301471e-11 -3.40474794e-11
1391.698 5.593 -4.648 1.59902708e-10 3.3496350199999994e-11 -3.3450389199999997e-11
1401.935 5.574 -4.643 1.62065098e-10 3.40055084e-11 -3.36253982e-11
1412.082 4.075 -4.573 1.8478772999999998e-10 3.9704794000000004e-11 -3.9646692e-11
1420.503 3.6 -4.346 1.95998642e-10 4.3161577999999996e-11 -4.3347246e-11
1428.663 4.355 -4.56 1.91934504e-10 3.8418152e-11 -3.79750872e-11
1437.998 4.853 -4.98 1.7694042599999999e-10 3.52890116e-11 -3.53786118e-11
1450.724 5.992 -7.873 1.26167296e-10 2.5905428400000002e-11 -2.5465661999999997e-11
1461.925 4.898 -5.209 1.69451994e-10 3.46586904e-11 -3.45459596e-11
1472.011 5.941 -5.188 1.5423660399999998e-10 3.07234256e-11 -3.09706042e-11
1483.36 4.062 -5.408 1.84455838e-10 3.68559226e-11 -3.65976442e-11
1492.213 3.836 -4.791 1.9689578399999998e-10 4.1271913999999997e-11 -4.1151074e-11
1500.045 4.847 -3.996 1.99285642e-10 3.9814994e-11 -3.9542153999999996e-11
1512.133 5.645 -7.241 1.24848848e-10 2.6822341799999996e-11 -2.6763039e-11
1521.983 4.008 -4.206 2.08989208e-10 4.171887e-11 -4.1669546e-11
1530.738 4.199 -4.746 1.67295988e-10 3.66887796e-11 -3.73167334e-11
1540.344 6.514 -5.407 1.30305078e-10 2.87278138e-11 -2.8652456e-11
1553.418 4.947 -6.56 1.4824282599999999e-10 3.03446226e-11 -3.00932716e-11
1563.898 3.334 -5.533 1.8672975800000001e-10 3.9222003999999995e-11 -3.861104e-11
1572.922 5.154 -5.69 1.4427725999999999e-10 3.17566152e-11 -3.18742784e-11
1583.358 4.487 -5.282 1.6358715e-10 3.4208777999999996e-11 -3.44976844e-11
1594.818 7.68 -6.973 1.1185121399999998e-10 2.40374776e-11 -2.3937575599999997e-11
1606.382 3.362 -3.884 2.4536622799999997e-10 5.0083353999999994e-11 -4.7870956e-11
1615.259 4.532 -5.514 1.6041148999999999e-10 3.4433832999999994e-11 -3.4539100599999996e-11
1627.794 6.536 -8.003 1.1355806e-10 2.3776763399999997e-11 -2.3726888400000002e-11
1639.136 4.525 -4.806 1.78884316e-10 3.75017022e-11 -3.7324124399999996e-11
1649.808 5.425 -6.147 1.3901293e-10 3.14814876e-11 -3.13250302e-11
1659.512 6.175 -4.279 1.6149049999999998e-10 3.48360136e-11 -3.44923568e-11
1669.831 4.33 -4.144 2.0506661999999998e-10 4.0969281999999994e-11 -4.073448e-11
1680.54 4.368 -6.379 1.54881502e-10 3.16867104e-11 -3.1643873e-11
1691.629 7.253 -6.72 1.18458616e-10 2.520217e-11 -2.43934996e-11
1704.755 4.505 -5.873 1.57575854e-10 3.29975584e-11 -3.3042691e-11
1714.945 5.244 -5.685 1.42603436e-10 3.05782352e-11 -3.08255468e-11
1725.679 6.273 -5.49 9.9854728e-11 2.97596354e-11 -2.9374676399999996e-11
1738.384 6.047 -6.432 1.31669202e-10 2.75987692e-11 -2.7514086199999997e-11
1751.338 6.078 -6.907 1.2278939999999999e-10 2.7890134199999997e-11 -2.7621276599999998e-11
1766.383 5.901 -8.968 1.1309533399999998e-10 2.3722316999999996e-11 -2.36046272e-11
1776.748 3.987 -4.464 2.0384670599999997e-10 4.3022308e-11 -4.2142684e-11
1788.852 7.576 -8.117 1.0716630799999999e-10 2.2095290000000002e-11 -2.1684019799999997e-11
1798.388 5.003 -1.96 2.39788512e-10 5.0285095999999995e-11 -4.9955104e-11
1813.877 7.418 -10.486 9.1326844e-11 1.92985584e-11 -1.89185926e-11
1829.482 8.147 -8.187 9.6165156e-11 2.1849658e-11 -2.15146538e-11
1845.807 7.206 -8.178 1.08127974e-10 2.2850536199999997e-11 -2.23733588e-11
1857.67 5.49 -4.656 1.69106878e-10 3.45862852e-11 -3.4509415e-11
1873.323 9.411 -10.163 8.7892518e-11 1.9372099799999997e-11 -1.80179926e-11
1887.697 5.487 -4.963 1.6671409399999998e-10 3.42799558e-11 -3.36022486e-11
1899.214 7.61 -6.03 1.13714088e-10 2.5041996199999997e-11 -2.51333254e-11
1914.45 5.9 -7.625 1.1476839799999999e-10 2.60367222e-11 -2.56765582e-11
1929.086 7.826 -8.736 1.04364226e-10 2.1675967600000002e-11 -2.0998629e-11
1945.507 7.351 -8.595 1.0975942799999998e-10 2.3989038999999997e-11 -2.17416886e-11
1959.096 4.859 -6.238 1.6240459e-10 3.26613268e-11 -3.2231770999999996e-11
1973.135 7.716 -9.181 1.0016864599999998e-10 2.1867582599999998e-11 -2.1150039999999997e-11
1987.997 5.339 -7.147 1.37709948e-10 2.8401047999999998e-11 -2.78016512e-11
2003.563 7.686 -10.227 9.0609708e-11 1.96846004e-11 -1.91534288e-11
2019.364 5.152 -8.115 1.29904178e-10 2.67115034e-11 -2.6168019799999996e-11
2032.262 5.888 -7.746 1.26061504e-10 2.7169551599999998e-11 -2.59096046e-11
2045.218 5.129 -7.069 1.3774866999999998e-10 2.98008882e-11 -2.93444892e-11
2060.965 10.226 -10.618 8.599966199999999e-11 1.85189162e-11 -1.71176814e-11
2077.225 5.516 -6.034 1.4640507e-10 3.2545461e-11 -3.0492742799999996e-11
2088.068 4.978 -5.327 1.6151250199999998e-10 3.49448608e-11 -3.4132485399999996e-11
2098.7 4.459 -5.653 1.62156222e-10 3.58528138e-11 -3.42364268e-11
2108.623 8.278 -5.464 1.3377691e-10 2.8805212199999997e-11 -2.5882062199999997e-11
2124.006 8.688 -7.105 9.945162399999998e-11 2.3764117e-11 -2.2671381399999997e-11
2143.264 4.773 -10.57 1.1720423599999998e-10 2.4238584999999996e-11 -2.27977124e-11
2157.88 9.459 -9.842 8.402708199999999e-11 1.8673504e-11 -1.8223675199999998e-11
2177.485 8.118 -10.146 9.4895234e-11 1.97435042e-11 -1.90287888e-11
2193.961 9.135 -8.357 9.758491199999999e-11 2.0334047e-11 -1.96454566e-11
2211.251 6.304 -8.155 1.1304137399999998e-10 2.43171842e-11 -2.41264318e-11
2226.497 7.961 -8.942 9.9703336e-11 2.09273296e-11 -2.0662268199999997e-11
2245.068 10.495 -10.609 7.795616399999999e-11 1.6868291199999998e-11 -1.64841758e-11
5688.01 39.153 -36.067 3.8801381999999994e-11 8.722633999999999e-12 -8.722633999999999e-12
5781.24 56.245 -54.077 2.62528244e-11 5.9206812000000005e-12 -5.9206812000000005e-12
5888.544 54.248 -51.059 2.7471457799999998e-11 6.2155117999999995e-12 -6.2155117999999995e-12
6029.562 43.611 -86.769 2.21487788e-11 5.0437932e-12 -5.0437932e-12
6118.236 57.737 -45.063 2.8446013399999995e-11 6.3947273999999995e-12 -6.3947273999999995e-12
6230.043 51.237 -54.071 2.74710968e-11 6.2422942e-12 -6.2422942e-12
6338.698 42.875 -57.417 3.0415124e-11 6.7050316e-12 -6.7050316e-12
6470.373 76.683 -88.8 1.73759142e-11 3.9741122e-12 -3.9741122e-12
6606.536 53.349 -59.48 2.5737795199999997e-11 5.829538199999999e-12 -5.829538199999999e-12
6724.342 58.401 -64.457 2.3709503400000002e-11 5.3528396e-12 -5.3528396e-12
6903.367 92.498 -120.624 1.34496896e-11 3.0828339800000002e-12 -3.0828339800000002e-12
7081.361 74.973 -85.495 1.8039082599999997e-11 4.090206e-12 -4.090206e-12
7242.748 91.606 -86.414 1.5942729e-11 3.662250379999999e-12 -3.662250379999999e-12
7414.564 70.229 -80.21 1.90948746e-11 4.338954e-12 -4.338954e-12
7604.084 63.744 -119.291 1.58116328e-11 3.57743628e-12 -3.57743628e-12
7735.181 60.52 -67.354 2.25119486e-11 5.1154194e-12 -5.1154194e-12
7931.378 99.994 -135.677 1.70417574e-11 3.28038724e-12 -3.28038724e-12
23942.088 114.858 -98.264 3.68538706e-12 8.787051599999999e-13 -8.787051599999999e-13
24155.597 79.369 -98.651 3.66552712e-12 9.5605872e-13 -9.5605872e-13
24427.518 118.356 -192.552 2.09840484e-12 5.5242082e-13 -5.5242082e-13
24642.316 94.114 -96.442 3.701554159999999e-12 9.3745202e-13 -9.3745202e-13
24965.799 351.718 -229.369 1.69923042e-12 3.8410019999999996e-13 -3.8410019999999996e-13
30001.93 130.631 -205.349 2.0287535e-12 5.303082399999999e-13 -5.303082399999999e-13
30285.341 180.694 -152.78 2.04759048e-12 5.367424e-13 -5.367424e-13
30729.943 347.212 -263.908 1.83423036e-12 4.044796e-13 -4.044796e-13
50414.097 1974.949 -2504.757 1.1738827e-12 2.5227010599999996e-13 -2.5227010599999996e-13
57897.143 612.732 -510.539 9.485636e-13 2.1365511399999998e-13 -2.1365511399999998e-13
63603.165 221.827 -432.582 1.13913968e-12 2.98935626e-13 -2.98935626e-13
64714.188 482.294 -889.195 8.428647e-13 1.8097937e-13 -1.8097937e-13
88978.514 4377.947 -2816.892 4.4123281999999995e-13 7.6512354e-14 -7.6512354e-14
205885.082 89664.448 -33024.434 5.846148e-14 1.68432302e-14 -1.68432302e-14
352419.82 450.06 -23019.446 3.2946e-13 0.0 0.0
