col1 col2 col3 col4 col5 col6
203.109 5.099 -3.681 1.3103877119999998e-10 2.5749695999999997e-11 -2.574968832e-11
1647.648 1.123 -1.35 7.4117184e-10 1.1320316159999998e-10 -1.132031232e-10
1650.532 2.237 -1.76 4.5849023999999997e-10 7.00276992e-11 -7.00276608e-11
1654.295 1.429 -1.526 6.202421759999999e-10 9.473299199999999e-11 -9.47329536e-11
1657.572 1.868 -1.847 4.75750272e-10 7.44665088e-11 -7.44665088e-11
1661.017 1.448 -1.578 5.8044672e-10 9.085401599999999e-11 -9.085401599999999e-11
1663.96 1.706 -1.495 5.68583424e-10 8.47595904e-11 -8.475955199999999e-11
1667.671 1.825 -2.005 4.5858508799999997e-10 7.177969919999999e-11 -7.177969919999999e-11
1670.983 1.385 -1.486 6.00717312e-10 9.6382272e-11 -9.638223359999999e-11
1673.757 1.382 -1.389 6.4554816e-10 9.859810559999999e-11 -9.859806720000001e-11
1676.979 1.664 -1.841 5.212542719999999e-10 7.770412799999999e-11 -7.770408959999998e-11
1680.454 1.289 -1.811 6.018773759999999e-10 8.9722752e-11 -8.97227136e-11
1683.58 1.58 -1.838 5.07851136e-10 8.3544384e-11 -8.35443456e-11
1686.567 1.393 -1.407 6.66117888e-10 9.92991744e-11 -9.929913599999999e-11
1689.547 1.075 -1.587 6.752520959999999e-10 1.0313495039999999e-10 -1.03134912e-10
1692.288 1.318 -1.666 5.993844479999999e-10 9.15472512e-11 -9.154721279999999e-11
1695.431 1.643 -1.826 5.154673919999999e-10 7.87300992e-11 -7.87300992e-11
1698.93 1.394 -1.855 5.407372799999999e-10 8.46385536e-11 -8.463851519999999e-11
1702.405 2.16 -2.082 4.3862438400000003e-10 6.4671744e-11 -6.4671744e-11
1706.053 1.454 -1.488 6.18471552e-10 9.21964416e-11 -9.21964032e-11
1709.392 1.57 -1.885 4.9927872e-10 8.01068928e-11 -8.01068544e-11
1712.864 1.687 -1.901 4.89512064e-10 7.66205568e-11 -7.66205568e-11
1716.235 1.373 -1.684 5.954016e-10 8.875737599999998e-11 -8.87573376e-11
1719.135 1.464 -1.527 5.450507519999999e-10 9.43362048e-11 -9.43362048e-11
1721.657 1.1 -1.058 8.433131519999999e-10 1.2571391999999999e-10 -1.257138816e-10
1724.211 1.232 -1.455 6.539070719999999e-10 1.0235235839999999e-10 -1.0235232e-10
1727.021 1.363 -1.578 6.18844032e-10 9.225196799999999e-11 -9.22519296e-11
1729.285 1.107 -0.901 9.06067584e-10 1.350688128e-10 -1.350687744e-10
1731.447 0.914 -1.054 9.249016319999999e-10 1.378764672e-10 -1.3787639039999998e-10
1733.594 1.111 -1.234 7.626343679999999e-10 1.164812928e-10 -1.164812544e-10
1735.948 1.639 -1.243 6.31446144e-10 9.413061119999999e-11 -9.41305728e-11
1739.162 1.443 -1.574 5.92664064e-10 9.05208192e-11 -9.052078079999999e-11
1741.885 1.3 -1.28 6.809445119999999e-10 1.0658442239999999e-10 -1.0658438399999999e-10
1744.306 0.876 -1.122 9.10860288e-10 1.357832832e-10 -1.3578320639999999e-10
1746.624 1.311 -1.441 6.382287359999999e-10 9.989836799999999e-11 -9.98983296e-11
1749.231 1.264 -1.296 6.9848832e-10 1.066839552e-10 -1.0668391679999999e-10
1751.955 1.029 -1.46 6.930501119999999e-10 1.1119660799999998e-10 -1.111965696e-10
1753.743 0.92 -0.759 1.027091328e-09 1.647919104e-10 -1.64791872e-10
1756.068 1.227 -1.405 6.79604736e-10 1.0379973119999999e-10 -1.037996928e-10
1758.184 0.634 -0.889 1.174215168e-09 1.7934424320000002e-10 -1.793441664e-10
1760.01 0.957 -1.192 8.32059648e-10 1.270849536e-10 -1.2708491519999998e-10
1761.896 0.878 -0.929 9.54307584e-10 1.531141248e-10 -1.5311404799999999e-10
1763.747 1.106 -0.972 8.89887744e-10 1.326568704e-10 -1.32656832e-10
1766.113 1.153 -1.261 7.726502399999999e-10 1.151801088e-10 -1.1518007039999999e-10
1768.318 1.098 -1.051 8.528774399999999e-10 1.302645888e-10 -1.302645504e-10
1770.67 1.193 -1.254 7.6253376e-10 1.1367202559999999e-10 -1.136719488e-10
1772.992 0.923 -1.13 8.927731200000001e-10 1.363580928e-10 -1.36358016e-10
1774.899 1.114 -0.983 8.402810879999999e-10 1.315244928e-10 -1.31524416e-10
1777.011 0.908 -0.998 9.551604479999999e-10 1.4238712319999998e-10 -1.423870848e-10
1779.274 1.007 -1.356 7.740337919999999e-10 1.168683648e-10 -1.16868288e-10
1781.239 0.954 -0.958 9.515934719999999e-10 1.418554752e-10 -1.418553984e-10
1783.507 1.446 -1.313 6.5954304e-10 9.83190144e-11 -9.831897599999999e-11
1785.956 0.902 -1.003 9.384990719999999e-10 1.433420544e-10 -1.43342016e-10
1787.834 0.905 -0.976 9.50925696e-10 1.4524005119999999e-10 -1.452400128e-10
1789.928 0.843 -1.188 8.95711104e-10 1.335249408e-10 -1.335249024e-10
1791.529 0.879 -0.758 1.111847808e-09 1.657448064e-10 -1.657447296e-10
1793.512 1.182 -1.104 7.960404479999999e-10 1.18666944e-10 -1.1866690559999999e-10
1795.597 1.02 -0.903 9.562122239999999e-10 1.4254398719999998e-10 -1.425439104e-10
1797.478 0.815 -0.861 1.112954112e-09 1.65909696e-10 -1.6590965759999998e-10
1799.111 0.747 -0.818 1.19137152e-09 1.7759946239999999e-10 -1.7759938560000002e-10
1800.907 1.008 -1.048 8.911541759999999e-10 1.361108352e-10 -1.3611079679999998e-10
1803.083 1.106 -1.168 8.2034112e-10 1.222894464e-10 -1.222893696e-10
1805.0 0.648 -0.811 1.278534144e-09 1.9059298559999998e-10 -1.905929088e-10
1806.757 1.091 -1.109 8.47603584e-10 1.263535104e-10 -1.263534336e-10
1808.767 0.882 -0.918 1.018082304e-09 1.5549726719999998e-10 -1.554972288e-10
1810.551 0.854 -0.902 1.062323712e-09 1.5836213759999998e-10 -1.5836206079999998e-10
1812.423 0.881 -1.018 9.6559872e-10 1.4748115199999998e-10 -1.474810752e-10
1814.128 0.689 -0.825 1.1892698879999998e-09 1.8614972159999997e-10 -1.861496448e-10
1815.484 0.694 -0.667 1.3706054399999998e-09 2.0431818239999998e-10 -2.043181056e-10
1816.885 0.808 -0.706 1.210643712e-09 1.849081728e-10 -1.84908096e-10
1818.535 0.782 -0.842 1.1483615999999998e-09 1.711879296e-10 -1.7118785279999998e-10
1820.244 0.93 -0.927 9.86792832e-10 1.5071823359999999e-10 -1.507181568e-10
1822.382 1.219 -1.208 7.28570112e-10 1.168956288e-10 -1.168955904e-10
1824.522 1.11 -0.921 9.18075264e-10 1.3685886719999997e-10 -1.3685879039999998e-10
1826.545 0.723 -0.912 1.081360512e-09 1.7349918719999997e-10 -1.734991104e-10
1828.297 1.047 -1.029 8.80838784e-10 1.313079168e-10 -1.313078784e-10
1830.22 0.949 -0.876 9.7958208e-10 1.4961688319999998e-10 -1.496168064e-10
1831.945 0.791 -0.775 1.1623280639999999e-09 1.732699776e-10 -1.7326990079999998e-10
1833.687 0.784 -0.952 1.029763584e-09 1.5728136960000001e-10 -1.572812928e-10
1835.307 0.885 -0.835 1.039347456e-09 1.5874521599999997e-10 -1.587451392e-10
1836.95 0.541 -0.758 1.401129984e-09 2.088685056e-10 -2.088684288e-10
1838.607 1.042 -1.116 8.432908799999999e-10 1.257105792e-10 -1.257105408e-10
1840.562 0.621 -0.913 1.186690176e-09 1.7690165759999998e-10 -1.7690158079999999e-10
1842.04 0.752 -0.858 1.091008512e-09 1.70769408e-10 -1.7076933119999997e-10
1843.534 0.785 -0.741 1.192222848e-09 1.777263744e-10 -1.77726336e-10
1844.97 0.607 -0.651 1.4468712959999998e-09 2.156871936e-10 -2.1568711679999997e-10
1846.386 0.505 -0.809 1.384210176e-09 2.0634623999999997e-10 -2.063461632e-10
1847.623 0.727 -0.732 1.2474719999999998e-09 1.8596244479999999e-10 -1.85962368e-10
1849.3 0.753 -0.949 1.087222656e-09 1.6207388159999998e-10 -1.6207380480000001e-10
1850.779 0.907 -0.726 1.122201984e-09 1.714000128e-10 -1.7139993599999999e-10
1852.567 0.831 -0.88 1.07088576e-09 1.635621888e-10 -1.6356211199999998e-10
1854.35 1.012 -0.953 9.49634304e-10 1.415634048e-10 -1.41563328e-10
1856.044 0.798 -0.682 1.238191872e-09 1.89115776e-10 -1.891156992e-10
1857.718 0.989 -0.876 9.829950719999999e-10 1.501381632e-10 -1.501380864e-10
1859.676 0.924 -0.969 9.56687616e-10 1.461201024e-10 -1.461200256e-10
1861.357 0.762 -0.757 1.1769123839999998e-09 1.7975623679999998e-10 -1.7975619839999998e-10
1862.939 0.778 -0.82 1.139038848e-09 1.697981568e-10 -1.6979808e-10
1864.545 1.02 -0.828 9.67363968e-10 1.4775075839999998e-10 -1.4775072e-10
1866.246 0.547 -0.681 1.482400896e-09 2.2098362879999997e-10 -2.20983552e-10
1867.706 0.791 -0.914 1.0491440639999998e-09 1.602415104e-10 -1.6024143359999998e-10
1869.122 0.722 -0.625 1.351197696e-09 2.0142501119999999e-10 -2.0142493439999997e-10
1870.643 0.874 -0.798 1.088233728e-09 1.6621186559999998e-10 -1.662117888e-10
1872.39 1.017 -0.874 9.862717439999998e-10 1.4702496e-10 -1.470249216e-10
1874.033 0.733 -0.625 1.374046848e-09 2.04831168e-10 -2.048310912e-10
1875.531 0.638 -0.766 1.3287686399999999e-09 1.9808144639999998e-10 -1.9808136960000002e-10
1876.893 0.62 -0.725 1.362669696e-09 2.0812796159999997e-10 -2.081278848e-10
1878.487 0.785 -0.973 1.042693248e-09 1.592562432e-10 -1.5925616639999999e-10
1880.027 0.791 -0.755 1.206442368e-09 1.798461312e-10 -1.798460544e-10
1881.472 0.803 -0.654 1.253794176e-09 1.8690493439999997e-10 -1.869048576e-10
1883.101 0.889 -0.826 1.061089152e-09 1.5817812479999997e-10 -1.5817808639999997e-10
1884.749 0.96 -0.759 1.0589041919999999e-09 1.5785241599999998e-10 -1.5785233919999998e-10
1886.474 0.804 -0.766 1.11942912e-09 1.752179328e-10 -1.752178944e-10
1887.911 0.528 -0.634 1.484777472e-09 2.382254592e-10 -2.382253824e-10
1889.191 0.738 -0.751 1.222093824e-09 1.8217931519999998e-10 -1.821792384e-10
1890.806 0.843 -0.877 1.057817088e-09 1.5769036799999998e-10 -1.5769029120000001e-10
1892.675 0.853 -1.026 9.68683008e-10 1.44403008e-10 -1.444029312e-10
1894.275 1.048 -0.748 9.9618432e-10 1.5215266559999997e-10 -1.521526272e-10
1896.372 1.107 -1.049 8.293343999999999e-10 1.26668736e-10 -1.266686592e-10
1898.354 0.853 -0.874 1.05348672e-09 1.570448256e-10 -1.5704474879999998e-10
1900.523 1.221 -1.316 7.173408e-10 1.0693501439999999e-10 -1.06934976e-10
1902.749 1.058 -1.005 8.81818752e-10 1.314540288e-10 -1.3145399039999997e-10
1904.709 0.737 -0.901 1.1106389759999998e-09 1.655645568e-10 -1.6556451839999997e-10
1906.41 0.867 -0.964 9.76787328e-10 1.491900672e-10 -1.491900288e-10
1908.144 0.823 -0.867 1.058002944e-09 1.615945344e-10 -1.61594496e-10
1909.87 1.116 -0.903 9.012230399999999e-10 1.34346624e-10 -1.343465856e-10
1912.127 0.918 -1.14 8.68733568e-10 1.326863616e-10 -1.3268632319999998e-10
1913.938 1.128 -0.893 9.00479616e-10 1.342358016e-10 -1.3423576319999998e-10
1916.435 1.054 -1.369 7.249555199999999e-10 1.1347319039999999e-10 -1.1347315199999998e-10
1918.525 0.982 -1.036 8.864052479999999e-10 1.353854976e-10 -1.353854592e-10
1920.88 1.281 -1.373 6.856197119999999e-10 1.022063232e-10 -1.0220628479999999e-10
1923.718 1.213 -1.557 6.113372159999999e-10 1.005684096e-10 -1.005683712e-10
1926.088 0.846 -1.157 8.76907392e-10 1.37257344e-10 -1.372573056e-10
1927.974 1.19 -1.039 8.022097919999999e-10 1.2252587519999999e-10 -1.225258368e-10
1930.472 1.35 -1.308 6.847103999999999e-10 1.020707712e-10 -1.0207073279999999e-10
1932.882 1.128 -1.061 8.172195839999999e-10 1.24818432e-10 -1.248183552e-10
1935.061 1.105 -1.051 8.440085759999999e-10 1.258175616e-10 -1.258175232e-10
1937.298 0.811 -1.132 9.204771839999999e-10 1.405894656e-10 -1.4058942719999998e-10
1939.106 1.2 -0.997 8.138972159999999e-10 1.2431097599999998e-10 -1.243109376e-10
1942.144 1.576 -1.838 5.330584319999999e-10 7.946384639999999e-11 -7.9463808e-11
1944.791 1.205 -1.07 7.99776768e-10 1.1922389759999998e-10 -1.192238592e-10
1947.04 1.208 -1.044 8.079509759999999e-10 1.204424448e-10 -1.20442368e-10
1949.383 0.911 -1.135 8.89453056e-10 1.325920896e-10 -1.3259201279999998e-10
1951.708 1.003 -1.413 7.401388800000001e-10 1.1304545279999999e-10 -1.1304541439999999e-10
1953.904 1.006 -1.193 8.131829759999999e-10 1.242018816e-10 -1.242018432e-10
1956.113 1.038 -1.203 8.267001599999999e-10 1.232373888e-10 -1.23237312e-10
1958.48 1.039 -1.329 7.466534399999999e-10 1.197969792e-10 -1.1979694079999998e-10
1960.881 1.129 -1.362 6.968398079999999e-10 1.146340608e-10 -1.1463402239999999e-10
1963.259 1.074 -1.249 8.02798464e-10 1.1967432959999998e-10 -1.196742912e-10
1965.305 1.087 -0.972 9.05701248e-10 1.35014208e-10 -1.3501416959999998e-10
1967.153 0.954 -0.761 1.024174464e-09 1.6030824959999998e-10 -1.603081728e-10
1969.264 0.983 -1.157 8.35478016e-10 1.2760707839999998e-10 -1.2760704e-10
1971.405 1.03 -1.158 8.315903999999999e-10 1.239663744e-10 -1.23966336e-10
1973.713 1.006 -1.277 7.972446719999999e-10 1.1884646399999998e-10 -1.188463872e-10
1975.698 0.92 -0.98 9.57730176e-10 1.4277024e-10 -1.4277020159999998e-10
1977.57 0.818 -0.952 1.028049024e-09 1.532527488e-10 -1.532527104e-10
1979.524 1.054 -1.136 8.30984832e-10 1.2387609599999999e-10 -1.238760576e-10
1981.775 1.349 -1.197 6.899957759999999e-10 1.0800115200000001e-10 -1.080011136e-10
1983.98 1.033 -0.855 9.64121088e-10 1.437229824e-10 -1.437229056e-10
1985.877 0.66 -0.865 1.193620992e-09 1.7793480959999998e-10 -1.779347328e-10
1987.91 1.033 -1.373 7.566128639999999e-10 1.1278936319999999e-10 -1.127893248e-10
1990.009 1.157 -1.067 8.183531519999999e-10 1.2199307519999998e-10 -1.219930368e-10
1992.227 1.013 -1.061 8.7729984e-10 1.307803776e-10 -1.307803392e-10
1994.687 1.372 -1.446 6.233487359999999e-10 9.756925439999999e-11 -9.7569216e-11
1997.62 1.21 -1.561 6.33747456e-10 9.91969536e-11 -9.91969152e-11
2000.318 1.313 -1.487 6.499031039999999e-10 9.688200959999999e-11 -9.688197119999999e-11
2002.938 1.406 -1.307 6.00835968e-10 1.0399142399999999e-10 -1.0399142399999999e-10
2005.401 1.169 -1.056 7.892766719999999e-10 1.235410176e-10 -1.235409792e-10
2007.949 1.2 -1.379 6.80957184e-10 1.065864192e-10 -1.065863808e-10
2010.437 1.001 -1.287 7.539198719999999e-10 1.209628416e-10 -1.2096280319999998e-10
2012.325 0.769 -0.888 1.098678912e-09 1.637816832e-10 -1.6378160639999997e-10
2014.43 0.945 -1.336 7.70143104e-10 1.205461632e-10 -1.205461248e-10
2016.366 1.106 -0.991 8.524988159999999e-10 1.302067584e-10 -1.3020672e-10
2018.647 1.272 -1.174 7.439078399999999e-10 1.1089543679999999e-10 -1.1089539839999999e-10
2021.094 1.091 -1.176 7.88985984e-10 1.2050615039999998e-10 -1.205060736e-10
2023.063 0.813 -0.877 1.0768043519999999e-09 1.60520832e-10 -1.6052075519999998e-10
2024.857 1.028 -0.981 8.74572288e-10 1.3689189119999999e-10 -1.368918144e-10
2026.911 0.727 -1.027 1.019438976e-09 1.557044736e-10 -1.5570439679999997e-10
2028.588 0.812 -0.95 1.033284864e-09 1.5403326719999998e-10 -1.5403319040000002e-10
2030.391 0.692 -0.991 1.0625276159999998e-09 1.6228561919999997e-10 -1.622855424e-10
2031.926 0.678 -0.843 1.1963543039999998e-09 1.78342272e-10 -1.7834219519999998e-10
2033.476 0.783 -0.872 1.099874688e-09 1.6395989760000001e-10 -1.639598592e-10
2035.215 0.996 -0.956 9.32436864e-10 1.389997056e-10 -1.3899962879999998e-10
2037.143 0.857 -0.933 1.016785152e-09 1.5157363199999998e-10 -1.515735936e-10
2038.534 0.471 -0.534 1.778949504e-09 2.717086464e-10 -2.717085696e-10
2039.83 0.842 -0.825 1.072685952e-09 1.638371712e-10 -1.638370944e-10
2041.238 0.598 -0.566 1.564084224e-09 2.331603456e-10 -2.3316026879999995e-10
2042.656 0.605 -0.82 1.2770626559999998e-09 1.903736064e-10 -1.903735296e-10
2043.899 0.638 -0.638 1.426705536e-09 2.12681088e-10 -2.1268097279999998e-10
2045.54 0.656 -1.004 1.096387968e-09 1.634401536e-10 -1.634400768e-10
2047.053 0.818 -0.856 1.087075968e-09 1.6205199359999999e-10 -1.620519168e-10
2048.797 0.925 -0.927 9.65563776e-10 1.474758528e-10 -1.4747577599999998e-10
2050.488 0.614 -0.765 1.2740359679999998e-09 1.994176896e-10 -1.9941761279999999e-10
2052.03 0.641 -0.928 1.1597975039999999e-09 1.7289273599999999e-10 -1.728926592e-10
2053.37 0.608 -0.7 1.3917269760000001e-09 2.074667904e-10 -2.0746667519999998e-10
2054.555 0.79 -0.577 1.285646976e-09 2.012350848e-10 -2.0123500799999998e-10
2056.158 0.849 -0.813 1.076182272e-09 1.643712e-10 -1.6437112319999997e-10
2057.468 0.485 -0.461 1.922829312e-09 2.8663895039999997e-10 -2.866388736e-10
2058.518 0.632 -0.565 1.49358912e-09 2.281239936e-10 -2.2812391679999997e-10
2059.738 0.535 -0.587 1.6211347199999999e-09 2.416649472e-10 -2.4166483199999997e-10
2060.873 0.543 -0.6 1.601067264e-09 2.417388672e-10 -2.417387904e-10
2062.138 0.583 -0.723 1.40520192e-09 2.094754944e-10 -2.094754176e-10
2063.212 0.475 -0.491 1.930803456e-09 2.878276992e-10 -2.87827584e-10
2064.172 0.421 -0.485 2.059776e-09 3.070538496e-10 -3.07053696e-10
2065.192 0.574 -0.599 1.5632855039999999e-09 2.38769088e-10 -2.3876897279999997e-10
2066.579 0.783 -0.814 1.1675281919999999e-09 1.740451584e-10 -1.740450816e-10
2067.995 0.515 -0.632 1.6254881279999998e-09 2.423139072e-10 -2.423138304e-10
2069.03 0.623 -0.519 1.604681856e-09 2.450918016e-10 -2.450916864e-10
2070.314 0.667 -0.662 1.40351616e-09 2.092241664e-10 -2.0922408959999998e-10
2071.71 0.732 -0.728 1.277010816e-09 1.9036584959999997e-10 -1.9036581119999997e-10
2073.166 0.619 -0.724 1.375451904e-09 2.07674112e-10 -2.076740352e-10
2074.618 0.694 -0.832 1.109362176e-09 1.8249634559999997e-10 -1.8249626879999998e-10
2075.916 0.438 -0.604 1.745625984e-09 2.602230144e-10 -2.602228992e-10
2077.172 0.793 -0.817 1.110673152e-09 1.696391808e-10 -1.6963910399999997e-10
2078.575 0.59 -0.611 1.51546176e-09 2.259121152e-10 -2.2591203839999999e-10
2079.905 0.765 -0.74 1.188146688e-09 1.814721024e-10 -1.8147202559999997e-10
2081.469 0.57 -0.798 1.3302167040000001e-09 1.9829736959999998e-10 -1.982972928e-10
2082.774 0.761 -0.735 1.216346112e-09 1.81322496e-10 -1.8132241919999998e-10
2084.074 0.735 -0.539 1.4038552319999999e-09 2.1441841919999999e-10 -2.144183424e-10
2085.502 0.685 -0.693 1.3199197439999998e-09 1.9676236799999997e-10 -1.967622912e-10
2087.172 0.78 -0.985 1.013266944e-09 1.5476179200000002e-10 -1.547617536e-10
2088.76 0.556 -0.807 1.3354329599999998e-09 1.990749312e-10 -1.990748544e-10
2089.967 0.517 -0.651 1.5299251199999999e-09 2.33673792e-10 -2.336737152e-10
2091.354 0.565 -0.869 1.2691622399999998e-09 1.891959168e-10 -1.8919583999999998e-10
2092.837 0.725 -0.919 1.0301233919999998e-09 1.6946112e-10 -1.6946108159999998e-10
2094.379 0.754 -0.817 1.0980983039999998e-09 1.761846528e-10 -1.7618457599999998e-10
2096.074 0.827 -0.941 1.02916224e-09 1.534187136e-10 -1.534186368e-10
2097.968 1.02 -1.067 8.7210816e-10 1.30006464e-10 -1.3000638719999998e-10
2099.939 1.174 -0.95 8.5676352e-10 1.277190144e-10 -1.2771893759999998e-10
2102.425 1.202 -1.312 7.239759359999999e-10 1.0792416e-10 -1.0792408319999999e-10
2104.707 1.217 -1.08 7.235212799999999e-10 1.220678784e-10 -1.2206784e-10
2106.954 0.899 -1.03 9.436270079999998e-10 1.4066784e-10 -1.406678016e-10
2108.716 1.11 -0.863 9.223618559999999e-10 1.3749784319999999e-10 -1.374977664e-10
2111.06 1.128 -1.235 7.70256384e-10 1.1482321919999998e-10 -1.148231808e-10
2113.088 0.914 -0.9 1.002834816e-09 1.494940416e-10 -1.4949400319999998e-10
2114.687 0.82 -0.685 1.209091968e-09 1.8024111359999999e-10 -1.802410368e-10
2116.359 0.98 -0.851 1.015123968e-09 1.513259904e-10 -1.51325952e-10
2118.194 0.896 -0.855 1.065616128e-09 1.588529664e-10 -1.58852928e-10
2120.384 1.141 -1.295 7.65927552e-10 1.141779072e-10 -1.141778688e-10
2122.7 1.101 -1.175 8.19818496e-10 1.222115328e-10 -1.222114944e-10
2124.724 1.047 -0.924 9.463679999999999e-10 1.410764544e-10 -1.41076416e-10
2126.699 0.943 -0.927 9.830599679999999e-10 1.465461888e-10 -1.4654611199999998e-10
2128.637 1.022 -0.996 8.864017919999999e-10 1.3538496e-10 -1.353849216e-10
2131.014 0.997 -1.355 7.737949439999999e-10 1.1535072e-10 -1.153506816e-10
2133.191 1.382 -1.18 7.103965439999999e-10 1.0589986559999999e-10 -1.0589982719999998e-10
2135.337 0.743 -0.764 1.2077418239999998e-09 1.800398208e-10 -1.80039744e-10
2137.319 0.999 -1.239 7.99031424e-10 1.22040384e-10 -1.220403456e-10
294.81 113.221 -79.842 6.32163456e-11 1.380557568e-11 -1.380557568e-11
434.961 20.71 -26.929 2.3543911679999997e-10 5.3342476799999995e-11 -5.3342476799999995e-11
477.413 23.389 -21.743 2.4896832e-10 5.6204928e-11 -5.6204928e-11
520.21 18.202 -19.408 3.144526464e-10 6.94834944e-11 -6.94834944e-11
557.07 18.951 -18.659 3.4277863679999997e-10 7.22199552e-11 -7.22199552e-11
600.141 18.505 -24.12 4.3634995199999997e-10 7.740695039999999e-11 -7.740695039999999e-11
635.986 20.27 -17.34 2.9850082559999996e-10 6.787503359999999e-11 -6.787503359999999e-11
671.394 17.456 -15.139 3.455724672e-10 7.80134016e-11 -7.80134016e-11
715.861 20.628 -27.011 2.81007552e-10 5.82830976e-11 -5.82830976e-11
750.222 16.356 -13.732 3.717501312e-10 8.432736e-11 -8.432736e-11
781.987 17.186 -15.409 3.620460672e-10 7.990855679999999e-11 -7.990855679999999e-11
817.147 19.635 -17.974 3.4309977599999996e-10 7.2666624e-11 -7.2666624e-11
858.089 18.81 -21.307 4.2092659199999996e-10 7.752541439999999e-11 -7.752541439999999e-11
893.029 13.958 -16.13 3.747468672e-10 8.459957759999999e-11 -8.459957759999999e-11
934.63 22.503 -27.643 2.3380565759999997e-10 5.19606528e-11 -5.19606528e-11
984.415 27.879 -27.282 2.1358671359999997e-10 4.7195519999999995e-11 -4.7195519999999995e-11
1032.349 15.048 -20.054 3.699590016e-10 7.754211839999999e-11 -7.754211839999999e-11
1075.884 21.659 -28.487 2.234994048e-10 5.08821504e-11 -5.08821504e-11
1123.611 29.093 -26.068 2.1232035839999997e-10 4.7131507199999994e-11 -4.7131507199999994e-11
1179.992 25.366 -27.288 2.237975424e-10 4.94517504e-11 -4.94517504e-11
1226.47 24.019 -21.112 2.507361792e-10 5.66719488e-11 -5.66719488e-11
1296.752 44.001 -46.263 1.231771776e-10 2.814471168e-11 -2.814471168e-11
1377.426 56.098 -36.673 1.194727296e-10 2.7633392639999998e-11 -2.7633392639999998e-11
1461.436 22.234 -27.912 2.352525312e-10 5.1923481599999994e-11 -5.1923481599999994e-11
1525.287 23.573 -41.617 1.777923072e-10 3.9833318399999996e-11 -3.9833318399999996e-11
1566.544 17.419 -17.684 3.673602432e-10 7.747987199999999e-11 -7.747987199999999e-11
1613.151 25.963 -29.188 5.1759744e-10 7.36439808e-11 -7.36439808e-11
5409.248 18.219 -19.39 9.733877759999999e-11 2.141279232e-11 -2.141279232e-11
5439.746 17.808 -12.28 1.170915456e-10 2.6256168959999998e-11 -2.6256168959999998e-11
5470.982 11.646 -13.427 1.439826048e-10 3.154608768e-11 -3.154608768e-11
5497.166 13.042 -14.539 1.2923089919999998e-10 2.893752192e-11 -2.893752192e-11
5525.749 12.04 -15.541 1.2545061119999998e-10 2.817022464e-11 -2.817022464e-11
5557.336 15.555 -19.547 9.65640192e-11 2.1962204159999998e-11 -2.1962204159999998e-11
5591.684 18.816 -18.793 9.16710144e-11 2.073101184e-11 -2.073101184e-11
5628.29 24.835 -17.79 8.151175679999999e-11 1.8277889279999998e-11 -1.8277889279999998e-11
5667.287 10.911 -14.162 1.3966433279999998e-10 3.1317803519999996e-11 -3.1317803519999996e-11
5703.916 14.399 -25.718 9.075029759999999e-11 2.001737472e-11 -2.001737472e-11
5736.786 14.124 -18.471 1.228591488e-10 2.5649210879999997e-11 -2.5649210879999997e-11
5775.087 28.476 -24.177 6.67039104e-11 1.499965824e-11 -1.499965824e-11
5818.064 15.587 -14.5 1.232172288e-10 2.7069116159999998e-11 -2.7069116159999998e-11
5851.727 24.549 -18.075 8.709492479999999e-11 1.910783616e-11 -1.910783616e-11
5902.205 24.217 -25.929 7.059025919999999e-11 1.58960064e-11 -1.58960064e-11
5954.164 27.419 -27.742 6.659911679999999e-11 1.4611242239999997e-11 -1.4611242239999997e-11
6003.763 20.444 -22.18 8.217738239999998e-11 1.8531471359999997e-11 -1.8531471359999997e-11
6045.131 21.7 -20.924 8.130044159999999e-11 1.8464352e-11 -1.8464352e-11
6106.153 25.868 -39.322 5.3687731199999993e-11 1.205570688e-11 -1.205570688e-11
6152.446 24.707 -20.424 7.75214208e-11 1.745681664e-11 -1.745681664e-11
6205.851 21.449 -28.698 7.3806912e-11 1.625810304e-11 -1.625810304e-11
6250.513 16.904 -23.213 9.213523199999999e-11 2.021363328e-11 -2.021363328e-11
6291.103 16.43 -23.687 9.097466879999999e-11 2.0066868479999997e-11 -2.0066868479999997e-11
6329.081 26.091 -21.548 7.28365056e-11 1.6518554879999998e-11 -1.6518554879999998e-11
6388.388 31.975 -33.216 5.71741824e-11 1.2543494399999999e-11 -1.2543494399999999e-11
6444.157 26.352 -23.795 6.98829312e-11 1.5758999039999998e-11 -1.5758999039999998e-11
6497.436 33.248 -26.928 5.77392768e-11 1.3094653439999998e-11 -1.3094653439999998e-11
6557.866 32.994 -27.182 5.84038272e-11 1.3226549759999999e-11 -1.3226549759999999e-11
6633.385 32.694 -42.525 4.8565209599999994e-11 1.075592448e-11 -1.075592448e-11
6705.035 31.249 -38.956 5.0230463999999994e-11 1.1295287040000001e-11 -1.1295287040000001e-11
6761.996 24.434 -25.712 7.356698879999999e-11 1.620524928e-11 -1.620524928e-11
6811.613 22.456 -25.183 7.31370624e-11 1.649282304e-11 -1.649282304e-11
6867.753 34.014 -33.684 5.2008230399999996e-11 1.1678565119999999e-11 -1.1678565119999999e-11
6925.33 34.105 -23.563 6.36600192e-11 1.4060889600000001e-11 -1.4060889600000001e-11
6984.493 27.596 -25.058 6.6131904e-11 1.504082304e-11 -1.504082304e-11
7089.312 85.742 -77.224 3.675556224e-11 6.38692992e-12 -6.38692992e-12
11215.069 38.297 -49.459 2.0776704e-11 4.570752e-12 -4.570752e-12
11282.192 21.32 -28.826 3.7858106879999996e-11 8.2948032e-12 -8.2948032e-12
11332.576 21.082 -29.064 3.725713152e-11 8.152112639999999e-12 -8.152112639999999e-12
11395.269 21.073 -41.61 2.8393271039999998e-11 6.4123468799999995e-12 -6.4123468799999995e-12
11434.885 31.602 -18.544 3.579686784e-11 8.061373439999999e-12 -8.061373439999999e-12
11502.704 26.467 -36.216 2.8608698879999998e-11 6.433459199999999e-12 -6.433459199999999e-12
11563.886 25.46 -34.716 2.966972928e-11 6.71019648e-12 -6.71019648e-12
11615.164 21.821 -25.818 3.71252544e-11 8.42042112e-12 -8.42042112e-12
11659.92 27.211 -22.935 3.5525011199999995e-11 8.03444352e-12 -8.03444352e-12
11728.24 29.096 -41.109 2.535180672e-11 5.725463039999999e-12 -5.725463039999999e-12
11801.059 44.033 -43.723 2.0029908479999997e-11 4.52356224e-12 -4.52356224e-12
11891.95 35.884 -46.858 2.1671819519999998e-11 4.8873983999999994e-12 -4.8873983999999994e-12
11969.188 31.357 -41.355 2.4416544e-11 5.49854976e-12 -5.49854976e-12
12032.633 23.073 -32.088 3.234549888e-11 7.253172479999999e-12 -7.253172479999999e-12
12085.03 35.866 -29.324 2.706276096e-11 6.1118630399999994e-12 -6.1118630399999994e-12
12171.078 35.067 -50.181 2.189574528e-11 4.836614399999999e-12 -4.836614399999999e-12
12264.772 44.173 -58.627 1.735996416e-11 3.93743232e-12 -3.93743232e-12
12334.131 32.482 -25.186 3.094803456e-11 6.9694272e-12 -6.9694272e-12
12413.57 38.292 -46.957 2.2065984e-11 4.85438592e-12 -4.85438592e-12
12489.755 24.79 -37.893 2.99930112e-11 6.58043136e-12 -6.58043136e-12
12553.26 41.519 -38.715 2.3624547839999995e-11 5.18319744e-12 -5.18319744e-12
12641.891 45.658 -47.113 1.92472704e-11 4.3344422399999995e-12 -4.3344422399999995e-12
12726.262 46.536 -38.713 2.072334336e-11 4.68016896e-12 -4.68016896e-12
12827.035 46.056 -54.237 1.900775808e-11 4.18727424e-12 -4.18727424e-12
12932.584 60.858 -59.493 1.485911424e-11 3.379897728e-12 -3.379897728e-12
13047.937 73.378 -54.495 1.3797623039999998e-11 3.152033664e-12 -3.152033664e-12
13149.513 31.978 -28.197 2.95584192e-11 6.675486719999999e-12 -6.675486719999999e-12
13226.292 68.015 -44.802 1.6759664639999998e-11 3.707138688e-12 -3.707138688e-12
16950.28 66.108 -56.75 7.013141759999999e-12 1.5874709759999998e-12 -1.5874709759999998e-12
17076.702 60.037 -60.314 7.50617472e-12 1.653635712e-12 -1.653635712e-12
17202.266 57.331 -65.527 7.00710912e-12 1.5790448639999998e-12 -1.5790448639999998e-12
17338.275 64.239 -78.678 6.0153446399999995e-12 1.363137024e-12 -1.363137024e-12
17504.665 78.375 -102.151 5.142051839999999e-12 1.1328e-12 -1.1328e-12
17646.687 66.733 -63.647 7.94404608e-12 1.800140544e-12 -1.800140544e-12
17787.092 74.26 -73.671 1.6232256e-11 3.667139328e-12 -3.667139328e-12
17970.854 60.996 -109.502 8.9226048e-12 2.0148522239999997e-12 -2.0148522239999997e-12
18135.523 79.36 -103.674 3.71119104e-12 9.48751488e-13 -9.48751488e-13
18302.838 67.499 -87.955 5.48848128e-12 1.2465346559999998e-12 -1.2465346559999998e-12
18446.882 51.328 -76.545 6.81026688e-12 1.53468672e-12 -1.53468672e-12
18578.372 75.291 -80.162 5.51751168e-12 1.247531136e-12 -1.247531136e-12
18718.997 72.568 -65.334 6.5157926399999995e-12 1.436977152e-12 -1.436977152e-12
18882.13 112.522 -90.564 6.107919359999999e-12 1.1499778559999999e-12 -1.1499778559999999e-12
22786.545 34.578 -53.178 1.0423173119999999e-11 2.284958208e-12 -2.284958208e-12
22882.92 28.467 -61.796 9.60195456e-12 2.1678512639999998e-12 -2.1678512639999998e-12
22949.113 37.493 -37.726 1.1600117759999999e-11 2.6013496319999996e-12 -2.6013496319999996e-12
23027.711 46.651 -41.105 9.933492479999999e-12 2.22974976e-12 -2.22974976e-12
23127.179 34.939 -52.817 1.71853248e-11 3.77369856e-12 -3.77369856e-12
23226.403 53.558 -64.285 7.37649792e-12 1.660582656e-12 -1.660582656e-12
23453.923 121.902 -173.961 7.781241599999999e-12 1.7633591039999998e-12 -1.7633591039999998e-12
23636.355 57.313 -60.53 7.429044479999999e-12 1.680523776e-12 -1.680523776e-12
23762.331 106.849 -68.663 4.95783168e-12 1.1193392639999999e-12 -1.1193392639999999e-12
23949.007 63.09 -79.827 6.096322559999999e-12 1.3710681599999998e-12 -1.3710681599999998e-12
24062.23 45.145 -50.133 9.16715904e-12 2.05377792e-12 -2.05377792e-12
24285.648 195.316 -178.274 4.4978112e-12 1.0280459519999999e-12 -1.0280459519999999e-12
24559.288 69.608 -78.323 5.8651199999999995e-12 1.3228980479999999e-12 -1.3228980479999999e-12
24725.518 58.831 -96.622 5.57586816e-12 1.258874112e-12 -1.258874112e-12
24845.007 54.679 -60.657 7.52937216e-12 1.696635648e-12 -1.696635648e-12
25005.65 87.095 -105.964 7.2005183999999996e-12 1.282105728e-12 -1.282105728e-12
36497.608 4553.727 -959.822 2.148303744e-12 3.7461050879999997e-13 -3.7461050879999997e-13
109098.812 192.887 -220.82 1.7066311679999999e-12 4.4687654400000003e-13 -4.4687654400000003e-13
109493.318 174.478 -201.619 1.888045056e-12 4.906464e-13 -4.906464e-13
110014.085 420.94 -346.289 1.774368768e-12 3.332795904e-13 -3.332795904e-13
115086.975 106.766 -209.156 2.229769344e-12 5.827234559999999e-13 -5.827234559999999e-13
115690.39 443.586 -496.649 1.2883295999999998e-12 2.575055232e-13 -2.575055232e-13
121371.941 521.464 -441.339 1.651013376e-12 3.2797532159999997e-13 -3.2797532159999997e-13
129289.248 3883.971 -2358.886 9.02470656e-13 2.315043456e-13 -2.315043456e-13
205966.205 7788.594 -3931.267 1.8124193279999998e-12 4.72697856e-13 -4.72697856e-13
213893.433 144.693 -138.634 2.329554432e-12 6.10817664e-13 -6.10817664e-13
214213.887 200.331 -175.761 2.121443712e-12 5.06819328e-13 -5.06819328e-13
219722.007 393.062 -351.606 1.938652416e-12 3.771298944e-13 -3.771298944e-13
236529.726 264.426 -239.542 1.682725248e-12 4.00950528e-13 -4.00950528e-13
242475.736 142.347 -186.112 2.127081216e-12 5.5422144e-13 -5.5422144e-13
242858.371 236.097 -240.288 2.218574976e-12 4.69878528e-13 -4.69878528e-13
247485.912 188.339 -212.832 1.724908416e-12 4.5044044799999997e-13 -4.5044044799999997e-13
247804.031 153.547 -129.78 2.44442496e-12 6.34361472e-13 -6.34361472e-13
248292.232 322.254 -334.654 1.6662554879999998e-12 3.4621301759999996e-13 -3.4621301759999996e-13
344462.649 338.444 -200.629 1.31211072e-12 3.4522233599999995e-13 -3.4522233599999995e-13
345206.741 607.297 -405.649 1.018273152e-12 2.2243783679999997e-13 -2.2243783679999997e-13
352304.727 3737.504 -1891.949 4.959909119999999e-13 1.331094528e-13 -1.331094528e-13
356665.662 788.178 -623.431 9.585941759999998e-13 2.01227904e-13 -2.01227904e-13
580802.321 11911.61 -7247.728 1.697475072e-13 4.34562816e-14 -4.34562816e-14
