col1 col2 col3 col4 col5 col6
138.305 0.566 -0.539 1.65813375e-09 2.52249426e-10 -2.52249543e-10
139.468 0.466 -0.598 1.7482569000000002e-09 2.60615004e-10 -2.60615082e-10
140.468 0.506 -0.533 1.7361750900000001e-09 2.6958785100000003e-10 -2.69587968e-10
141.437 0.549 -0.463 1.8096081900000001e-09 2.75293005e-10 -2.75293083e-10
142.515 0.489 -0.529 1.8001436700000002e-09 2.73853203e-10 -2.73853281e-10
143.546 0.518 -0.543 1.75411938e-09 2.61488916e-10 -2.61488955e-10
144.46 0.531 -0.396 2.00667519e-09 2.9913772200000003e-10 -2.99137761e-10
145.432 0.454 -0.441 2.04711975e-09 3.11425374e-10 -3.11425374e-10
146.367 0.464 -0.481 1.96886235e-09 2.93500935e-10 -2.93500935e-10
147.534 0.566 -0.703 1.44415479e-09 2.1969714e-10 -2.1969714e-10
148.644 0.547 -0.545 1.70036763e-09 2.53476054e-10 -2.53476054e-10
149.917 0.655 -0.725 1.34495166e-09 2.00493735e-10 -2.00493735e-10
151.305 0.598 -0.733 1.39527804e-09 2.0799597000000002e-10 -2.0799597000000002e-10
152.486 0.541 -0.583 1.6513731e-09 2.46172407e-10 -2.46172368e-10
153.55 0.56 -0.523 1.71396342e-09 2.55502845e-10 -2.5550280600000003e-10
154.811 0.487 -0.7 1.5645708e-09 2.33232675e-10 -2.3323263600000003e-10
156.17 0.622 -0.873 1.24258407e-09 1.8523365900000001e-10 -1.8523362e-10
157.597 0.922 -0.806 1.0586195099999999e-09 1.61046249e-10 -1.61046249e-10
159.341 0.603 -0.822 1.2827661600000002e-09 1.95145353e-10 -1.9514531400000002e-10
160.643 0.759 -0.699 1.27365069e-09 1.89864831e-10 -1.89864792e-10
162.18 0.664 -0.779 1.2862242900000002e-09 1.91739171e-10 -1.9173913200000002e-10
163.486 0.606 -0.641 1.46558568e-09 2.2295742300000002e-10 -2.2295738400000001e-10
164.717 0.534 -0.626 1.59989037e-09 2.38497792e-10 -2.38497792e-10
166.355 0.788 -1.103 9.8129616e-10 1.4628315e-10 -1.46283111e-10
167.774 0.676 -0.632 1.39779003e-09 2.12643756e-10 -2.1264371700000002e-10
169.24 0.817 -0.79 1.15507938e-09 1.7218925100000002e-10 -1.72189212e-10
171.04 0.649 -0.983 1.12001526e-09 1.7038632e-10 -1.7038628099999998e-10
172.694 0.709 -1.006 1.0654129200000001e-09 1.6207971000000002e-10 -1.6207971000000002e-10
173.87 0.567 -0.467 1.79483811e-09 2.67558954e-10 -2.67558915e-10
175.229 0.64 -0.792 1.29538968e-09 1.93105458e-10 -1.93105458e-10
176.711 1.027 -0.842 9.9313656e-10 1.4804817300000002e-10 -1.4804817300000002e-10
178.356 0.66 -0.619 1.4284912200000002e-09 2.1731427900000002e-10 -2.1731427900000002e-10
179.994 0.894 -0.978 9.7623942e-10 1.48513872e-10 -1.4851383300000002e-10
181.653 0.712 -0.765 1.23726876e-09 1.88223945e-10 -1.88223906e-10
183.24 0.959 -0.875 1.0113203100000001e-09 1.50758907e-10 -1.50758868e-10
185.022 0.832 -0.823 1.12116615e-09 1.67133759e-10 -1.6713372e-10
186.65 0.62 -0.796 1.30988208e-09 1.95265863e-10 -1.9526582399999998e-10
188.162 0.665 -0.892 1.1556698400000001e-09 1.7944882799999998e-10 -1.7944882799999998e-10
189.951 1.002 -1.124 8.7252516e-10 1.3006851e-10 -1.30068471e-10
191.603 0.814 -0.65 1.24770087e-09 1.89810933e-10 -1.8981089400000003e-10
193.212 0.838 -0.795 1.11860385e-09 1.7017158600000002e-10 -1.7017158600000002e-10
194.976 1.054 -0.926 9.3673944e-10 1.39641021e-10 -1.39641021e-10
196.836 0.952 -0.805 1.03932816e-09 1.5811149900000003e-10 -1.5811149900000003e-10
199.027 0.889 -1.239 8.7173736e-10 1.29951081e-10 -1.29951042e-10
201.015 0.906 -1.099 9.2514513e-10 1.3791261899999999e-10 -1.3791258e-10
202.844 1.239 -0.923 8.4535776e-10 1.2860304600000001e-10 -1.2860304600000001e-10
205.186 1.364 -1.103 7.1784024e-10 1.1379264e-10 -1.1379264e-10
207.671 1.114 -1.121 8.3029791e-10 1.23773598e-10 -1.23773598e-10
210.204 1.036 -1.419 7.556901300000001e-10 1.12651734e-10 -1.12651734e-10
212.801 1.579 -1.561 5.641049700000001e-10 8.942243699999999e-11 -8.9422398e-11
215.916 1.172 -1.535 6.8518632e-10 1.02141663e-10 -1.02141663e-10
218.453 1.713 -1.365 6.028101300000001e-10 8.9861694e-11 -8.9861694e-11
221.488 1.458 -1.322 6.571429800000001e-10 9.997018199999999e-11 -9.997018199999999e-11
224.616 1.687 -1.67 5.4453282e-10 8.2838964e-11 -8.2838964e-11
227.81 1.46 -1.506 6.2584158e-10 9.3295059e-11 -9.329502000000001e-11
230.689 1.793 -1.42 5.7767151e-10 8.611426199999999e-11 -8.611422300000001e-11
234.122 1.876 -1.639 5.2816647e-10 8.0349204e-11 -8.0349165e-11
237.884 1.621 -1.886 5.4265536e-10 8.089438500000001e-11 -8.089438500000001e-11
241.456 1.442 -1.951 5.5240458e-10 8.4036498e-11 -8.403645899999999e-11
244.86 2.224 -1.963 4.4761431e-10 6.672646500000001e-11 -6.672646500000001e-11
249.083 1.543 -2.0 5.0029941e-10 7.930790399999999e-11 -7.930790399999999e-11
252.364 2.101 -1.738 3.0772014e-10 5.9743125e-11 -5.9743086e-11
256.463 2.448 -1.998 4.2685305e-10 6.363158099999999e-11 -6.363158099999999e-11
261.012 1.949 -2.1 4.6286682e-10 7.041528e-11 -7.041528e-11
265.031 2.412 -2.07 4.2462147e-10 6.3298872e-11 -6.3298872e-11
269.107 2.488 -1.664 4.5135285000000003e-10 6.8663673e-11 -6.8663673e-11
273.7 1.746 -2.105 4.9404303e-10 7.3647639e-11 -7.3647639e-11
277.57 1.821 -2.123 4.8246822e-10 7.1922162e-11 -7.1922162e-11
281.634 1.933 -2.243 4.5574971000000006e-10 6.7939209e-11 -6.7939209e-11
285.422 2.155 -1.855 3.64825422e-10 6.3992058e-11 -6.3992058e-11
289.826 1.729 -2.249 4.5969222e-10 6.993230400000001e-11 -6.993230400000001e-11
292.94 1.899 -1.385 3.89452206e-10 6.9947709e-11 -6.9947709e-11
296.721 2.162 -1.882 4.5217068000000003e-10 6.8788044e-11 -6.8788044e-11
300.963 1.88 -2.08 4.6163130000000004e-10 7.0227261e-11 -7.0227261e-11
304.572 2.465 -1.729 2.9510336700000003e-10 5.3878304999999996e-11 -5.3878304999999996e-11
309.024 1.462 -1.987 3.65058018e-10 6.665022e-11 -6.665022e-11
312.143 1.635 -1.657 3.85464768e-10 7.037596799999999e-11 -7.037596799999999e-11
316.109 2.042 -2.331 2.83554843e-10 5.3374191e-11 -5.3374191e-11
320.177 1.434 -2.026 3.58330011e-10 6.7449291e-11 -6.7449291e-11
323.807 2.879 -2.195 3.5539104900000003e-10 5.5859817000000006e-11 -5.5859817000000006e-11
328.662 1.944 -1.977 3.6858003e-10 6.3951108e-11 -6.3951108e-11
332.671 1.228 -2.065 3.6725711099999997e-10 6.9129645e-11 -6.9129645e-11
335.873 1.87 -1.973 3.14719197e-10 5.9240337e-11 -5.9240298e-11
339.899 2.28 -2.157 2.78886465e-10 5.0917503e-11 -5.0917503e-11
344.72 1.52 -2.54 2.9789892600000004e-10 5.60742e-11 -5.60742e-11
348.159 2.043 -1.919 3.0525768e-10 5.7459363e-11 -5.7459363e-11
352.915 2.306 -2.713 2.51535219e-10 4.5923865e-11 -4.5923865e-11
357.634 2.511 -2.413 2.5761957e-10 4.7034702000000005e-11 -4.7034702000000005e-11
362.726 2.411 -2.581 2.49334371e-10 4.5522048e-11 -4.5522048e-11
367.215 1.557 -2.078 3.3274176e-10 6.263275200000001e-11 -6.263275200000001e-11
371.175 2.753 -2.403 2.40006507e-10 4.3819034999999996e-11 -4.3819034999999996e-11
376.349 2.386 -2.421 2.5159258800000003e-10 4.7357856e-11 -4.7357856e-11
381.619 2.673 -2.883 2.23653456e-10 4.083339e-11 -4.083339e-11
387.061 2.749 -2.77 2.1947133e-10 4.2609801000000003e-11 -4.2609801000000003e-11
392.661 3.225 -2.85 2.08809588e-10 3.8123264400000004e-11 -3.81232605e-11
398.749 3.419 -2.863 2.01954831e-10 3.68717622e-11 -3.68717622e-11
404.816 2.359 -2.647 2.53403904e-10 4.6265037000000003e-11 -4.6265037000000003e-11
419.799 5.327 -7.21 1.98176745e-10 4.3307082000000006e-11 -4.3307082000000006e-11
433.165 7.005 -8.039 1.65152013e-10 3.61415457e-11 -3.61415457e-11
445.117 5.083 -4.946 2.52470166e-10 5.517170100000001e-11 -5.517170100000001e-11
458.63 6.613 -8.43 1.8306377700000001e-10 3.84199491e-11 -3.84199491e-11
470.996 9.291 -5.753 1.5848730300000001e-10 3.5597718e-11 -3.5597718e-11
491.523 11.33 -11.235 1.10049186e-10 2.4186045e-11 -2.4186045e-11
510.519 7.378 -7.666 1.8362619600000002e-10 3.83383065e-11 -3.83383065e-11
527.678 7.77 -9.781 1.50229053e-10 3.20723247e-11 -3.20723247e-11
543.483 9.516 -8.035 1.41522849e-10 3.11921766e-11 -3.11921766e-11
562.885 7.665 -9.886 1.35022524e-10 3.03273165e-11 -3.03273165e-11
584.042 14.089 -13.491 9.5544696e-11 2.04810021e-11 -2.04810021e-11
609.627 11.07 -11.496 1.0634789100000002e-10 2.38867239e-11 -2.38867239e-11
632.584 8.172 -11.887 1.4357694e-10 2.9380373100000005e-11 -2.9380373100000005e-11
652.754 10.567 -11.999 1.0529570999999999e-10 2.36503956e-11 -2.36503956e-11
672.445 13.442 -9.124 1.06573233e-10 2.3937342000000004e-11 -2.3937342000000004e-11
699.877 13.59 -13.99 8.6297172e-11 1.93831482e-11 -1.93831482e-11
728.884 14.671 -15.416 8.3512104e-11 1.83016275e-11 -1.83016275e-11
755.686 10.435 -12.131 1.06077426e-10 2.37549741e-11 -2.37549741e-11
779.113 17.096 -12.992 7.980538800000001e-11 1.7925027900000002e-11 -1.7925027900000002e-11
865.387 97.608 -69.178 6.6616914e-11 1.24470762e-11 -1.24470762e-11
4475.287 22.643 -19.981 2.1274367400000002e-11 4.6424469e-12 -4.6424469e-12
4526.626 26.465 -28.696 1.80248679e-11 3.7727929199999995e-12 -3.7727929199999995e-12
4780.345 35.663 -39.557 1.9407718200000002e-11 4.3727619e-12 -4.3727619e-12
4942.554 60.238 -126.546 1.25954751e-11 2.70643035e-12 -2.70643035e-12
5055.031 30.503 -52.239 1.8728252400000002e-11 4.2012555e-12 -4.2012555e-12
5154.487 48.891 -68.953 1.3159863600000002e-11 2.95528662e-12 -2.95528662e-12
5245.528 33.069 -42.15 2.19324495e-11 4.79583e-12 -4.79583e-12
5325.799 45.569 -47.202 1.70067612e-11 3.823287e-12 -3.823287e-12
5430.575 43.593 -59.207 1.03492818e-11 2.27249646e-12 -2.27249646e-12
5512.492 39.402 -38.325 1.12805823e-11 2.53349499e-12 -2.53349499e-12
5587.705 46.93 -35.811 1.06242162e-11 2.3860827899999998e-12 -2.3860827899999998e-12
5678.098 44.293 -43.463 1.03658802e-11 2.26910931e-12 -2.26910931e-12
5748.103 26.942 -25.711 1.76282886e-11 3.846807900000001e-12 -3.846807900000001e-12
5798.971 28.728 -23.926 1.65804327e-11 3.71562321e-12 -3.71562321e-12
5857.212 33.17 -29.513 1.4692743e-11 3.21963018e-12 -3.21963018e-12
5929.577 31.01 -39.195 1.2416355899999999e-11 2.79779409e-12 -2.79779409e-12
6006.197 39.638 -45.61 1.08044547e-11 2.36758665e-12 -2.36758665e-12
6090.768 72.911 -44.933 1.10154759e-11 2.49459639e-12 -2.49459639e-12
6278.891 125.49 -115.212 1.45742025e-11 3.2079333e-12 -3.2079333e-12
6451.763 50.404 -47.381 9.3877368e-12 2.0614518600000002e-12 -2.0614518600000002e-12
6569.519 52.999 -67.352 7.2484347e-12 1.62791928e-12 -1.62791928e-12
6664.306 50.981 -41.788 1.023399e-11 2.2037975700000003e-12 -2.2037975700000003e-12
10290.725 54.59 -63.253 7.4675835e-12 1.67956386e-12 -1.67956386e-12
10397.69 57.948 -52.374 7.9672671e-12 1.7989592400000001e-12 -1.7989592400000001e-12
10520.903 50.071 -65.266 7.6382865e-12 1.7229927e-12 -1.7229927e-12
10620.064 53.71 -49.09 8.4828081e-12 1.91536527e-12 -1.91536527e-12
10707.34 56.698 -33.566 9.7820814e-12 2.1958482e-12 -2.1958482e-12
10811.138 50.685 -47.1 9.0164685e-12 2.02398534e-12 -2.02398534e-12
10906.862 45.224 -45.039 1.0111966799999999e-11 2.22301755e-12 -2.22301755e-12
11034.018 48.449 -81.932 6.7560753e-12 1.51805628e-12 -1.51805628e-12
11155.455 72.436 -72.989 6.0536619e-12 1.3575845399999999e-12 -1.3575845399999999e-12
11331.011 102.48 -103.12 4.2644433e-12 9.628846499999999e-13 -9.628846499999999e-13
11507.524 61.362 -74.033 6.4694174999999995e-12 1.4621844900000002e-12 -1.4621844900000002e-12
11640.505 61.268 -71.62 6.595485e-12 1.4877642000000001e-12 -1.4877642000000001e-12
11766.541 58.09 -64.768 7.2679503e-12 1.6298993100000002e-12 -1.6298993100000002e-12
11896.727 68.314 -72.096 6.3214749000000005e-12 1.41902241e-12 -1.41902241e-12
12028.792 64.122 -63.751 6.912672e-12 1.55627199e-12 -1.55627199e-12
12168.03 77.83 -75.116 5.7288621e-12 1.3011761100000002e-12 -1.3011761100000002e-12
12356.706 102.263 -110.845 6.153131400000001e-12 1.13143953e-12 -1.13143953e-12
16050.191 148.96 -144.396 4.9150218000000004e-12 1.11662577e-12 -1.11662577e-12
16332.462 122.434 -133.312 5.777417099999999e-12 1.309815e-12 -1.309815e-12
16579.355 136.301 -124.459 5.706866100000001e-12 1.2911304900000002e-12 -1.2911304900000002e-12
16887.602 131.439 -171.945 3.6300096300000002e-12 9.4677726e-13 -9.4677726e-13
17184.841 150.121 -165.8 4.8753939000000005e-12 1.0758306e-12 -1.0758306e-12
17575.029 293.981 -240.067 3.5947633800000005e-12 7.1402136e-13 -7.1402136e-13
23065.328 877.705 -1414.329 3.7002147e-12 6.9346875e-13 -6.9346875e-13
27436.101 166.205 -109.6 2.66573931e-12 6.952225800000001e-13 -6.952225800000001e-13
27782.258 145.998 -179.953 2.13164913e-12 5.5695198e-13 -5.5695198e-13
28038.902 82.417 -110.646 3.61932285e-12 9.4219125e-13 -9.4219125e-13
28254.051 97.94 -132.732 3.03610866e-12 7.9036737e-13 -7.9036737e-13
28552.818 157.719 -200.826 1.9316130600000003e-12 5.0654526e-13 -5.0654526e-13
28881.507 119.878 -170.97 2.39843643e-12 6.278091300000001e-13 -6.278091300000001e-13
29133.935 143.254 -132.55 2.51193462e-12 6.563118900000001e-13 -6.563118900000001e-13
29495.65 195.235 -218.461 1.89661563e-12 4.693809900000001e-13 -4.693809900000001e-13
33224.035 222.238 -153.859 1.84848261e-12 4.817287800000001e-13 -4.817287800000001e-13
33727.065 278.339 -280.792 1.2420525e-12 3.2605419600000004e-13 -3.2605419600000004e-13
34159.452 146.83 -154.048 2.3180156999999998e-12 6.0346728e-13 -6.0346728e-13
34552.094 225.553 -245.813 1.56641472e-12 3.9656721e-13 -3.9656721e-13
39266.507 334.503 -460.316 1.02333816e-12 2.76721107e-13 -2.76721107e-13
42116.94 3493.189 -2515.93 1.04373945e-12 1.91575605e-13 -1.91575605e-13
97414.634 28144.717 -6136.008 4.70847e-13 1.04070486e-13 -1.04070486e-13
186967.806 30450.493 -38488.854 2.96346375e-13 7.2623694e-14 -7.2623694e-14
280700.884 35777.065 -40634.894 1.83500967e-13 4.1294994000000003e-14 -4.1294994000000003e-14
398120.616 8853.744 -8697.196 4.07589e-13 0.0 0.0
