col1 col2 col3 col4 col5 col6
81.401 0.902 -0.694 3.1194312900000004e-09 4.8504804e-10 -4.7610266e-10
83.129 1.029 -0.826 2.6374976100000004e-09 4.2114544e-10 -4.1214799000000006e-10
85.256 1.162 -1.098 2.24041056e-09 3.44346126e-10 -3.34700261e-10
87.407 0.936 -0.989 2.54246371e-09 4.0813491e-10 -3.97719188e-10
89.201 0.949 -0.858 2.8005328799999996e-09 4.3264348e-10 -4.1772644999999997e-10
90.96 0.684 -0.809 3.33604987e-09 5.219587e-10 -5.094696900000001e-10
92.553 0.551 -0.91 3.2966718300000004e-09 5.4520119e-10 -5.268811599999999e-10
93.719 0.7 -0.615 3.79037948e-09 6.0377297e-10 -5.7868589e-10
95.21 0.729 -0.791 4.9105577e-09 6.4398659e-10 -6.103604399999999e-10
96.548 0.566 -0.61 6.2728155e-09 8.0813952e-10 -7.9115117e-10
97.433 0.348 -0.319 1.13087922e-08 1.51637721e-09 -1.3819829e-09
98.15 0.261 -0.369 1.19798966e-08 1.58550813e-09 -1.46477297e-09
98.676 0.264 -0.265 1.38016537e-08 1.84397172e-09 -1.7696030500000001e-09
99.258 0.343 -0.319 1.1273175499999999e-08 1.43557318e-09 -1.40098886e-09
99.927 0.255 -0.325 1.3202984e-08 1.64287123e-09 -1.60229148e-09
100.455 0.242 -0.274 1.46237324e-08 1.90703546e-09 -1.78841631e-09
100.971 0.285 -0.274 1.3557043600000001e-08 1.83089026e-09 -1.66969261e-09
101.506 0.251 -0.25 1.5487504e-08 2.1143531899999998e-09 -1.86455249e-09
102.001 0.273 -0.243 1.40788465e-08 1.9752721700000003e-09 -1.80204102e-09
102.578 0.327 -0.305 1.14842599e-08 1.50396323e-09 -1.47438337e-09
103.119 0.297 -0.213 1.49157836e-08 1.85283797e-09 -1.81380597e-09
103.66 0.261 -0.244 1.5516581199999998e-08 1.90262263e-09 -1.86067225e-09
104.222 0.292 -0.301 1.2384013100000001e-08 1.5926191699999998e-09 -1.56293886e-09
104.902 0.418 -0.388 9.346298499999999e-09 1.17585171e-09 -1.15282857e-09
105.657 0.36 -0.337 1.04002855e-08 1.3566715500000001e-09 -1.3319137000000002e-09
106.403 0.381 -0.386 9.4591797e-09 1.23173881e-09 -1.21073205e-09
107.176 0.442 -0.392 8.6927667e-09 1.13407517e-09 -1.11276911e-09
108.061 0.394 -0.442 8.775701500000001e-09 1.13705546e-09 -1.1068282099999999e-09
108.966 0.375 -0.511 8.2809586e-09 1.11422543e-09 -1.04419702e-09
109.761 0.466 -0.42 8.09094e-09 1.09760608e-09 -1.05341669e-09
110.693 0.51 -0.467 7.5972139e-09 1.03180313e-09 -9.4285445e-10
111.709 0.364 -0.506 5.346863300000001e-09 6.8790128e-10 -6.7366485e-10
112.362 0.251 -0.288 5.3198443e-09 6.611537e-10 -6.611549300000001e-10
112.877 0.242 -0.265 5.7253466e-09 6.9946738e-10 -6.994686100000001e-10
113.415 0.339 -0.296 4.4596807e-09 5.6388366e-10 -5.6388448e-10
114.026 0.286 -0.271 5.2131746e-09 6.3689523e-10 -6.3689646e-10
114.585 0.235 -0.274 4.08755322e-09 5.8999041e-10 -5.899912299999999e-10
115.091 0.249 -0.271 5.5202605e-09 6.860612e-10 -6.8606243e-10
115.625 0.248 -0.286 5.3730459e-09 6.6776495e-10 -6.6776659e-10
116.141 0.254 -0.267 6.0677417e-09 7.1018109e-10 -7.1018273e-10
116.668 0.268 -0.273 5.2385085e-09 6.623591e-10 -6.6236033e-10
117.162 0.275 -0.226 8.0315187e-09 8.3283792e-10 -8.328403799999999e-10
117.738 0.277 -0.301 4.8986882e-09 6.1939192e-10 -6.1939315e-10
118.333 0.234 -0.318 5.1997307e-09 6.462256e-10 -6.4622683e-10
118.834 0.249 -0.267 5.6251508e-09 6.872268300000001e-10 -6.8722806e-10
119.339 0.246 -0.256 6.4069101e-09 7.5121389e-10 -7.512155300000001e-10
119.82 0.268 -0.235 7.5910885e-09 8.1509517e-10 -8.1509722e-10
120.345 0.249 -0.257 7.2033227999999995e-09 7.859540099999999e-10 -7.859560600000001e-10
121.012 0.571 -0.419 1.13027201e-08 1.40120821e-09 -1.39943373e-09
122.326 0.451 -0.743 1.24832946e-08 1.643403e-09 -1.63162042e-09
123.152 0.478 -0.376 1.81793672e-08 2.2757775700000003e-09 -2.25131082e-09
124.119 0.467 -0.488 1.59206526e-08 2.04514396e-09 -2.02521632e-09
125.015 0.45 -0.429 1.69541314e-08 2.23098466e-09 -2.21590978e-09
125.907 0.344 -0.442 1.97424184e-08 2.47024344e-09 -2.44509732e-09
126.496 0.26 -0.245 3.0262616600000005e-08 3.9137710300000005e-09 -3.87057958e-09
127.08 0.248 -0.323 2.6911055200000003e-08 3.41610442e-09 -3.37783338e-09
127.559 0.285 -0.231 2.9795499500000002e-08 3.79282882e-09 -3.73952841e-09
128.157 0.257 -0.314 2.5818220700000002e-08 3.46394322e-09 -3.42139629e-09
128.797 0.252 -0.383 2.3460331200000003e-08 3.10726618e-09 -3.0665216100000002e-09
129.33 0.244 -0.281 3.00260958e-08 3.74231231e-09 -3.69032923e-09
129.999 0.494 -0.424 1.6401242300000002e-08 2.14206099e-09 -2.11484929e-09
130.89 0.471 -0.397 1.75218297e-08 2.26532134e-09 -2.22874893e-09
131.668 0.277 -0.307 2.68446844e-08 3.3412745e-09 -3.2801787600000004e-09
132.252 0.372 -0.308 2.2096556399999997e-08 2.8789199600000005e-09 -2.84890919e-09
132.993 0.37 -0.369 2.07572053e-08 2.63532912e-09 -2.60500388e-09
133.711 0.297 -0.349 2.30455178e-08 3.08855378e-09 -3.0116705800000003e-09
134.264 0.284 -0.256 2.82021124e-08 3.6548383999999997e-09 -3.5870711400000002e-09
134.805 0.282 -0.258 2.8484180099999998e-08 3.61329556e-09 -3.57493637e-09
135.357 0.233 -0.27 3.11242726e-08 3.9324067600000005e-09 -3.89710658e-09
135.849 0.248 -0.259 3.32212053e-08 3.9552741e-09 -3.9164364400000004e-09
136.389 0.215 -0.292 2.9521455499999998e-08 3.90866776e-09 -3.87855367e-09
136.872 0.253 -0.268 2.88649717e-08 3.7502503200000005e-09 -3.72178484e-09
137.373 0.254 -0.248 3.27795328e-08 3.97060154e-09 -3.9399852e-09
137.915 0.288 -0.288 2.61036504e-08 3.38088378e-09 -3.36510083e-09
138.49 0.37 -0.286 2.2207764799999997e-08 3.0015694100000005e-09 -2.98394843e-09
139.22 0.355 -0.36 2.1478862699999998e-08 2.71159117e-09 -2.69545439e-09
139.876 0.45 -0.301 2.0872439900000003e-08 2.56426259e-09 -2.55012497e-09
140.857 0.485 -0.531 1.5272360600000002e-08 1.90118517e-09 -1.8908765400000003e-09
141.842 0.389 -0.5 1.7265993800000002e-08 2.17825292e-09 -2.1665572600000002e-09
142.672 0.497 -0.441 1.62149875e-08 2.07170253e-09 -2.06218315e-09
143.793 0.566 -0.624 1.26724276e-08 1.6612527600000001e-09 -1.63385164e-09
144.94 0.46 -0.581 1.47833249e-08 1.89614053e-09 -1.8550827199999999e-09
145.926 0.452 -0.526 1.6123282800000002e-08 2.01034152e-09 -1.98154312e-09
146.651 0.245 -0.273 2.91082165e-08 3.7904450799999995e-09 -3.75351597e-09
147.17 0.28 -0.273 2.69611367e-08 3.56301603e-09 -3.52437804e-09
147.71 0.303 -0.261 2.56260086e-08 3.51304851e-09 -3.49174409e-09
148.352 0.341 -0.339 2.17201928e-08 2.89644336e-09 -2.87850955e-09
149.13 0.359 -0.437 1.85617578e-08 2.4990877600000003e-09 -2.4595350600000003e-09
149.801 0.332 -0.312 2.38853044e-08 3.0725026899999997e-09 -2.9971315699999997e-09
150.518 0.406 -0.386 1.88421486e-08 2.51794202e-09 -2.46242679e-09
151.241 0.312 -0.316 2.37582003e-08 3.1815032399999998e-09 -3.10482668e-09
151.867 0.404 -0.315 2.11853847e-08 2.76616012e-09 -2.6943322199999997e-09
152.642 0.326 -0.371 2.18380473e-08 2.85059921e-09 -2.77734246e-09
153.329 0.365 -0.361 2.1627213000000004e-08 2.71811468e-09 -2.6422655e-09
153.994 0.304 -0.3 2.49818166e-08 3.2912401500000004e-09 -3.22063446e-09
154.621 0.304 -0.324 2.46401308e-08 3.1404253400000004e-09 -3.0506529700000002e-09
155.255 0.323 -0.33 2.29855717e-08 3.0412426499999997e-09 -2.96314954e-09
155.829 0.262 -0.251 3.17189243e-08 3.96913415e-09 -3.86047267e-09
156.422 0.32 -0.331 2.35258943e-08 3.02397509e-09 -2.95205904e-09
157.118 0.382 -0.376 2.04173194e-08 2.60576279e-09 -2.52781482e-09
157.841 0.382 -0.341 2.0347000300000002e-08 2.7366003500000004e-09 -2.69616451e-09
158.613 0.326 -0.391 2.0936215400000002e-08 2.77486114e-09 -2.6989303699999997e-09
159.409 0.481 -0.469 1.57972057e-08 2.05581708e-09 -2.03664958e-09
160.358 0.442 -0.469 1.71563926e-08 2.11086655e-09 -2.09622709e-09
161.424 0.607 -0.624 1.1686316100000001e-08 1.6008003099999998e-09 -1.59195497e-09
162.666 0.381 -0.634 1.4926665e-08 1.91052087e-09 -1.89849024e-09
163.616 0.602 -0.569 1.29530275e-08 1.6584454900000002e-09 -1.64750259e-09
164.824 0.588 -0.606 1.2954257499999999e-08 1.61231885e-09 -1.60388474e-09
165.967 0.724 -0.555 1.20186703e-08 1.5254542e-09 -1.5164747899999999e-09
167.562 0.983 -0.871 8.168917899999999e-09 1.04431674e-09 -1.03893303e-09
169.525 1.1 -0.98 7.1316179e-09 9.3783154e-10 -9.32176e-10
170.96 0.314 -0.335 5.8574691000000006e-09 7.280275699999999e-10 -7.279787799999999e-10
171.52 0.304 -0.246 3.48102177e-09 5.32344e-10 -5.3234482e-10
172.131 0.221 -0.308 3.62169564e-09 5.5385711e-10 -5.5385752e-10
172.622 0.241 -0.27 3.98545133e-09 5.8134064e-10 -5.8134146e-10
173.188 0.335 -0.325 4.4618168e-09 5.4107823e-10 -5.4107946e-10
173.816 0.259 -0.293 3.53368627e-09 5.2677333e-10 -5.2677374e-10
174.441 0.336 -0.367 2.72314497e-09 4.1644397e-10 -4.1644438000000003e-10
175.193 0.292 -0.416 2.70262201e-09 4.1330542e-10 -4.1330583e-10
175.829 0.391 -0.344 2.6524007000000003e-09 3.9539830099999997e-10 -3.9539879299999997e-10
176.591 0.296 -0.371 2.92117661e-09 4.3546510000000004e-10 -4.3546591999999997e-10
177.158 0.269 -0.271 3.6956629200000002e-09 5.448982e-10 -5.4489902e-10
177.791 0.333 -0.365 2.8066078500000002e-09 4.242803e-10 -4.2428071e-10
178.549 0.459 -0.425 2.16390374e-09 3.3092047099999995e-10 -3.3092084e-10
179.594 0.416 -0.586 1.87538838e-09 2.9428529000000003e-10 -2.94285618e-10
180.397 0.451 -0.387 2.32578076e-09 3.46708464e-10 -3.4670887400000005e-10
181.29 0.385 -0.443 2.3127526e-09 3.53683548e-10 -3.5368395800000004e-10
182.006 0.326 -0.331 2.9680474000000003e-09 4.4245232e-10 -4.4245273e-10
182.583 0.263 -0.251 3.78965665e-09 5.6493121e-10 -5.6493162e-10
183.192 0.333 -0.347 2.86704062e-09 4.2739507e-10 -4.2739547999999997e-10
183.847 0.326 -0.322 2.9000612e-09 4.5507663000000003e-10 -4.5507704e-10
184.491 0.307 -0.318 3.0638053600000004e-09 4.6854021e-10 -4.6854062e-10
185.133 0.315 -0.336 2.9923304700000004e-09 4.4607221000000006e-10 -4.4607262000000003e-10
185.845 0.31 -0.396 2.7088564700000003e-09 4.1425867000000005e-10 -4.1425908e-10
186.507 0.253 -0.352 3.2927858500000005e-09 4.854969900000001e-10 -4.854974e-10
187.104 0.433 -0.344 2.4609036399999997e-09 3.76339861e-10 -3.76340271e-10
187.902 0.311 -0.365 2.8821339500000003e-09 4.2964515e-10 -4.2964556000000003e-10
188.634 0.336 -0.42 2.53083939e-09 3.87034957e-10 -3.87035367e-10
189.342 0.325 -0.373 2.7939019500000002e-09 4.1649194000000004e-10 -4.1649235e-10
190.075 0.337 -0.409 2.61386849e-09 3.8965416e-10 -3.89654611e-10
190.857 0.467 -0.445 2.05743453e-09 3.22851835e-10 -3.2285220400000003e-10
191.774 0.412 -0.449 2.26277893e-09 3.3731659399999996e-10 -3.37316963e-10
192.614 0.478 -0.428 2.15194896e-09 3.20794906e-10 -3.20795275e-10
193.519 0.474 -0.428 2.15981973e-09 3.21968244e-10 -3.21968613e-10
194.581 0.562 -0.587 1.6647029100000002e-09 2.54578881e-10 -2.5457912700000003e-10
195.697 0.608 -0.554 1.6773657600000001e-09 2.50048012e-10 -2.50048258e-10
196.809 0.497 -0.504 1.94501786e-09 2.89947326e-10 -2.89947654e-10
197.934 0.65 -0.627 1.47021326e-09 2.3070531900000002e-10 -2.3070556500000002e-10
199.209 0.766 -0.625 1.40062642e-09 2.08793935e-10 -2.08794181e-10
200.707 0.725 -0.733 1.33723099e-09 1.9934343499999998e-10 -1.9934368099999998e-10
202.252 0.982 -0.82 1.08104741e-09 1.61153698e-10 -1.61153862e-10
203.888 0.672 -0.653 1.47002999e-09 2.1914003899999998e-10 -2.1914028499999998e-10
205.429 0.949 -0.869 1.07158666e-09 1.5974338000000002e-10 -1.59743585e-10
207.672 1.241 -1.294 7.6854254e-10 1.14568022e-10 -1.14568145e-10
209.833 0.9 -0.92 1.070551e-09 1.5958893299999999e-10 -1.5958913800000002e-10
212.026 1.186 -1.292 7.5777266e-10 1.1890943e-10 -1.18909553e-10
214.722 1.435 -1.51 6.6174779e-10 9.8647927e-11 -9.864805e-11
217.706 1.455 -1.55 6.4845272e-10 9.6666069e-11 -9.666615100000001e-11
221.084 1.741 -1.922 5.2227112e-10 7.986964e-11 -7.9869722e-11
224.552 2.231 -1.727 3.2815563599999997e-10 5.9912931e-11 -5.9912972e-11
228.724 1.738 -1.941 3.43469915e-10 6.5163145e-11 -6.5163186e-11
233.195 2.507 -2.733 2.41198285e-10 4.5760182e-11 -4.5760182e-11
237.617 1.965 -1.916 3.2566131900000003e-10 6.1784499e-11 -6.178454e-11
243.112 4.257 -3.53 1.57761194e-10 3.11187909e-11 -3.11188114e-11
251.043 4.829 -3.674 1.52775881e-10 2.7893009300000002e-11 -2.7893029799999998e-11
267.599 7.967 -7.077 1.1611835500000001e-10 2.5493381799999998e-11 -2.5493381799999998e-11
288.377 14.771 -12.81 6.160701e-11 1.3841714799999999e-11 -1.3841714799999999e-11
316.354 14.374 -13.207 5.9887429e-11 1.3455359500000001e-11 -1.3455359500000001e-11
356.289 17.064 -25.561 4.07468045e-11 8.9458187e-12 -8.9458187e-12
397.263 16.207 -23.911 4.3447781999999995e-11 9.5098639e-12 -9.5098639e-12
433.239 20.348 -19.769 4.0455372400000006e-11 9.1331436e-12 -9.1331436e-12
479.799 21.427 -26.212 3.5536028399999996e-11 8.0354465e-12 -8.0354465e-12
539.406 21.996 -38.18 2.92959268e-11 6.4220473000000005e-12 -6.4220473000000005e-12
592.097 21.959 -30.695 3.46960368e-11 7.407921e-12 -7.407921e-12
656.994 39.804 -42.938 1.97075848e-11 4.4778765e-12 -4.4778765e-12
740.094 26.909 -43.296 2.4685669500000002e-11 5.4114178e-12 -5.4114178e-12
804.999 42.239 -37.996 2.39337582e-11 5.0252429000000006e-12 -5.0252429000000006e-12
880.879 29.042 -33.641 2.7913173099999997e-11 6.1469536999999995e-12 -6.1469536999999995e-12
942.668 44.981 -32.746 2.12062004e-11 4.7874798e-12 -4.7874798e-12
1021.004 26.811 -33.355 3.96512517e-11 7.4036078e-12 -7.4036078e-12
9833.337 6564.638 -4978.187 9.7835635e-12 1.38432933e-12 -1.38432933e-12
198740.253 196957.952 -78898.175 1.47682e-13 0.0 0.0
