col1 col2 col3 col4 col5 col6
71.548 0.426 -0.4 2.8589643350000005e-08 4.18119545e-09 -4.0522774500000004e-09
72.422 0.437 -0.449 2.8056582750000003e-08 3.7736036e-09 -3.762095150000001e-09
73.336 0.44 -0.476 3.388323105e-08 4.09724545e-09 -4.1156086e-09
74.189 0.345 -0.413 3.24668011e-08 4.3990165000000005e-09 -4.4288917500000006e-09
74.933 0.334 -0.399 3.2541016550000004e-08 4.58549865e-09 -4.592864350000001e-09
75.658 0.409 -0.391 3.4626677650000004e-08 4.3393244e-09 -4.381299400000001e-09
76.465 0.359 -0.397 3.32082256e-08 4.4214348e-09 -4.4903249e-09
77.331 0.45 -0.507 3.73228925e-08 4.381551250000001e-09 -4.449386500000001e-09
78.258 0.542 -0.477 3.5783439300000006e-08 4.087708e-09 -4.1090897e-09
79.212 0.348 -0.412 3.205980785e-08 4.4853645500000005e-09 -4.3716488e-09
79.949 0.358 -0.389 4.9827537e-08 5.610725250000001e-09 -5.492917850000001e-09
80.767 0.464 -0.46 4.05951175e-08 4.5183897500000005e-09 -4.511848950000001e-09
81.641 0.426 -0.41 4.82666875e-08 5.61472565e-09 -5.17586425e-09
82.503 0.44 -0.436 4.988341850000001e-08 5.734321550000001e-09 -5.31752075e-09
83.321 0.429 -0.378 5.2985334500000003e-08 6.03011755e-09 -5.931782900000001e-09
84.057 0.338 -0.307 6.40305995e-08 7.5686035e-09 -7.70005095e-09
84.774 0.376 -0.378 5.5584901e-08 6.5981488e-09 -6.6602791e-09
85.546 0.508 -0.396 4.5434360500000006e-08 5.607692100000001e-09 -5.415797e-09
86.496 0.417 -0.442 4.67780715e-08 6.006319550000001e-09 -5.657452550000001e-09
87.383 0.532 -0.47 4.1573719000000005e-08 5.11561005e-09 -4.84261195e-09
88.324 0.418 -0.409 5.138382400000001e-08 6.0838017500000006e-09 -5.9988626000000005e-09
89.192 0.505 -0.45 4.41900755e-08 5.3418115e-09 -5.3795233e-09
90.089 0.379 -0.392 5.5555007500000004e-08 6.53658425e-09 -6.660348450000001e-09
90.907 0.42 -0.439 4.879586450000001e-08 5.747811950000001e-09 -6.113823000000001e-09
91.781 0.475 -0.454 4.4527080000000005e-08 5.335230550000001e-09 -5.840638750000001e-09
92.668 0.412 -0.412 6.265476850000001e-08 7.185952100000001e-09 -7.678377250000001e-09
93.459 0.412 -0.38 6.4058303e-08 7.77526285e-09 -8.66465105e-09
94.324 0.46 -0.453 5.6337713500000004e-08 6.81064085e-09 -8.206032200000001e-09
95.359 0.59 -0.575 4.2917649000000005e-08 5.80532865e-09 -5.831575800000001e-09
96.529 0.569 -0.58 4.535187050000001e-08 6.128729600000001e-09 -5.7243753e-09
97.762 0.657 -0.663 3.8151114000000005e-08 5.2534194500000005e-09 -5.191792850000001e-09
99.106 0.776 -0.687 3.41974048e-08 5.221602400000001e-09 -4.2743726500000004e-09
100.43 0.533 -0.549 3.0728357200000004e-08 5.36771555e-09 -4.62762695e-09
101.46 0.649 -0.497 2.8222584750000003e-08 5.21564925e-09 -4.19661305e-09
102.736 0.588 -0.628 2.8957191050000005e-08 5.0352991e-09 -4.0327901000000005e-09
103.902 0.626 -0.579 2.7652454750000004e-08 5.28449555e-09 -4.4203763e-09
105.301 0.85 -0.773 3.32265559e-08 5.32408345e-09 -4.1735414e-09
106.882 0.671 -0.731 2.5325787800000003e-08 4.587685e-09 -4.033410600000001e-09
108.259 0.696 -0.706 2.297281895e-08 4.3338567e-09 -4.10094655e-09
109.718 0.687 -0.763 2.347566485e-08 4.49937325e-09 -3.900222100000001e-09
111.496 0.937 -1.091 1.66024849e-08 3.52611608e-09 -2.732330505e-09
113.272 0.931 -0.839 1.9578494150000003e-08 3.6303250400000005e-09 -3.3682382500000006e-09
115.168 0.953 -0.965 1.76362306e-08 3.2753110750000003e-09 -3.079468135e-09
117.491 1.012 -1.37 1.4349810750000003e-08 2.6605784400000004e-09 -2.4764202450000006e-09
119.59 0.979 -1.087 1.7596726650000002e-08 3.2316804350000005e-09 -2.82963841e-09
121.629 1.296 -1.06 1.4665481e-08 2.75251099e-09 -2.4718384e-09
123.853 0.913 -0.929 1.850028415e-08 3.3882074000000002e-09 -3.2358815850000005e-09
125.877 1.216 -1.111 1.637751715e-08 2.7867509100000002e-09 -2.666468445e-09
128.253 0.674 -1.16 8.9798468e-09 1.4410966500000003e-09 -1.29029909e-09
129.455 0.477 -0.528 8.39078425e-09 1.25280191e-09 -1.0867542850000002e-09
130.442 0.517 -0.509 8.51286945e-09 1.2273468100000002e-09 -1.049487055e-09
131.451 0.504 -0.492 8.465956e-09 1.2635314500000001e-09 -1.097625445e-09
132.441 0.47 -0.486 8.828284200000001e-09 1.3197597000000001e-09 -1.1400669150000002e-09
133.375 0.423 -0.464 9.386467750000002e-09 1.40571501e-09 -1.2289009800000002e-09
134.241 0.54 -0.442 8.82476925e-09 1.2906637250000001e-09 -1.112175075e-09
135.427 0.686 -0.647 6.329574500000001e-09 9.468702250000001e-10 -8.162498650000001e-10
136.75 0.664 -0.636 6.329483250000001e-09 9.69622865e-10 -8.446972350000001e-10
137.998 0.625 -0.585 7.0558004000000005e-09 1.03893235e-09 -8.956234950000001e-10
139.379 0.78 -0.756 5.615638150000001e-09 7.900479750000002e-10 -7.00341925e-10
140.844 0.662 -0.685 6.241481750000001e-09 8.95111035e-10 -8.04366925e-10
142.013 0.355 -0.508 6.745225550000001e-09 8.368541150000001e-10 -8.300505150000001e-10
142.682 0.32 -0.313 4.3763208e-09 5.567345000000001e-10 -5.58242315e-10
143.265 0.248 -0.263 5.37075235e-09 7.025764550000001e-10 -7.043569250000001e-10
143.756 0.262 -0.244 5.640980100000001e-09 6.994440250000001e-10 -7.01416485e-10
144.317 0.233 -0.299 5.3458082500000004e-09 6.56187875e-10 -6.581698250000002e-10
144.827 0.229 -0.278 5.6212409e-09 6.971773750000002e-10 -6.99276125e-10
145.305 0.259 -0.248 6.529317100000001e-09 7.433261500000002e-10 -7.4590013e-10
145.785 0.282 -0.221 6.1539000000000004e-09 7.23929685e-10 -7.262759050000001e-10
146.362 0.265 -0.295 4.945947100000001e-09 6.293771650000001e-10 -6.31212385e-10
146.94 0.227 -0.312 5.20852445e-09 6.5085048e-10 -6.527295e-10
147.42 0.251 -0.253 5.745224100000001e-09 7.0703128e-10 -7.090395100000001e-10
147.924 0.253 -0.254 5.9560189e-09 7.1716003e-10 -7.192883450000001e-10
148.508 0.267 -0.331 4.696976950000001e-09 5.86768525e-10 -5.883456900000001e-10
149.02 0.27 -0.245 5.721097600000001e-09 7.0553113e-10 -7.0740139e-10
149.553 0.269 -0.263 5.3458082500000004e-09 6.559104750000001e-10 -6.57689485e-10
150.109 0.289 -0.288 4.93331445e-09 6.053207449999999e-10 -6.0697821e-10
150.708 0.334 -0.31 4.3596257000000005e-09 5.445818250000001e-10 -5.4601445e-10
151.309 0.247 -0.267 5.5307756500000005e-09 6.785346350000001e-10 -6.803245950000001e-10
151.873 0.365 -0.317 4.015036500000001e-09 5.199209650000001e-10 -5.2113824e-10
152.567 0.284 -0.33 4.7021818500000006e-09 5.72610905e-10 -5.741095950000001e-10
153.141 0.319 -0.29 4.665795e-09 5.723794950000001e-10 -5.7386322e-10
153.769 0.42 -0.31 3.8325584e-09 4.78664285e-10 -4.79866595e-10
154.508 0.32 -0.319 4.433012600000001e-09 5.4377919e-10 -5.451567000000001e-10
155.123 0.311 -0.295 4.666984900000001e-09 5.7251856e-10 -5.739975400000001e-10
155.785 0.334 -0.351 4.13362135e-09 5.0713319e-10 -5.08475295e-10
156.415 0.235 -0.295 3.4517918600000006e-09 5.4453109e-10 -5.453961400000001e-10
156.957 0.303 -0.307 4.522521550000001e-09 5.749994650000001e-10 -5.76315655e-10
157.628 0.377 -0.369 3.75019615e-09 4.682555800000001e-10 -4.693443750000001e-10
158.255 0.295 -0.249 3.4273014550000003e-09 5.2612779e-10 -5.2691984e-10
158.847 0.297 -0.297 3.6269385700000003e-09 5.0937867e-10 -5.10316355e-10
159.447 0.247 -0.303 3.53602364e-09 5.227457000000001e-10 -5.236092900000001e-10
159.992 0.385 -0.298 4.0919785e-09 5.10923715e-10 -5.1210668e-10
160.719 0.403 -0.343 3.7501633000000004e-09 4.6823879e-10 -4.693184600000001e-10
161.427 0.291 -0.305 3.1906865550000003e-09 4.767878200000001e-10 -4.774948250000001e-10
162.036 0.308 -0.318 3.036628085e-09 4.5376727e-10 -4.5444033e-10
162.658 0.336 -0.313 4.3601914500000005e-09 5.3459725e-10 -5.357751050000001e-10
163.294 0.271 -0.301 3.3298442650000004e-09 4.9760012e-10 -4.983505600000001e-10
163.943 0.369 -0.378 2.3984292350000004e-09 3.8872500000000007e-10 -3.8923563500000004e-10
164.637 0.271 -0.325 3.1847545750000004e-09 4.759961350000001e-10 -4.767692050000001e-10
165.259 0.341 -0.351 2.53610614e-09 4.22568165e-10 -4.23113475e-10
165.899 0.278 -0.299 3.292874145e-09 4.920784e-10 -4.92822635e-10
166.514 0.342 -0.337 2.7403305750000004e-09 4.20575995e-10 -4.21142475e-10
167.156 0.298 -0.3 3.1752715100000003e-09 4.74441965e-10 -4.75115755e-10
167.749 0.301 -0.295 3.1847545750000004e-09 4.7586145e-10 -4.7653889e-10
168.339 0.332 -0.288 2.9418861300000004e-09 4.639358050000001e-10 -4.6456105000000007e-10
169.079 0.508 -0.408 1.915622565e-09 3.19153518e-10 -3.19544579e-10
169.922 0.29 -0.335 2.9823540450000003e-09 4.5770379500000003e-10 -4.5830823500000004e-10
170.656 0.451 -0.444 2.0811533500000002e-09 3.1938938100000004e-10 -3.1980686800000003e-10
171.377 0.313 -0.27 3.6141756150000004e-09 5.1236656e-10 -5.131221100000001e-10
172.027 0.246 -0.337 3.1914822550000005e-09 4.8975627e-10 -4.9037385e-10
172.55 0.4 -0.276 2.8076092e-09 4.1945508000000007e-10 -4.2001426000000003e-10
173.295 0.247 -0.345 3.203877655e-09 4.785723050000001e-10 -4.79151925e-10
173.779 0.322 -0.237 3.3337775050000004e-09 5.11479245e-10 -5.120457250000001e-10
174.425 0.248 -0.324 3.2426019650000003e-09 4.974986500000001e-10 -4.980552750000001e-10
175.057 0.349 -0.383 2.5782636400000002e-09 3.8513194000000005e-10 -3.85604615e-10
175.817 0.303 -0.412 2.586330505e-09 3.9683420500000003e-10 -3.9729483500000006e-10
176.484 0.391 -0.363 2.4991633950000002e-09 3.7330557500000006e-10 -3.7375671500000006e-10
177.195 0.288 -0.32 3.0983817050000003e-09 4.6283569500000003e-10 -4.6341057000000006e-10
177.909 0.466 -0.425 2.075239985e-09 3.1843282550000005e-10 -3.1881487100000004e-10
178.68 0.29 -0.306 3.163119565e-09 4.725176850000001e-10 -4.731130000000001e-10
179.456 0.61 -0.485 1.6878483300000003e-09 2.5896786500000004e-10 -2.59263369e-10
180.478 0.33 -0.411 2.5411186850000003e-09 3.7959489000000005e-10 -3.8006902500000006e-10
181.293 0.337 -0.485 2.293604885e-09 3.4263389500000007e-10 -3.4307054450000006e-10
182.1 0.42 -0.47 2.11929074e-09 3.1656398900000004e-10 -3.1694691050000004e-10
182.94 0.35 -0.42 2.4011437400000004e-09 3.6841311500000004e-10 -3.6883615000000006e-10
183.683 0.379 -0.393 2.4415817250000003e-09 3.6472369500000003e-10 -3.651773900000001e-10
184.461 0.414 -0.399 2.318698635e-09 3.463451785e-10 -3.46760804e-10
185.486 0.483 -0.611 1.7548623300000001e-09 2.6212434850000005e-10 -2.6243868650000003e-10
186.34 0.46 -0.37 2.3229943200000003e-09 3.4695377950000004e-10 -3.4734757800000003e-10
187.242 0.496 -0.442 2.0585266350000003e-09 3.0745848000000004e-10 -3.078105955e-10
188.067 0.477 -0.329 2.39483362e-09 3.576831735e-10 -3.580889805000001e-10
188.99 0.502 -0.446 1.9970245000000004e-09 3.0637074350000004e-10 -3.066969805e-10
190.021 0.568 -0.528 1.6284756050000001e-09 2.7117868450000005e-10 -2.714176135e-10
191.222 0.423 -0.634 1.7919430450000001e-09 2.7490821800000003e-10 -2.752007655e-10
192.11 0.515 -0.465 1.9688559900000003e-09 2.9405673850000006e-10 -2.9438761100000005e-10
193.062 0.36 -0.437 2.3759561850000004e-09 3.644805685e-10 -3.6485279550000005e-10
194.028 0.59 -0.606 1.6502303350000001e-09 2.43757658e-10 -2.440193265e-10
195.087 0.609 -0.469 1.7901629400000002e-09 2.67348484e-10 -2.676359215e-10
196.174 0.604 -0.478 1.7433411050000004e-09 2.603647565e-10 -2.6065058800000003e-10
197.502 0.486 -0.724 1.5495859650000001e-09 2.3139627600000002e-10 -2.3162914600000002e-10
198.683 0.569 -0.696 1.4541121850000002e-09 2.2305781450000002e-10 -2.2327988050000003e-10
199.995 0.611 -0.743 1.358573435e-09 2.0838510650000002e-10 -2.085809655e-10
201.282 0.694 -0.676 1.3426941100000002e-09 2.05944753e-10 -2.0613517350000002e-10
202.497 0.484 -0.521 1.864978085e-09 2.7850719100000004e-10 -2.7879685500000006e-10
203.659 0.807 -0.677 1.26344239e-09 1.88657842e-10 -1.8884147350000003e-10
205.166 0.768 -0.7 1.2051066300000003e-09 1.951929115e-10 -1.9536307450000004e-10
206.707 0.609 -0.774 1.3807814950000002e-09 2.062095605e-10 -2.0643086e-10
208.046 0.636 -0.731 1.410722445e-09 2.1068493500000003e-10 -2.1091364400000003e-10
209.507 0.866 -0.825 1.11898561e-09 1.7165526600000003e-10 -1.7182962650000002e-10
211.18 0.656 -0.808 1.2916747750000002e-09 1.9812794950000001e-10 -1.9831691000000003e-10
212.619 0.715 -0.783 1.2382946200000002e-09 1.95152141e-10 -1.9532759650000002e-10
213.927 0.685 -0.593 1.4805714000000002e-09 2.27112052e-10 -2.2733506700000002e-10
215.443 0.715 -0.831 1.2467604300000002e-09 1.8619303350000001e-10 -1.8639181250000002e-10
216.838 0.567 -0.68 1.5085862450000002e-09 2.3140795600000001e-10 -2.31634256e-10
218.406 0.819 -1.001 9.73326885e-10 1.5764820850000002e-10 -1.5778362350000002e-10
219.896 0.767 -0.671 1.3060875300000001e-09 1.95044247e-10 -1.9524660300000003e-10
221.436 0.637 -0.774 1.3308005850000002e-09 1.9871486950000001e-10 -1.98907699e-10
223.147 1.038 -1.073 8.555921200000001e-10 1.3483786200000002e-10 -1.349582025e-10
225.042 0.693 -0.857 1.1888068250000002e-09 1.8232932600000002e-10 -1.824900355e-10
226.91 1.066 -1.175 8.217704900000001e-10 1.260371645e-10 -1.261487815e-10
228.979 0.989 -1.002 8.71702855e-10 1.45135972e-10 -1.4524864750000001e-10
230.846 0.806 -0.879 1.07199551e-09 1.689523315e-10 -1.6910990200000003e-10
232.589 0.696 -0.937 1.14910249e-09 1.7161037100000003e-10 -1.7179473250000002e-10
234.3 0.9 -1.015 9.803688300000002e-10 1.4639343350000003e-10 -1.4653881300000002e-10
235.958 0.859 -0.758 1.1604799050000002e-09 1.7331086950000002e-10 -1.7349800500000003e-10
237.799 1.026 -0.982 9.166004100000001e-10 1.4062157900000001e-10 -1.407730905e-10
239.762 0.882 -0.936 1.03106441e-09 1.53976199e-10 -1.54137602e-10
241.509 0.784 -0.865 1.1153148050000002e-09 1.7106922200000001e-10 -1.7122766850000003e-10
243.315 1.026 -1.021 9.154959200000001e-10 1.3670567650000002e-10 -1.36840982e-10
245.323 0.973 -0.983 9.588133900000001e-10 1.4318019250000002e-10 -1.43326083e-10
247.637 1.056 -1.34 7.675574050000001e-10 1.1774337900000002e-10 -1.17861712e-10
249.785 1.041 -1.093 8.789083200000001e-10 1.3125611700000002e-10 -1.31395328e-10
251.946 1.31 -1.12 7.569318900000001e-10 1.1610547800000001e-10 -1.1621680300000001e-10
254.191 0.861 -0.935 1.0444095400000001e-09 1.5595749200000002e-10 -1.561131645e-10
256.127 0.847 -1.076 9.56493815e-10 1.46722262e-10 -1.46867094e-10
258.124 1.048 -1.149 8.211638600000001e-10 1.294175755e-10 -1.29536748e-10
260.728 1.346 -1.556 6.238255150000001e-10 1.0104670950000002e-10 -1.0113795950000001e-10
263.239 0.975 -1.166 8.852447200000001e-10 1.3579215450000002e-10 -1.35925635e-10
265.285 1.214 -1.072 8.446643850000002e-10 1.2614213850000002e-10 -1.26275984e-10
267.785 1.329 -1.285 6.832190450000001e-10 1.13773931e-10 -1.1387569300000001e-10
270.463 1.364 -1.349 7.033809150000002e-10 1.0505539500000001e-10 -1.0517533400000001e-10
272.937 1.112 -1.11 7.971395600000001e-10 1.291246265e-10 -1.292444195e-10
275.203 0.929 -1.155 9.0114266e-10 1.3457331000000002e-10 -1.347138715e-10
277.731 1.004 -1.599 7.21276865e-10 1.0770314150000001e-10 -1.0780913750000001e-10
279.865 1.11 -1.13 8.38147675e-10 1.25167552e-10 -1.252994265e-10
282.118 1.118 -1.143 8.15613305e-10 1.2511692650000002e-10 -1.252438735e-10
284.346 1.194 -1.11 7.69876615e-10 1.2471330950000002e-10 -1.248322995e-10
286.836 1.129 -1.295 7.606530650000001e-10 1.1669415e-10 -1.168181405e-10
288.989 1.041 -1.024 7.045157e-10 1.4824029700000003e-10 -1.4832880950000002e-10
291.499 1.478 -1.469 6.38572975e-10 9.53681855e-11 -9.547191850000001e-11
294.41 1.047 -1.433 7.597642900000002e-10 1.134786825e-10 -1.13609608e-10
296.766 1.303 -1.309 6.67127655e-10 1.1110147400000001e-10 -1.11205718e-10
299.445 1.364 -1.376 6.6183333e-10 1.0431758400000001e-10 -1.0442102500000002e-10
302.051 1.326 -1.243 7.19619035e-10 1.1038764350000002e-10 -1.10497253e-10
304.499 1.245 -1.121 7.962164750000001e-10 1.1890991900000002e-10 -1.19038107e-10
306.789 0.951 -1.045 9.438275850000001e-10 1.40971906e-10 -1.411355355e-10
309.233 1.469 -1.493 6.360183400000001e-10 9.498902350000001e-11 -9.509388800000001e-11
312.177 1.363 -1.475 6.63760895e-10 9.91320655e-11 -9.924134650000001e-11
314.827 1.302 -1.287 6.567189500000001e-10 1.1244733850000001e-10 -1.1253493850000002e-10
317.235 1.355 -1.106 7.339868950000001e-10 1.1568430450000002e-10 -1.1579489950000001e-10
320.015 1.381 -1.426 6.684599050000001e-10 9.983253700000002e-11 -9.994167200000001e-11
322.805 1.36 -1.408 6.524057450000001e-10 1.0282801900000001e-10 -1.0292748150000001e-10
324.96 0.961 -0.795 1.0495137e-09 1.6099810550000002e-10 -1.61161662e-10
327.399 1.422 -1.478 6.355073400000001e-10 9.74837255e-11 -9.757961100000002e-11
329.911 1.028 -1.09 8.871905350000001e-10 1.3248624000000003e-10 -1.3262227550000003e-10
332.296 1.011 -1.357 7.782643150000002e-10 1.1939671950000002e-10 -1.195241045e-10
334.693 1.078 -1.386 7.195620950000001e-10 1.1656837100000001e-10 -1.1668341900000002e-10
336.623 0.866 -0.852 1.0937790750000002e-09 1.6337458400000004e-10 -1.63568107e-10
338.611 1.18 -1.122 8.16537485e-10 1.219569755e-10 -1.22096734e-10
341.069 1.2 -1.278 7.58499565e-10 1.1327143550000002e-10 -1.1338969550000002e-10
343.5 0.822 -1.231 9.155893600000001e-10 1.3672819700000001e-10 -1.368692695e-10
345.696 1.349 -1.373 6.88468475e-10 1.05610779e-10 -1.0571670200000002e-10
348.071 1.108 -1.027 8.862378850000001e-10 1.3597140600000002e-10 -1.36123319e-10
350.087 1.163 -0.908 9.311712100000001e-10 1.3906832150000002e-10 -1.392208185e-10
352.329 1.17 -1.079 8.252095200000001e-10 1.30051617e-10 -1.301689645e-10
354.88 0.987 -1.381 7.990017900000001e-10 1.2255608650000001e-10 -1.226720105e-10
356.985 0.942 -1.118 9.366604450000002e-10 1.398719055e-10 -1.40014292e-10
359.034 1.03 -1.107 9.03136655e-10 1.3488366950000002e-10 -1.3503302750000002e-10
361.254 1.314 -1.19 7.418771e-10 1.1693348050000002e-10 -1.1704903950000002e-10
363.536 1.119 -0.968 9.2469173e-10 1.381007065e-10 -1.38252145e-10
365.708 0.955 -1.054 9.426420650000002e-10 1.44605262e-10 -1.447532695e-10
367.825 0.993 -1.162 8.570908100000002e-10 1.3148332950000002e-10 -1.316191825e-10
370.189 1.377 -1.371 6.460105800000001e-10 1.0463611950000001e-10 -1.0472788050000001e-10
372.376 0.803 -0.809 1.1456046950000002e-09 1.7573560100000002e-10 -1.759120055e-10
373.989 0.696 -0.811 1.2254057400000003e-09 1.8800394450000002e-10 -1.882109725e-10
375.564 0.786 -0.879 1.1301779700000002e-09 1.6878147500000002e-10 -1.6896101850000003e-10
377.625 0.896 -1.274 7.514554300000001e-10 1.3619438450000002e-10 -1.36286401e-10
379.716 1.237 -1.195 7.7168373e-10 1.1523320100000002e-10 -1.153487235e-10
381.715 1.087 -0.762 1.01529495e-09 1.51613773e-10 -1.5176769350000004e-10
383.794 0.817 -0.993 1.017729865e-09 1.56114588e-10 -1.562679245e-10
385.588 0.935 -0.977 9.62829485e-10 1.4769746900000002e-10 -1.4784544000000002e-10
387.432 0.828 -0.908 1.06049217e-09 1.6268181400000003e-10 -1.6284683050000003e-10
389.564 0.881 -1.304 8.590997700000001e-10 1.28295529e-10 -1.2843006800000003e-10
391.765 0.801 -1.32 8.683747850000001e-10 1.33202443e-10 -1.333320545e-10
393.57 0.865 -1.005 9.848722000000002e-10 1.510805445e-10 -1.5123307800000004e-10
395.45 0.825 -1.014 1.0202885150000001e-09 1.523854195e-10 -1.5255766300000004e-10
397.196 1.108 -0.921 8.905620400000001e-10 1.40383818e-10 -1.405327015e-10
399.306 1.064 -1.003 8.923994500000001e-10 1.3691168250000002e-10 -1.370611865e-10
401.542 1.008 -1.172 7.98240035e-10 1.3292737900000002e-10 -1.3304585800000002e-10
403.537 0.795 -0.987 1.0156325750000001e-09 1.6008151750000002e-10 -1.6023912450000002e-10
405.438 1.034 -1.106 8.4594444e-10 1.3333639800000003e-10 -1.33468163e-10
407.515 1.025 -1.042 8.929192100000001e-10 1.3698154350000002e-10 -1.3712436800000003e-10
409.691 0.927 -1.151 8.69260275e-10 1.4080605e-10 -1.40935917e-10
411.722 1.117 -1.104 8.519516100000001e-10 1.3069124300000002e-10 -1.30823811e-10
413.776 1.036 -0.937 9.5873455e-10 1.4707061800000002e-10 -1.4721888100000003e-10
415.895 1.096 -1.084 8.845939250000001e-10 1.321050705e-10 -1.322450845e-10
418.4 1.112 -1.409 7.64733765e-10 1.14205945e-10 -1.1432752650000001e-10
420.462 0.934 -0.95 9.848440950000002e-10 1.5107850050000002e-10 -1.5123256700000002e-10
422.503 1.235 -1.106 7.869148150000001e-10 1.2071615800000002e-10 -1.20839747e-10
424.784 0.994 -1.046 9.028632700000001e-10 1.384995055e-10 -1.3863886250000002e-10
427.022 1.489 -1.244 6.742039100000002e-10 1.0342023150000001e-10 -1.0352235850000001e-10
429.722 1.47 -1.211 6.9006535e-10 1.0585131400000001e-10 -1.0595449950000001e-10
432.289 1.029 -1.097 8.767595650000001e-10 1.38179948e-10 -1.3830740600000003e-10
434.543 1.2 -1.225 7.08533985e-10 1.24805399e-10 -1.2490289050000003e-10
437.005 1.266 -1.262 7.373083950000001e-10 1.1622191300000001e-10 -1.1634258200000001e-10
439.629 1.282 -1.358 7.198197850000001e-10 1.104385975e-10 -1.1056193100000001e-10
441.973 1.108 -1.061 8.556490600000001e-10 1.31278893e-10 -1.3142598800000002e-10
444.213 0.783 -1.133 9.61786315e-10 1.4755380500000004e-10 -1.47712726e-10
445.731 0.888 -0.734 1.1139931400000001e-09 1.7558562250000003e-10 -1.7575903400000002e-10
447.7 0.979 -1.081 8.945058650000001e-10 1.3721733350000002e-10 -1.373553035e-10
450.18 1.308 -1.501 6.434209050000001e-10 1.0140510300000001e-10 -1.014986525e-10
452.466 1.19 -0.977 8.497269350000001e-10 1.303378135e-10 -1.3046180400000001e-10
454.928 1.074 -1.273 7.993040100000001e-10 1.1935594900000002e-10 -1.19474428e-10
457.607 1.446 -1.605 5.800152950000001e-10 9.394114500000001e-11 -9.401983900000002e-11
460.238 1.436 -1.185 7.02256715e-10 1.07714712e-10 -1.07815233e-10
462.83 1.228 -1.156 7.988550600000001e-10 1.1928999350000002e-10 -1.19409166e-10
465.081 0.967 -1.023 9.7045324e-10 1.44924053e-10 -1.45075528e-10
467.412 1.145 -1.363 7.556682600000001e-10 1.15924949e-10 -1.1604507050000001e-10
469.585 0.958 -1.027 9.7306226e-10 1.453301885e-10 -1.4549327050000002e-10
472.025 1.06 -1.482 7.4562419e-10 1.1439209500000002e-10 -1.14516122e-10
474.326 1.155 -1.241 7.71758555e-10 1.1839636400000002e-10 -1.185211575e-10
476.697 0.822 -1.215 8.870741000000001e-10 1.3981332300000002e-10 -1.3994749700000001e-10
478.515 0.899 -0.996 9.910217200000002e-10 1.47999689e-10 -1.48157077e-10
480.554 0.993 -1.14 8.636896450000001e-10 1.3249215300000002e-10 -1.326267285e-10
482.457 1.424 -0.91 8.044541600000002e-10 1.2013949450000001e-10 -1.20268522e-10
485.382 1.134 -1.501 6.855265750000001e-10 1.0804489100000001e-10 -1.0814712750000001e-10
487.608 1.05 -1.092 8.597403450000001e-10 1.3188034000000003e-10 -1.3201020700000001e-10
489.854 1.24 -1.196 7.706281500000001e-10 1.1508030250000001e-10 -1.1519885450000001e-10
492.391 1.266 -1.298 7.321294100000001e-10 1.09330421e-10 -1.09442549e-10
494.709 1.095 -1.052 8.422225350000001e-10 1.3273914850000002e-10 -1.328631755e-10
497.004 1.42 -1.199 7.051372950000001e-10 1.0816782300000002e-10 -1.0827633750000001e-10
499.706 1.125 -1.282 7.6715919e-10 1.1768585500000003e-10 -1.1780652400000001e-10
501.852 0.881 -1.021 9.8960479e-10 1.47796676e-10 -1.4795964850000003e-10
503.819 0.997 -1.086 9.03403835e-10 1.349308275e-10 -1.3508518600000002e-10
506.013 0.998 -1.197 8.390335300000001e-10 1.2873258000000002e-10 -1.2887883550000003e-10
508.323 1.22 -1.312 7.271391300000001e-10 1.1156046150000001e-10 -1.1168430600000001e-10
510.746 1.101 -1.203 8.14342375e-10 1.2161296300000002e-10 -1.2174137000000001e-10
512.904 1.27 -1.057 8.06255435e-10 1.203999585e-10 -1.20523511e-10
515.492 1.048 -1.318 7.788592650000001e-10 1.19488663e-10 -1.1961663200000002e-10
517.511 0.869 -0.971 1.004592055e-09 1.541334045e-10 -1.5430798400000003e-10
519.611 1.175 -1.231 7.8304764e-10 1.169587385e-10 -1.17095358e-10
522.016 0.947 -1.231 8.649386750000001e-10 1.29182917e-10 -1.2932877100000003e-10
524.23 1.469 -1.267 6.753963650000001e-10 1.0360981250000001e-10 -1.037166115e-10
527.316 1.203 -1.617 6.670287400000001e-10 1.0231982950000001e-10 -1.0242100750000001e-10
529.801 1.2 -1.282 7.638657950000001e-10 1.17177921e-10 -1.172962905e-10
532.243 1.294 -1.242 7.621389800000001e-10 1.1382295050000002e-10 -1.1394716000000002e-10
535.0 1.314 -1.464 6.695359250000001e-10 1.055294935e-10 -1.0563264250000001e-10
537.426 1.436 -1.112 7.494154450000001e-10 1.119224685e-10 -1.1204445150000001e-10
539.822 0.971 -0.961 9.574125200000002e-10 1.46881037e-10 -1.4703806e-10
542.762 1.805 -1.968 4.714066250000001e-10 7.636723450000001e-11 -7.6442461e-11
545.955 1.231 -1.388 7.19905195e-10 1.07522649e-10 -1.0764485100000002e-10
548.978 1.392 -1.792 5.9005243e-10 8.812275300000001e-11 -8.821918600000001e-11
551.413 1.071 -1.042 8.715820400000001e-10 1.336997555e-10 -1.33833455e-10
553.902 1.481 -1.417 6.112399500000001e-10 9.900552e-11 -9.9093193e-11
556.578 0.947 -1.195 8.765018750000001e-10 1.30893088e-10 -1.3102952500000002e-10
558.934 1.079 -1.41 7.552653000000001e-10 1.127911685e-10 -1.1291074250000001e-10
561.226 1.186 -1.212 7.8454925e-10 1.17168577e-10 -1.17295597e-10
563.981 1.031 -1.57 7.0976002e-10 1.0888004750000001e-10 -1.08991336e-10
566.203 1.094 -1.19 8.236542550000001e-10 1.2300401450000002e-10 -1.2313421e-10
568.518 1.131 -1.221 7.847916100000001e-10 1.2038572350000003e-10 -1.205058085e-10
570.91 1.013 -1.26 8.099901150000001e-10 1.2425205900000002e-10 -1.24376597e-10
573.367 1.164 -1.444 7.1967342e-10 1.07474469e-10 -1.0758747300000001e-10
575.846 1.18 -1.314 7.383519300000001e-10 1.1325898900000001e-10 -1.1336994900000001e-10
578.199 1.081 -1.173 8.170214750000001e-10 1.253235165e-10 -1.2544433150000003e-10
580.386 1.126 -1.107 8.40877875e-10 1.255658765e-10 -1.25691838e-10
583.065 1.456 -1.552 5.889220250000001e-10 9.53858515e-11 -9.5467137e-11
585.849 0.887 -1.328 8.477858650000001e-10 1.2660317000000001e-10 -1.2673402250000002e-10
587.67 1.29 -0.934 8.28489045e-10 1.270881455e-10 -1.272144355e-10
590.351 1.688 -1.392 6.0484661e-10 9.27822335e-11 -9.287457850000001e-11
593.299 1.16 -1.259 7.535523550000001e-10 1.220595405e-10 -1.221696245e-10
595.541 0.832 -1.082 1.0094717400000001e-09 1.5075905250000002e-10 -1.5092209800000002e-10
597.726 1.439 -1.352 6.662133300000001e-10 1.0500615650000001e-10 -1.0510901350000001e-10
600.092 0.909 -0.927 1.01286916e-09 1.5964191150000002e-10 -1.5979637950000004e-10
602.396 1.185 -1.395 7.308566550000001e-10 1.0914609600000001e-10 -1.09261874e-10
605.229 1.234 -1.648 6.389003800000001e-10 9.800330300000001e-11 -9.809907900000001e-11
607.867 1.352 -1.404 6.5535896e-10 1.0328631300000001e-10 -1.0338143200000002e-10
610.522 1.107 -1.303 7.63846085e-10 1.1717613250000002e-10 -1.172952685e-10
613.124 1.192 -1.495 7.020118000000001e-10 1.048481845e-10 -1.0496607950000002e-10
616.069 1.511 -1.753 5.4538446e-10 8.835405350000001e-11 -8.8442858e-11
619.246 1.457 -1.666 5.9299944e-10 9.09784035e-11 -9.107819450000001e-11
622.351 1.216 -1.648 6.45451035e-10 9.90165795e-11 -9.911899850000002e-11
625.122 1.505 -1.555 5.790871e-10 9.38008755e-11 -9.3886176e-11
628.308 1.015 -1.681 6.968025200000001e-10 1.0405799600000001e-10 -1.0416672950000002e-10
630.403 0.951 -1.08 9.069819300000001e-10 1.3912416650000002e-10 -1.392592895e-10
632.844 1.363 -1.489 6.630484150000001e-10 9.9011798e-11 -9.911155250000001e-11
635.543 1.432 -1.337 6.8273396e-10 1.047226975e-10 -1.04822087e-10
638.242 1.238 -1.267 7.689823650000001e-10 1.1483312450000001e-10 -1.1495043550000001e-10
640.535 0.918 -1.055 9.579206000000001e-10 1.4694823350000002e-10 -1.47097993e-10
642.8 1.265 -1.347 7.375467400000001e-10 1.101515615e-10 -1.1027270500000001e-10
645.753 1.306 -1.688 6.2901326e-10 9.3935743e-11 -9.403469450000002e-11
648.223 0.938 -1.164 8.612372100000001e-10 1.3573616350000003e-10 -1.358631105e-10
650.283 1.181 -1.123 8.161502200000001e-10 1.21884523e-10 -1.220142805e-10
652.97 1.385 -1.506 6.50407005e-10 9.7135844e-11 -9.724165750000001e-11
655.977 1.547 -1.622 5.83071805e-10 8.944876150000001e-11 -8.95424205e-11
658.959 1.351 -1.435 6.505420550000001e-10 1.02539304e-10 -1.0264190550000001e-10
661.728 1.313 -1.418 6.896437750000001e-10 1.030002625e-10 -1.03115566e-10
664.334 1.282 -1.293 7.315165750000001e-10 1.0925267600000002e-10 -1.0937400200000002e-10
667.29 1.379 -1.674 5.911988950000001e-10 9.31819815e-11 -9.327283e-11
670.38 1.599 -1.712 5.66468685e-10 8.459031950000001e-11 -8.467594850000001e-11
673.452 1.096 -1.473 7.300500050000001e-10 1.090170685e-10 -1.0912697000000001e-10
675.709 1.154 -1.161 8.106390850000001e-10 1.2106360150000002e-10 -1.21193943e-10
678.186 1.413 -1.323 6.864409e-10 1.0252105400000001e-10 -1.0263526250000001e-10
681.396 1.523 -1.797 5.551350700000001e-10 8.51596465e-11 -8.524648e-11
684.634 1.322 -1.715 5.95191995e-10 9.380773750000001e-11 -9.38967245e-11
687.433 1.254 -1.477 6.74565625e-10 1.0631698100000001e-10 -1.0641735600000002e-10
689.911 1.367 -1.223 7.452653950000001e-10 1.1129861050000001e-10 -1.1141716250000001e-10
693.197 1.768 -1.92 4.741755150000001e-10 8.119757150000001e-11 -8.126513300000001e-11
696.136 1.626 -1.17 6.639225900000001e-10 1.04650902e-10 -1.047573725e-10
698.997 1.44 -1.234 6.912176550000001e-10 1.060450925e-10 -1.061599945e-10
701.343 1.154 -0.906 8.971499250000001e-10 1.3763737550000002e-10 -1.3778552900000002e-10
704.07 1.3 -1.573 6.4328622e-10 9.86822395e-11 -9.878283350000002e-11
706.956 1.107 -1.586 6.861956200000001e-10 1.0525326150000001e-10 -1.0535287e-10
709.55 1.428 -1.486 6.193652150000001e-10 9.76078255e-11 -9.7693856e-11
712.512 1.517 -1.534 6.0300409e-10 9.249114600000001e-11 -9.257761450000002e-11
715.342 1.401 -1.313 6.781353250000001e-10 1.0402182450000001e-10 -1.0412358650000001e-10
718.49 1.214 -1.748 6.095076600000001e-10 9.606475150000001e-11 -9.615633000000001e-11
721.141 1.499 -1.436 6.03638825e-10 9.777634600000001e-11 -9.786427450000001e-11
724.41 1.867 -1.77 5.067313250000001e-10 7.77317505e-11 -7.780924e-11
727.495 1.287 -1.218 7.497355500000001e-10 1.1196258200000001e-10 -1.1207941850000001e-10
730.196 1.281 -1.415 6.96624765e-10 1.0402795650000001e-10 -1.0413431750000001e-10
732.927 1.338 -1.45 6.6077848e-10 1.01356266e-10 -1.0145328300000001e-10
735.775 1.705 -1.51 5.7301934e-10 8.789623400000001e-11 -8.798120600000001e-11
739.156 1.275 -1.676 6.121137600000001e-10 9.64727485e-11 -9.656294000000002e-11
741.923 1.812 -1.492 5.572528000000001e-10 8.548245250000002e-11 -8.556826400000001e-11
745.987 1.816 -2.251 4.3530630000000003e-10 7.05068675e-11 -7.05681145e-11
749.479 1.417 -1.677 5.83647045e-10 9.19829565e-11 -9.206672400000001e-11
752.744 1.762 -1.848 5.2427651e-10 8.042077850000001e-11 -8.0499363e-11
756.349 1.847 -1.843 5.230665350000001e-10 7.811547500000002e-11 -7.819884100000001e-11
759.839 1.7 -1.643 5.664829200000001e-10 8.690113450000001e-11 -8.6990231e-11
10267.309 34.384 -53.372 9.225218050000002e-12 2.0768324800000002e-12 -2.0768324800000002e-12
10377.129 42.408 -75.436 6.8041037000000006e-12 1.5404963700000002e-12 -1.5404963700000002e-12
10470.415 49.415 -50.878 8.425937400000001e-12 1.844616925e-12 -1.844616925e-12
10556.903 50.683 -37.073 9.068687800000001e-12 2.0555537100000003e-12 -2.0555537100000003e-12
10701.337 84.268 -93.751 7.4727253e-12 1.7145871350000001e-12 -1.7145871350000001e-12
10876.471 119.749 -90.866 6.580789400000001e-12 1.504661035e-12 -1.504661035e-12
11060.346 41.181 -64.126 1.3766007850000002e-11 3.0520234200000003e-12 -3.0520234200000003e-12
11221.691 57.856 -120.163 5.3225687000000005e-12 1.2090292850000002e-12 -1.2090292850000002e-12
11745.488 994.896 -465.941 5.5717469e-12 9.791734550000002e-13 -9.791734550000002e-13
16083.105 98.175 -114.947 2.9930653350000005e-12 7.824596250000002e-13 -7.824596250000002e-13
16274.092 102.759 -92.812 3.4557699950000005e-12 8.748393e-13 -8.748393e-13
16509.188 100.843 -132.337 2.7250440100000002e-12 7.144517300000001e-13 -7.144517300000001e-13
16696.985 133.69 -86.954 3.437857985e-12 8.259877e-13 -8.259877e-13
16964.848 111.544 -134.173 2.550071405e-12 6.72464685e-13 -6.72464685e-13
17183.022 93.956 -106.63 3.1613317950000002e-12 8.24073275e-13 -8.24073275e-13
17465.992 124.4 -189.015 1.992149925e-12 5.284108650000001e-13 -5.284108650000001e-13
17702.865 95.634 -112.473 4.0621908500000006e-12 9.148454900000002e-13 -9.148454900000002e-13
17962.112 124.715 -163.613 4.236095100000001e-12 7.952109e-13 -7.952109e-13
21817.385 127.489 -160.852 2.22660877e-12 5.8100116e-13 -5.8100116e-13
22183.345 130.103 -238.472 1.7378887350000001e-12 4.5499951e-13 -4.5499951e-13
22514.123 155.365 -200.674 1.7937059950000001e-12 4.6935058e-13 -4.6935058e-13
22996.945 191.548 -327.457 1.5550792150000001e-12 3.629274935e-13 -3.629274935e-13
71946.912 8361.28 -15820.806 3.9574833000000004e-13 6.698381450000001e-14 -6.698381450000001e-14
117621.767 48124.35 -21190.604 1.8079249350000001e-13 4.5525866e-14 -4.5525866e-14
281495.243 57532.132 -53097.743 7.9888718e-14 2.7833326850000005e-14 -2.310229175e-14
