col1 col2 col3 col4 col5 col6
170.287 0.761 -0.744 1.0976021759999998e-09 1.6697674e-10 -1.669801112e-10
171.772 0.7 -0.723 1.160742688e-09 1.7658232079999997e-10 -1.7658734319999997e-10
173.312 0.638 -0.84 1.1345329839999998e-09 1.6912649919999998e-10 -1.691309024e-10
174.785 0.726 -0.835 1.04258316e-09 1.6188925519999998e-10 -1.6189341759999998e-10
176.194 0.868 -0.683 1.081188904e-09 1.6117452639999997e-10 -1.6118016799999997e-10
177.956 0.851 -0.894 9.46555904e-10 1.439985032e-10 -1.440050736e-10
179.593 0.801 -0.786 1.0468604559999998e-09 1.5925793039999997e-10 -1.592679064e-10
181.076 0.705 -0.681 1.229766976e-09 1.870832992e-10 -1.870948232e-10
182.715 0.753 -0.935 1.009470752e-09 1.5357002799999998e-10 -1.535814488e-10
184.439 0.721 -0.97 1.0227838959999999e-09 1.524686776e-10 -1.52482816e-10
186.042 0.933 -0.882 9.39194304e-10 1.4287954e-10 -1.428960176e-10
188.149 0.807 -1.174 8.7389416e-10 1.302739696e-10 -1.30291204e-10
190.114 0.866 -1.159 8.25043752e-10 1.281120328e-10 -1.281312624e-10
191.903 0.869 -0.923 9.45577224e-10 1.409611208e-10 -1.409878152e-10
193.833 0.949 -1.061 8.29926832e-10 1.262589392e-10 -1.2628766319999998e-10
195.559 0.82 -0.777 1.060339752e-09 1.5807040799999998e-10 -1.581068032e-10
197.429 0.973 -1.049 8.248174e-10 1.254820152e-10 -1.255124248e-10
199.221 0.794 -0.818 1.0351190479999999e-09 1.5747673279999998e-10 -1.57518976e-10
200.857 0.864 -0.842 9.785166e-10 1.488666192e-10 -1.489109264e-10
202.482 0.972 -0.761 9.8213548e-10 1.464140024e-10 -1.464565896e-10
204.133 0.671 -0.679 1.260328624e-09 1.87885576e-10 -1.879370384e-10
205.526 0.828 -0.722 1.09826644e-09 1.637252176e-10 -1.637669448e-10
207.428 0.932 -1.074 8.352443840000001e-10 1.270702976e-10 -1.271095136e-10
209.229 0.985 -0.868 9.18032456e-10 1.368582672e-10 -1.369002696e-10
211.213 0.978 -0.999 8.47993024e-10 1.29008944e-10 -1.290454424e-10
212.986 0.754 -0.795 1.097479368e-09 1.636083952e-10 -1.636525648e-10
214.792 0.845 -1.051 8.69659176e-10 1.350429104e-10 -1.350790992e-10
216.666 0.83 -1.029 9.009284319999999e-10 1.37061812e-10 -1.3709886079999999e-10
218.304 0.829 -0.808 1.039026544e-09 1.548946e-10 -1.5493698079999997e-10
220.544 1.162 -1.411 6.510922399999999e-10 9.90529424e-11 -9.907846719999999e-11
222.574 0.969 -0.868 9.24266424e-10 1.3778527839999999e-10 -1.378169952e-10
224.537 0.949 -0.994 8.722126879999999e-10 1.300267024e-10 -1.300630632e-10
226.328 0.641 -0.841 1.126152112e-09 1.713258976e-10 -1.7137175279999998e-10
227.619 0.689 -0.651 1.264881464e-09 1.885630496e-10 -1.886089392e-10
229.265 0.824 -0.957 9.51505032e-10 1.41845992e-10 -1.4187915359999998e-10
231.047 0.691 -0.958 1.027460576e-09 1.531691648e-10 -1.532053192e-10
232.81 1.011 -1.072 8.0089736e-10 1.2184218559999998e-10 -1.218678136e-10
234.809 0.883 -0.987 8.77610392e-10 1.362755656e-10 -1.3630246639999999e-10
236.308 0.769 -0.617 1.2024643839999998e-09 1.829325264e-10 -1.829657224e-10
238.072 0.858 -0.995 9.136048319999999e-10 1.36194932e-10 -1.362206632e-10
239.832 0.934 -0.902 9.21587696e-10 1.373845184e-10 -1.374077728e-10
241.954 0.989 -1.189 7.77018256e-10 1.158335032e-10 -1.158561384e-10
244.112 1.249 -1.169 6.996044960000001e-10 1.042928192e-10 -1.0431156719999999e-10
246.768 0.99 -1.407 7.0551132e-10 1.0517284e-10 -1.051885608e-10
249.175 1.067 -1.417 6.704725120000001e-10 1.0199916479999999e-10 -1.020129936e-10
251.237 0.748 -0.995 9.69712952e-10 1.4455815679999999e-10 -1.445785904e-10
253.048 1.187 -1.063 7.3991476e-10 1.12563336e-10 -1.1257761199999999e-10
255.229 1.118 -0.993 8.003720719999999e-10 1.1931364799999999e-10 -1.193280272e-10
257.403 0.881 -1.056 8.722904319999999e-10 1.300343736e-10 -1.300473768e-10
259.427 1.086 -1.142 7.47281864e-10 1.136837784e-10 -1.1369540559999999e-10
261.822 1.131 -1.31 6.7146908e-10 1.0426437039999999e-10 -1.042746904e-10
263.948 0.861 -0.995 8.97030912e-10 1.36465316e-10 -1.3648210319999998e-10
265.605 0.768 -0.796 1.0464239199999999e-09 1.658812032e-10 -1.658978184e-10
267.694 1.041 -1.322 6.89316488e-10 1.1157670959999999e-10 -1.1158510319999999e-10
269.816 0.957 -1.081 8.50841e-10 1.268370312e-10 -1.268507912e-10
271.935 0.946 -1.162 8.09709608e-10 1.231806208e-10 -1.231913536e-10
273.754 0.896 -0.874 9.4957072e-10 1.474470688e-10 -1.474576984e-10
275.866 1.376 -1.215 6.62852912e-10 9.88128304e-11 -9.882029519999999e-11
278.484 1.194 -1.243 6.911641119999999e-10 1.0303340079999999e-10 -1.0304313599999999e-10
280.711 1.138 -1.032 7.644364560000001e-10 1.1629319039999999e-10 -1.163021e-10
282.785 1.17 -0.936 7.75619552e-10 1.204363608e-10 -1.2044520159999998e-10
285.214 0.813 -1.258 8.1348776e-10 1.212685312e-10 -1.212806744e-10
287.118 1.229 -1.091 7.150765839999999e-10 1.0878398e-10 -1.087911008e-10
289.502 1.246 -1.156 6.8004156e-10 1.05595272e-10 -1.056034936e-10
291.957 0.921 -1.208 7.66964168e-10 1.19092284e-10 -1.191005056e-10
294.173 1.169 -1.295 6.52548048e-10 1.034428984e-10 -1.034496408e-10
1563.225 2.243 -1.849 2.6795339919999996e-10 5.0437624e-11 -5.04397568e-11
1566.875 2.531 -1.408 2.685178344e-10 5.44081064e-11 -5.44099296e-11
1570.891 1.813 -1.484 3.42666656e-10 6.25622824e-11 -6.25650688e-11
1574.521 1.99 -1.818 3.3583976959999997e-10 5.91670712e-11 -5.916996079999999e-11
1578.59 2.248 -2.079 2.660619152e-10 4.85761712e-11 -4.8578304e-11
1582.829 1.883 -1.992 2.660894008e-10 5.50347712e-11 -5.5037248e-11
1586.88 1.951 -2.168 4.0920416799999997e-10 6.10009008e-11 -6.10060264e-11
1590.733 2.541 -1.901 2.529158864e-10 4.61760488e-11 -4.6178216e-11
1594.909 1.667 -1.635 3.3246660879999997e-10 6.258109919999999e-11 -6.25836792e-11
1598.713 1.846 -2.137 2.81977316e-10 5.14819736e-11 -5.14845536e-11
1602.324 1.776 -1.764 3.1727343599999997e-10 5.7926159999999994e-11 -5.79293592e-11
1605.995 1.953 -1.895 3.17792704e-10 5.75333464e-11 -5.75366144e-11
1609.748 1.98 -1.8 2.905632808e-10 5.469355759999999e-11 -5.46963096e-11
1614.121 1.599 -2.392 4.2258198399999996e-10 6.29951376e-11 -6.30001944e-11
1617.4 2.363 -1.681 3.36694472e-10 5.6737571199999996e-11 -5.6741802399999996e-11
1621.873 2.217 -2.11 2.599198296e-10 4.74548688e-11 -4.74575864e-11
1626.438 2.62 -2.348 3.342953128e-10 5.08560656e-11 -5.085954e-11
1631.334 2.454 -2.276 3.35113964e-10 5.22022408e-11 -5.22060248e-11
1635.947 1.851 -2.159 4.14004e-10 6.29821e-11 -6.29869848e-11
1639.865 2.011 -2.067 4.07131224e-10 6.19365808e-11 -6.194122479999999e-11
1643.723 1.555 -1.847 3.153952304e-10 6.1233376e-11 -6.12361624e-11
1647.147 1.634 -1.869 2.917858568e-10 6.0349468e-11 -6.03516696e-11
1650.476 1.614 -1.695 3.2428511919999997e-10 6.295932720000001e-11 -6.29622168e-11
1653.747 1.789 -1.657 4.81849744e-10 7.3303476e-11 -7.33095304e-11
1657.697 2.372 -2.161 2.36694016e-10 4.5953687199999996e-11 -4.595582e-11
1662.379 2.155 -2.31 2.516447032e-10 4.594398639999999e-11 -4.59464288e-11
1666.048 2.2 -1.513 3.2282858879999997e-10 5.7068808799999994e-11 -5.70719392e-11
1670.327 1.68 -2.079 2.8538669999999997e-10 5.54072888e-11 -5.54098344e-11
1674.649 2.066 -2.642 2.1709372159999997e-10 4.49010472e-11 -4.49028016e-11
1678.205 1.882 -1.49 3.3328914719999997e-10 6.08501944e-11 -6.08529464e-11
1682.026 1.864 -1.94 2.8868872159999995e-10 5.43406824e-11 -5.43432624e-11
1685.985 2.203 -2.095 2.613858544e-10 4.7722500799999994e-11 -4.77249432e-11
1690.591 2.017 -2.402 2.541711424e-10 4.640525599999999e-11 -4.64075264e-11
1694.536 1.653 -1.928 3.1361637199999995e-10 5.7258421600000004e-11 -5.72609672e-11
1698.506 1.613 -2.317 2.5993548159999996e-10 5.3761902399999997e-11 -5.3763587999999994e-11
1701.665 1.93 -1.546 3.086452624e-10 5.99228392e-11 -5.99250752e-11
1705.749 1.472 -2.154 3.128848904e-10 6.098720959999999e-11 -6.098989279999999e-11
1709.057 1.946 -1.836 2.903735304e-10 5.46578504e-11 -5.46604992e-11
1713.032 2.08 -2.028 2.7332857120000003e-10 4.99029104e-11 -4.99050432e-11
1717.403 1.728 -2.291 2.667316488e-10 5.1785416e-11 -5.17874456e-11
1721.758 2.222 -2.627 2.2615691759999998e-10 4.2570172000000004e-11 -4.25721328e-11
1726.354 2.37 -2.373 2.257983664e-10 4.3838293600000004e-11 -4.38399792e-11
1731.098 1.695 -2.374 2.6947872959999997e-10 5.0724692e-11 -5.0726583999999995e-11
1734.708 1.899 -1.916 2.9418604800000004e-10 5.37109216e-11 -5.3713088799999994e-11
1739.354 2.443 -2.747 2.16225844e-10 3.94773712e-11 -3.94790912e-11
1743.916 1.795 -2.119 2.805046176e-10 5.2800181599999996e-11 -5.28025896e-11
1748.004 1.559 -2.293 2.9168712879999997e-10 5.32547432e-11 -5.32575296e-11
1751.644 2.025 -2.081 2.7362042079999997e-10 4.9956230399999996e-11 -4.9958913599999994e-11
1756.153 2.884 -2.484 1.998746296e-10 3.88052984e-11 -3.8807156e-11
1761.489 2.081 -2.452 2.366634e-10 4.59477016e-11 -4.5949490400000003e-11
1765.461 2.0 -1.891 2.819335592e-10 5.30691208e-11 -5.30711504e-11
1769.543 1.992 -2.082 2.754383576e-10 5.0288087199999996e-11 -5.0290495199999997e-11
1773.228 1.801 -1.693 3.2118210159999997e-10 5.86398224e-11 -5.86430904e-11
1776.957 2.308 -1.928 2.651379656e-10 4.8407508e-11 -4.8409916e-11
1781.682 1.543 -2.417 2.707618152e-10 5.2567844e-11 -5.25698392e-11
1785.203 2.205 -1.977 2.38143288e-10 5.08761208e-11 -5.0877737599999996e-11
1789.17 1.537 -1.762 3.40544004e-10 6.21747664e-11 -6.21776904e-11
1792.944 1.487 -2.237 3.016545976e-10 5.50745376e-11 -5.5077186399999997e-11
1797.375 2.487 -2.945 2.06957796e-10 3.7785269599999996e-11 -3.77870928e-11
1801.322 2.173 -1.46 3.0253633839999995e-10 5.6947308e-11 -5.6950507199999997e-11
1805.869 2.417 -2.374 2.292499248e-10 4.3152392e-11 -4.3154524799999996e-11
1810.263 2.023 -1.977 3.241058264e-10 5.68498184e-11 -5.6852570399999994e-11
1814.092 1.985 -1.806 2.8268519920000003e-10 5.48827576e-11 -5.48851312e-11
1817.605 1.745 -1.529 3.272782288e-10 6.35404464e-11 -6.35434736e-11
1821.144 2.343 -1.793 2.65066276e-10 4.989413839999999e-11 -4.9896271199999996e-11
1826.395 3.043 -2.908 1.8852950959999997e-10 3.44207432e-11 -3.4422497599999997e-11
1831.621 1.818 -2.183 2.806227472e-10 5.1234637599999996e-11 -5.1237114400000004e-11
1835.433 2.954 -1.994 2.269408936e-10 4.1433664799999995e-11 -4.14353504e-11
1841.152 2.497 -2.765 2.08473288e-10 3.92414904e-11 -3.92429352e-11
1845.278 1.993 -1.628 3.133584408e-10 5.7967680799999994e-11 -5.79701232e-11
1849.062 2.343 -1.792 2.655075592e-10 4.99772488e-11 -4.9979588e-11
1853.368 2.247 -1.963 2.671174104e-10 4.87689832e-11 -4.87719416e-11
1857.779 1.909 -2.165 2.697342872e-10 5.0772851999999995e-11 -5.0775328799999996e-11
1862.561 2.004 -2.872 2.30063588e-10 4.20038104e-11 -4.20059432e-11
1866.714 2.057 -2.149 3.94092592e-10 5.99529392e-11 -5.99566888e-11
1871.417 2.044 -2.646 2.33987424e-10 4.40441088e-11 -4.4046104e-11
1875.38 2.098 -1.919 2.7960509199999996e-10 5.10488776e-11 -5.1051457599999996e-11
1879.049 2.195 -1.572 2.7122938e-10 5.60978344e-11 -5.6099864000000004e-11
1883.365 2.386 -2.12 2.493529752e-10 4.5525544800000003e-11 -4.55274712e-11
1887.717 1.912 -1.966 2.700574752e-10 5.4103184799999996e-11 -5.4105455199999995e-11
1891.069 1.861 -1.44 3.3278811119999996e-10 6.26416432e-11 -6.2644464e-11
1895.26 2.53 -2.331 2.2072966399999998e-10 4.28542128e-11 -4.2856104799999995e-11
1900.858 2.472 -3.068 1.936632624e-10 3.7599372e-11 -3.76011952e-11
1905.18 1.901 -1.85 3.2976098e-10 5.74042776e-11 -5.74079928e-11
1909.176 1.324 -2.095 3.397554528e-10 6.102215999999999e-11 -6.1025772e-11
1913.162 1.768 -2.662 2.364541792e-10 4.73711048e-11 -4.73728592e-11
1917.068 1.833 -2.138 2.8280962399999997e-10 5.1633918399999994e-11 -5.16362232e-11
1921.314 2.19 -2.413 2.440013328e-10 4.45484816e-11 -4.45504424e-11
1925.82 2.541 -2.316 2.2605904959999999e-10 4.25517336e-11 -4.25536256e-11
1930.232 2.57 -1.871 3.6803356e-10 5.71473784e-11 -5.7151472e-11
1935.257 1.989 -2.455 2.52798204e-10 4.61545832e-11 -4.61569568e-11
1939.087 1.533 -1.842 3.253637656e-10 6.12441432e-11 -6.12470328e-11
1942.195 1.939 -1.575 3.3383277039999994e-10 6.07262168e-11 -6.07291752e-11
1946.663 3.489 -2.528 1.8242399119999998e-10 3.4338196959999996e-11 -3.433997888e-11
1952.055 1.555 -1.904 3.246632096e-10 5.927532799999999e-11 -5.927814879999999e-11
1955.804 1.918 -2.193 2.6991358e-10 5.0806564000000004e-11 -5.080859359999999e-11
1960.681 2.056 -2.959 2.2447599599999997e-10 4.2253726399999995e-11 -4.2255412e-11
1964.918 1.509 -2.181 3.121738768e-10 5.69950552e-11 -5.6997532e-11
1968.752 1.829 -2.325 2.70907224e-10 4.9460836e-11 -4.946303759999999e-11
1972.199 2.437 -1.618 2.520101344e-10 5.2122742399999997e-11 -5.21248064e-11
1977.368 2.389 -2.732 1.796635288e-10 4.24456784e-11 -4.2446951200000004e-11
1982.605 2.058 -2.849 2.289011432e-10 4.1791596799999996e-11 -4.179366079999999e-11
1987.334 2.088 -2.671 2.2532041279999998e-10 4.37455512e-11 -4.3747821599999994e-11
1992.055 1.911 -2.633 2.4718367679999997e-10 4.5129532000000005e-11 -4.51318368e-11
1995.919 1.602 -1.953 3.370360984e-10 5.95803872e-11 -5.958372400000001e-11
2000.672 3.18 -3.151 1.694815072e-10 3.2904532239999995e-11 -3.290626944e-11
2005.932 1.832 -2.079 2.87488712e-10 5.2488242400000004e-11 -5.24914072e-11
2010.548 2.796 -2.785 1.877013984e-10 3.7604015999999996e-11 -3.76057704e-11
2015.658 2.158 -2.314 2.398532776e-10 4.65670736e-11 -4.65693784e-11
2019.727 1.641 -1.91 3.407678104e-10 6.02401104e-11 -6.02438944e-11
2023.512 1.665 -2.144 3.03249588e-10 5.53658368e-11 -5.53694488e-11
2027.964 2.609 -2.787 2.092196304e-10 3.93820832e-11 -3.9384697599999995e-11
2032.684 2.251 -2.111 2.5247852479999997e-10 4.7524735199999995e-11 -4.75269712e-11
2037.157 2.237 -2.221 2.520572624e-10 4.60193224e-11 -4.60217648e-11
2041.416 1.818 -2.022 2.9275160239999997e-10 5.344910319999999e-11 -5.3452061599999995e-11
2045.235 2.051 -2.001 2.6482454719999996e-10 5.14152032e-11 -5.1417851999999996e-11
2049.448 1.696 -2.162 2.914568552e-10 5.32127408e-11 -5.321594e-11
2053.813 2.685 -2.67 2.0037972479999998e-10 3.89033728e-11 -3.8905368e-11
2058.386 2.515 -1.888 3.232749632e-10 5.24424216e-11 -5.24464808e-11
2062.914 2.068 -2.012 2.7880567039999997e-10 5.09029184e-11 -5.09057392e-11
2067.808 1.783 -2.827 2.161473088e-10 4.77233608e-11 -4.77254248e-11
2071.944 1.851 -2.353 2.489985864e-10 5.1499896e-11 -5.1502166399999994e-11
2075.336 1.885 -1.541 3.2797266159999997e-10 5.987959839999999e-11 -5.988286639999999e-11
2078.96 3.508 -1.738 2.0450610799999998e-10 3.970448e-11 -3.97065096e-11
2084.287 2.195 -1.819 2.73600056e-10 5.15005496e-11 -5.1503404800000004e-11
2088.762 2.01 -2.28 2.50033304e-10 4.85434912e-11 -4.85457272e-11
2093.783 2.515 -3.011 1.9861985519999998e-10 3.73868144e-11 -3.73888784e-11
2099.274 3.375 -2.977 1.646929928e-10 3.2994502e-11 -3.2995853919999996e-11
2104.539 2.013 -1.89 2.8753718159999997e-10 5.2497048799999996e-11 -5.24995256e-11
2109.139 1.893 -2.587 2.449347768e-10 4.6104771999999996e-11 -4.6106939199999994e-11
2113.334 2.511 -2.302 2.280027528e-10 4.2917577599999996e-11 -4.2919331999999995e-11
2118.244 2.022 -2.399 2.534438576e-10 4.7706435999999994e-11 -4.7708362399999994e-11
2122.785 2.402 -2.519 2.286403912e-10 4.30375992e-11 -4.30393536e-11
2127.493 1.823 -2.306 2.684035232e-10 5.05223512e-11 -5.05247592e-11
2132.276 2.004 -2.96 2.0594925679999998e-10 4.25960752e-11 -4.2597967199999996e-11
2136.814 3.089 -2.535 1.907683992e-10 3.7037310399999994e-11 -3.7038927199999997e-11
2142.835 2.693 -2.931 1.861355448e-10 3.7290288e-11 -3.72917328e-11
2147.335 2.392 -1.807 2.554161472e-10 4.95885632e-11 -4.9590799199999996e-11
2152.704 1.892 -2.977 2.308605328e-10 4.2149356799999995e-11 -4.2151868e-11
2156.644 2.159 -2.048 2.550787176e-10 4.95230656e-11 -4.95255424e-11
2160.593 1.505 -1.79 3.408844952e-10 6.223692719999999e-11 -6.2240092e-11
2164.521 2.089 -2.423 2.376674672e-10 4.61426808e-11 -4.61445728e-11
2169.499 2.613 -2.888 1.9500754559999999e-10 3.78603304e-11 -3.7862016e-11
2173.598 2.561 -1.487 2.777474232e-10 5.0709728e-11 -5.0712652e-11
2179.002 3.449 -2.844 1.705291248e-10 3.310789472e-11 -3.3109356719999996e-11
2184.733 2.306 -2.282 2.337736624e-10 4.5386740800000003e-11 -4.53891488e-11
2189.731 2.333 -2.692 2.084276392e-10 4.1756268000000004e-11 -4.1757987999999995e-11
2194.121 1.49 -2.057 3.023318648e-10 5.86971328e-11 -5.86995064e-11
2198.637 2.367 -3.026 2.0832375119999998e-10 3.80346696e-11 -3.8036596e-11
2205.395 4.044 -4.391 1.241799752e-10 2.487815568e-11 -2.487926336e-11
2211.841 3.456 -2.402 1.744621112e-10 3.60836392e-11 -3.60850152e-11
2219.253 3.399 -3.955 1.493643872e-10 2.8115288559999998e-11 -2.8116726479999997e-11
2235.843 6.749 -5.788 2.8154900159999997e-10 6.160231599999999e-11 -6.160231599999999e-11
2250.235 7.401 -7.643 2.1758516e-10 4.89258472e-11 -4.89258472e-11
2267.553 7.634 -9.918 2.259919352e-10 4.66168848e-11 -4.66168848e-11
2281.572 6.152 -6.385 2.771608e-10 6.06421776e-11 -6.06421776e-11
2303.169 12.134 -15.446 1.262504424e-10 2.7660073359999996e-11 -2.7660073359999996e-11
2321.819 8.529 -6.515 2.1976612000000002e-10 4.9278344e-11 -4.9278344e-11
2340.708 12.206 -10.36 1.6021170479999998e-10 3.44184728e-11 -3.44184728e-11
2370.034 12.967 -17.12 1.140748032e-10 2.4992528800000002e-11 -2.4992528800000002e-11
2394.735 8.325 -11.734 1.8291666800000002e-10 3.90473712e-11 -3.90473712e-11
2413.38 9.738 -10.32 1.722797752e-10 3.76944536e-11 -3.76944536e-11
2436.13 19.583 -13.011 1.655473856e-10 2.898922744e-11 -2.898922744e-11
5736.858 15.653 -19.449 4.1407279999999996e-11 8.71901712e-12 -8.71901712e-12
5760.031 7.524 -7.52 8.34730448e-11 1.887677296e-11 -1.887677296e-11
5778.835 8.778 -11.28 6.40621568e-11 1.448715752e-11 -1.448715752e-11
5801.27 16.431 -13.656 4.28607144e-11 9.692616240000001e-12 -9.692616240000001e-12
5834.494 15.803 -16.793 4.0867647199999996e-11 9.256892079999999e-12 -9.256892079999999e-12
5868.09 17.309 -17.794 3.7606252e-11 8.46323592e-12 -8.46323592e-12
5895.486 9.972 -10.087 7.13367592e-11 1.5638525520000002e-11 -1.5638525520000002e-11
5921.995 21.072 -16.538 3.589038e-11 8.129493999999999e-12 -8.129493999999999e-12
5951.966 11.16 -8.898 7.127081440000001e-11 1.609127424e-11 -1.609127424e-11
5981.707 11.507 -18.581 4.9837172e-11 1.0435370719999999e-11 -1.0435370719999999e-11
6017.399 15.932 -24.185 3.27852468e-11 7.4021404e-12 -7.4021404e-12
6048.271 17.652 -14.94 5.20794672e-11 1.023885384e-11 -1.023885384e-11
7815.076 26.092 -21.547 2.3888866720000002e-11 5.40216224e-12 -5.40216224e-12
7861.971 21.821 -20.803 3.0885004559999996e-11 6.95054408e-12 -6.95054408e-12
7912.38 21.558 -28.588 3.003629808e-11 6.422428399999999e-12 -6.422428399999999e-12
7956.788 27.296 -22.85 2.80374448e-11 6.14634776e-12 -6.14634776e-12
8005.822 15.871 -21.738 4.12364496e-11 8.610361279999999e-12 -8.610361279999999e-12
8041.619 17.685 -19.925 3.5518791200000004e-11 7.95496216e-12 -7.95496216e-12
8085.62 18.815 -26.317 3.138276912e-11 6.879707599999999e-12 -6.879707599999999e-12
8148.353 43.836 -43.918 2.5003368240000002e-11 4.3779779200000005e-12 -4.3779779200000005e-12
13881.397 50.441 -39.822 1.3685245359999998e-11 2.3953944639999997e-12 -2.3953944639999997e-12
23928.491 89.326 -123.796 6.9792096e-12 1.583803176e-12 -1.583803176e-12
24076.303 49.327 -58.485 9.12648856e-12 1.872289832e-12 -1.872289832e-12
29635.076 95.579 -92.47 5.1779223999999996e-12 1.2056656479999998e-12 -1.2056656479999998e-12
29845.273 108.534 -114.618 4.258723439999999e-12 1.042609992e-12 -1.042609992e-12
30099.16 145.491 -145.353 5.0270956e-12 9.66938592e-13 -9.66938592e-13
42414.166 130.178 -130.581 3.44963888e-12 7.23449888e-13 -7.23449888e-13
53920.716 175.475 -183.069 3.7078899999999995e-12 6.942714639999999e-13 -6.942714639999999e-13
65392.673 180.531 -290.842 1.52852788e-12 3.6512538399999995e-13 -3.6512538399999995e-13
70603.165 706.936 -1401.263 1.2713538239999998e-12 2.581045072e-13 -2.581045072e-13
77091.694 4873.69 -670.325 1.257798848e-12 2.50802144e-13 -2.50802144e-13
109552.845 613.08 -552.815 9.11038936e-13 2.0935657680000001e-13 -2.0935657680000001e-13
115564.341 721.944 -772.407 6.49059888e-13 1.377652232e-13 -1.377652232e-13
121458.002 946.662 -958.886 4.94389576e-13 1.054887008e-13 -1.054887008e-13
126806.899 550.102 -570.671 5.40781416e-13 1.440681632e-13 -1.440681632e-13
127930.404 655.163 -573.404 7.00766528e-13 1.563611752e-13 -1.563611752e-13
132485.423 420.909 -509.306 6.4388888e-13 1.731646464e-13 -1.731646464e-13
133844.616 583.64 -938.284 4.77254936e-13 1.161925016e-13 -1.161925016e-13
254520.914 15258.821 -6923.313 2.1249031359999998e-13 5.02851288e-14 -5.02851288e-14
335510.402 62054.578 -42565.081 1.239337744e-13 2.8149430559999997e-14 -2.8149430559999997e-14
519476.507 44169.206 -37400.437 8.867504719999999e-14 2.25690832e-14 -2.25690832e-14
714908.177 129221.562 -129361.109 5.57184712e-14 2.1017564079999998e-14 -1.716823504e-14
