   6099.2587891       -0.0198302
   6102.0576172       -0.0483235
   6104.8574219       -0.0454335
   6107.6562500       -0.0739124
   6110.4550781       -0.1053398
   6113.2543945       -0.1366945
   6116.0532227       -0.1680419
   6118.8520508       -0.1366517
   6121.6508789       -0.1052687
   6124.4506836       -0.1365943
   6127.2495117       -0.1365437
   6130.0483398       -0.1364274
   6132.8471680       -0.1363766
   6135.6464844       -0.1363256
   6138.4453125       -0.1363261
   6141.2441406       -0.1454064
   6144.0439453       -0.1153791
   6146.8427734       -0.0849480
   6149.6416016       -0.0636773
   6152.4404297       -0.0301691
   6155.2392578       -0.0014589
   6158.0385742       -0.0166019
   6160.8374023       -0.0163597
   6163.6362305       -0.0314095
   6166.4355469       -0.0287990
   6169.2348633       -0.0191718
   6172.0336914       -0.0285536
   6174.8325195       -0.0053881
   6177.6313477        0.0532014
   6180.4301758        0.0858433
   6183.2294922        0.0923634
   6186.0288086        0.0814886
   6188.8276367        0.0774056
   6191.6269531        0.0722543
   6194.4257812        0.0524486
   6197.2246094        0.0030019
   6200.0234375       -0.0326434
   6202.8222656       -0.0203104
   6205.6220703       -0.0072684
   6208.4208984       -0.0000874
   6211.2197266        0.0208969
   6214.0190430        0.0263378
   6216.8178711        0.0328697
   6219.6166992        0.0371055
   6222.4155273        0.0428707
   6225.2153320        0.0507362
   6228.0141602        0.0465079
   6230.8129883        0.0362244
   6233.6118164        0.0302452
   6236.4106445        0.0387755
   6239.2099609        0.0459312
   6242.0087891        0.0314352
   6244.8081055        0.0183049
   6247.6074219        0.0202142
   6250.4062500        0.0200977
   6253.2050781        0.0062260
   6256.0039062       -0.0021982
   6258.8027344        0.0012739
   6261.6020508        0.0123205
   6264.4013672        0.0191080
   6267.2001953        0.0167409
   6269.9995117        0.0167298
   6272.7983398        0.0268693
   6275.5971680        0.0246446
   6278.3959961        0.0222528
   6281.1948242        0.0103105
   6283.9946289       -0.0031418
   6286.7934570       -0.0005047
   6289.5922852       -0.0100269
   6292.3911133       -0.0114752
   6295.1904297        0.0007598
   6297.9892578       -0.0011273
   6300.7880859        0.0036927
   6303.5878906        0.0107372
   6306.3867188        0.0132207
   6309.1855469        0.0237470
   6311.9843750        0.0319121
   6314.7832031        0.0345327
   6317.5825195        0.0380889
   6320.3813477        0.0408738
   6323.1801758        0.0427665
   6325.9799805        0.0387320
   6328.7788086        0.0464203
   6331.5776367        0.0456429
   6334.3764648        0.0307799
   6337.1752930        0.0311801
   6339.9746094        0.0339451
   6342.7734375        0.0452118
   6345.5727539        0.0575736
   6348.3720703        0.0464108
   6351.1708984        0.0346582
   6353.9697266        0.0368865
   6356.7685547        0.0371822
   6359.5673828        0.0356184
   6362.3662109        0.0222014
   6365.1660156        0.0173914
   6367.9648438        0.0324327
   6370.7636719        0.0426283
   6373.5629883        0.0424382
   6376.3618164        0.0355903
   6379.1606445        0.0334735
   6381.9594727        0.0469044
   6384.7592773        0.0473134
   6387.5581055        0.0410159
   6390.3569336        0.0319112
   6393.1557617        0.0317154
   6395.9550781        0.0342492
   6398.7539062        0.0296783
   6401.5527344        0.0159549
   6404.3525391        0.0150825
   6407.1513672        0.0147716
   6409.9501953        0.0251644
   6412.7490234        0.0242197
   6415.5478516        0.0250402
   6418.3466797        0.0355606
   6421.1459961        0.0320416
   6423.9453125        0.0289175
   6426.7441406        0.0270050
   6429.5434570        0.0316003
   6432.3422852        0.0331548
   6435.1411133        0.0312450
   6437.9399414        0.0267318
   6440.7387695        0.0322867
   6443.5385742        0.0332181
   6446.3374023        0.0332228
   6449.1362305        0.0244213
   6451.9355469        0.0412773
   6454.7343750        0.0483173
   6457.5332031        0.0477743
   6460.3320312        0.0391265
   6463.1318359        0.0389456
   6465.9306641        0.0364555
   6468.7294922        0.0346555
   6471.5283203        0.0139948
   6474.3276367        0.0022279
   6477.1264648        0.0020682
   6479.9252930        0.0194714
   6482.7241211        0.0196632
   6485.5239258        0.0156014
   6488.3227539        0.0314928
   6491.1215820        0.0477869
   6493.9204102        0.0718628
   6496.7192383        0.0812068
   6499.5185547        0.0745800
   6502.3173828        0.0711398
   6505.1166992        0.0870836
   6507.9160156        0.0800031
   6510.7148438        0.0673798
   6513.5136719        0.0498428
   6516.3125000        0.0370063
   6519.1113281        0.0373875
   6521.9106445        0.0433313
   6524.7099609        0.0174115
   6527.5087891        0.0090072
   6530.3081055        0.0035560
   6533.1069336        0.0141618
   6535.9057617        0.0304522
   6538.7045898        0.0284835
   6541.5034180        0.0222122
   6544.3032227        0.0476809
   6547.1020508        0.0571189
   6549.9008789        0.0659923
   6552.6997070        0.0615933
   6555.4990234        0.0654372
   6558.2978516        0.0811527
   6561.0966797        0.1040592
   6563.8964844        0.0965626
   6566.6953125        0.0917233
   6569.4941406        0.1016368
   6572.2929688        0.1000034
   6575.0917969        0.0849214
   6577.8911133        0.0787938
   6580.6899414        0.0682313
   6583.4892578        0.0690179
   6586.2885742        0.0691671
   6589.0874023        0.0657757
   6591.8862305        0.0548565
   6594.6850586        0.0537049
   6597.4838867        0.0581867
   6600.2832031        0.0465983
   6603.0825195        0.0512972
   6605.8813477        0.0624084
   6608.6806641        0.0605418
   6611.4794922        0.0696551
   6614.2783203        0.0696048
   6617.0771484        0.0610255
   6619.8759766        0.0652713
   6622.6757812        0.0593975
   6625.4746094        0.0482913
   6628.2734375        0.0440254
   6631.0722656        0.0465914
   6633.8715820        0.0441417
   6636.6704102        0.0326260
   6639.4692383        0.0155343
   6642.2680664        0.0103635
   6645.0678711        0.0160063
   6647.8666992        0.0069574
   6650.6655273        0.0065397
   6653.4643555        0.0157969
   6656.2636719        0.0223024
   6659.0625000        0.0438421
   6661.8613281        0.0455558
   6664.6611328        0.0446953
   6667.4599609        0.0717628
   6670.2587891        0.0790381
   6673.0576172        0.0821768
   6675.8564453        0.0947751
   6678.6552734        0.0910411
   6681.4545898        0.0835251
   6684.2539062        0.0775629
   6687.0527344        0.0589747
   6689.8520508        0.0504013
   6692.6508789        0.0519386
   6695.4497070        0.0387167
   6698.2485352        0.0425320
   6701.0473633        0.0582932
   6703.8471680        0.0663544
   6706.6459961        0.0754435
   6709.4448242        0.0841339
   6712.2441406        0.0755112
   6715.0429688        0.0791848
   6717.8417969        0.0762923
   6720.6406250        0.0742171
   6723.4404297        0.0741486
   6726.2392578        0.0656410
   6729.0380859        0.0625052
   6731.8369141        0.0616908
   6734.6362305        0.0640534
   6737.4350586        0.0681058
   6740.2338867        0.0685149
   6743.0336914        0.0669788
   6745.8325195        0.0666697
   6748.6313477        0.0680174
   6751.4301758        0.0729809
   6754.2290039        0.0698122
   6757.0278320        0.0634120
   6759.8271484        0.0611057
   6762.6264648        0.0605416
   6765.4252930        0.0634975
   6768.2246094        0.0655580
   6771.0234375        0.0571867
   6773.8222656        0.0531076
   6776.6210938        0.0506080
   6779.4199219        0.0581807
   6782.2197266        0.0620099
   6785.0185547        0.0628411
   6787.8173828        0.0615950
   6790.6166992        0.0695308
   6793.4155273        0.0706688
   6796.2143555        0.0708699
   6799.0131836        0.0634747
   6801.8120117        0.0567052
   6804.6118164        0.0476055
   6807.4106445        0.0419281
   6810.2094727        0.0439487
   6813.0083008        0.0386658
   6815.8076172        0.0408790
   6818.6064453        0.0457954
   6821.4052734        0.0439363
   6824.2050781        0.0581626
   6827.0039062        0.0652746
   6829.8027344        0.0527133
   6832.6015625        0.0582841
   6835.4003906        0.0679437
   6838.1997070        0.0649177
   6840.9985352        0.0807916
   6843.7978516        0.0739552
   6846.5971680        0.0686788
   6849.3959961        0.0728082
   6852.1948242        0.0696999
   6854.9936523        0.0601360
   6857.7924805        0.0674078
   6860.5917969        0.0524348
   6863.3911133        0.0475547
   6866.1899414        0.0473276
   6868.9892578        0.0386257
   6871.7880859        0.0460323
   6874.5869141        0.0464072
   6877.3857422        0.0401506
   6880.1845703        0.0430402
   6882.9843750        0.0449006
   6885.7832031        0.0380581
   6888.5820312        0.0433898
   6891.3808594        0.0449468
   6894.1801758        0.0394328
   6896.9790039        0.0271691
   6899.7778320        0.0211734
   6902.5776367        0.0184154
   6905.3764648        0.0188195
   6908.1752930        0.0119152
   6910.9741211        0.0100762
   6913.7729492        0.0498558
   6916.5722656        0.1486547
   6919.3710938        0.2922224
   6922.1704102        0.3930411
   6924.9697266        0.4123358
   6927.7685547        0.4272079
   6930.5673828        0.4247421
   6933.3662109        0.3826964
   6936.1650391        0.2849794
   6938.9638672        0.1320786
   6941.7636719        0.0284196
   6944.5625000        0.0176564
   6947.3613281        0.0145106
   6950.1606445        0.0127945
   6952.9594727        0.0249076
   6955.7583008        0.0340262
   6958.5571289        0.0527142
   6961.3559570        0.0546046
   6964.1557617        0.0470810
   6966.9545898        0.0520679
   6969.7534180        0.0620927
   6972.5527344        0.0631101
   6975.3515625        0.0642714
   6978.1503906        0.0602266
   6980.9492188        0.0686547
   6983.7490234        0.0716368
   6986.5478516        0.0709626
   6989.3466797        0.0660799
   6992.1455078        0.0591281
   6994.9448242        0.0544259
   6997.7436523        0.0481884
   7000.5424805        0.0448559
   7003.3422852        0.0437928
   7006.1411133        0.0333739
   7008.9399414        0.0327746
   7011.7387695        0.0284410
   7014.5375977        0.0311043
   7017.3364258        0.0422973
   7020.1357422        0.0432053
   7022.9350586        0.0541490
   7025.7338867        0.0651665
   7028.5332031        0.0579700
   7031.3320312        0.0588999
   7034.1308594        0.0598914
   7036.9296875        0.0591968
   7039.7285156        0.0598903
   7042.5283203        0.0407271
   7045.3271484        0.0363491
   7048.1259766        0.0462238
   7050.9252930        0.0581040
   7053.7241211        0.0949642
   7056.5229492        0.1985909
   7059.3217773        0.3205804
   7062.1215820        0.3862387
   7064.9204102        0.4012795
   7067.7192383        0.4060604
   7070.5180664        0.4040089
   7073.3168945        0.3606553
   7076.1162109        0.2626057
   7078.9150391        0.1395416
   7081.7143555        0.0796168
   7084.5136719        0.0701260
   7087.3125000        0.0656279
   7090.1113281        0.0616505
   7092.9101562        0.0760508
   7095.7089844        0.0660180
   7098.5083008        0.0643521
   7101.3076172        0.0733180
   7104.1064453        0.0724084
   7106.9057617        0.0702179
   7109.7045898        0.0676776
   7112.5034180        0.0569895
   7115.3022461        0.0579570
   7118.1010742        0.0672698
   7120.9003906        0.1502311
   7123.6997070        0.4132144
   7126.4985352        0.8032532
   7129.2978516        1.0574965
   7132.0966797        1.1218275
   7134.8955078        1.1337951
   7137.6943359        1.1292486
   7140.4931641        1.0396404
   7143.2929688        0.7651876
   7146.0917969        0.3668867
   7148.8906250        0.1223433
   7151.6894531        0.0636858
   7154.4887695        0.0593936
   7157.2875977        0.0588877
   7160.0864258        0.0546380
   7162.8862305        0.0583539
   7165.6850586        0.0544485
   7168.4838867        0.0410389
   7171.2827148        0.0342185
   7174.0815430        0.0239682
   7176.8808594        0.0188003
   7179.6796875        0.0277873
   7182.4790039        0.0329717
   7185.2783203        0.0445969
   7188.0771484        0.0511362
   7190.8759766        0.0518103
   7193.6748047        0.0486639
   7196.4736328        0.0491405
   7199.2724609        0.0480895
   7202.0722656        0.0412494
   7204.8710938        0.0386738
   7207.6699219        0.0364268
   7210.4692383        0.0423654
   7213.2680664        0.0443602
   7216.0668945        0.0448712
   7218.8657227        0.0407003
   7221.6655273        0.0435370
   7224.4643555        0.0396882
   7227.2631836        0.0273819
   7230.0620117        0.0240023
   7232.8613281        0.0237813
   7235.6601562        0.0260975
   7238.4589844        0.0262793
   7241.2587891        0.0161231
   7244.0576172        0.0249057
   7246.8564453        0.0413280
   7249.6552734        0.0475176
   7252.4541016        0.0548176
   7255.2534180        0.0541339
   7258.0522461        0.0495743
   7260.8515625        0.0595358
   7263.6508789        0.0421849
   7266.4497070        0.0418635
   7269.2485352        0.0535417
   7272.0473633        0.0609243
   7274.8461914        0.0740929
   7277.6450195        0.0801952
   7280.4443359        0.0875587
   7283.2436523        0.1014881
   7286.0424805        0.1046697
   7288.8417969        0.0877312
   7291.6406250        0.0715301
   7294.4394531        0.0486522
   7297.2382812        0.0412642
   7300.0371094        0.0424483
   7302.8369141        0.0376435
   7305.6357422        0.0436936
   7308.4345703        0.0504561
   7311.2338867        0.0555245
   7314.0327148        0.0675184
   7316.8315430        0.0814286
   7319.6303711        0.0764834
   7322.4301758        0.0826677
   7325.2290039        0.0697607
   7328.0278320        0.0555573
   7330.8266602        0.0558635
   7333.6254883        0.0598558
   7336.4248047        0.0557065
   7339.2236328        0.0557028
   7342.0229492        0.0631542
   7344.8222656        0.0714421
   7347.6210938        0.0828381
   7350.4199219        0.0851762
   7353.2187500        0.0726981
   7356.0175781        0.0492637
   7358.8168945        0.0636568
   7361.6162109        0.0607083
   7364.4150391        0.0584812
   7367.2143555        0.0571308
   7370.0131836        0.0576031
   7372.8120117        0.0675051
   7375.6108398        0.0925463
   7378.4096680        0.0749507
   7381.2094727        0.0840514
   7384.0083008        0.0952894
   7386.8071289        0.0902890
   7389.6064453        0.0832077
   7392.4052734        0.0899249
   7395.2041016        0.0936325
   7398.0029297        0.1019874
   7400.8027344        0.1017158
   7403.6015625        0.0848528
   7406.4003906        0.0962081
   7409.1992188        0.1011854
   7411.9980469        0.0933515
   7414.7973633        0.0852307
   7417.5961914        0.0898790
   7420.3955078        0.0921383
   7423.1948242        0.1035419
   7425.9936523        0.0948874
   7428.7924805        0.1006206
   7431.5913086        0.0977548
   7434.3901367        0.1059667
   7437.1894531        0.0986875
   7439.9882812        0.0818051
   7442.7875977        0.0755472
   7445.5869141        0.0771207
   7448.3857422        0.0713713
   7451.1845703        0.0783082
   7453.9833984        0.0758492
   7456.7822266        0.0645598
   7459.5810547        0.0580666
   7462.3808594        0.0576639
   7465.1796875        0.0471625
   7467.9785156        0.0484866
   7470.7778320        0.0426137
   7473.5766602        0.0383052
   7476.3754883        0.0515506
   7479.1743164        0.0739806
   7481.9741211        0.0741926
   7484.7729492        0.0844536
   7487.5717773        0.0848306
   7490.3706055        0.0837146
   7493.1699219        0.0816516
   7495.9687500        0.0810933
   7498.7675781        0.0701945
   7501.5673828        0.0786352
   7504.3662109        0.0788148
   7507.1650391        0.0843013
   7509.9638672        0.1088960
   7512.7626953        0.1079346
   7515.5620117        0.1131114
   7518.3608398        0.1238571
   7521.1601562        0.1243363
   7523.9594727        0.1206251
   7526.7583008        0.1192141
   7529.5571289        0.1001793
   7532.3559570        0.1068273
   7535.1547852        0.0964709
   7537.9536133        0.0847689
   7540.7534180        0.0776864
   7543.5522461        0.0838714
   7546.3510742        0.0947925
   7549.1503906        0.1049885
   7551.9492188        0.1024387
   7554.7480469        0.1049357
   7557.5468750        0.1031279
   7560.3466797        0.1032384
   7563.1455078        0.1028500
   7565.9443359        0.0860301
   7568.7431641        0.0746434
   7571.5424805        0.0730495
   7574.3413086        0.0841766
   7577.1401367        0.0945720
   7579.9399414        0.0885468
   7582.7387695        0.0804648
   7585.5375977        0.0841962
   7588.3364258        0.1002998
   7591.1352539        0.1097565
   7593.9340820        0.0918791
   7596.7333984        0.0728411
   7599.5322266        0.0716587
   7602.3315430        0.0721385
   7605.1308594        0.0660959
   7607.9296875        0.0524531
   7610.7285156        0.0530825
   7613.5273438        0.0577095
   7616.3261719        0.0754463
   7619.1254883        0.0756882
   7621.9248047        0.0783740
   7624.7236328        0.0737945
   7627.5229492        0.0583858
   7630.3217773        0.0430560
   7633.1206055        0.0401387
   7635.9194336        0.0274004
   7638.7182617        0.0298366
   7641.5180664        0.0302171
   7644.3168945        0.0359554
   7647.1157227        0.0534945
   7649.9150391        0.0616977
   7652.7138672        0.0670231
   7655.5126953        0.0817992
   7658.3115234        0.0784237
   7661.1113281        0.0747735
   7663.9101562        0.0759540
   7666.7089844        0.0759541
   7669.5078125        0.0806847
   7672.3066406        0.0819365
   7675.1059570        0.0730439
   7677.9047852        0.0751975
   7680.7041016        0.0775751
   7683.5034180        0.0801027
   7686.3022461        0.0856039
   7689.1010742        0.0841660
   7691.8999023        0.0910048
   7694.6987305        0.0876566
   7697.4980469        0.0929087
   7700.2973633        0.1049172
   7703.0961914        0.1267341
   7705.8955078        0.1265006
   7708.6943359        0.1334582
   7711.4931641        0.1382263
   7714.2919922        0.1366581
   7717.0908203        0.1422926
   7719.8906250        0.1479686
   7722.6894531        0.1290710
   7725.4882812        0.1246326
   7728.2871094        0.1246752
   7731.0864258        0.1151646
   7733.8852539        0.1136737
   7736.6840820        0.1069476
   7739.4838867        0.1032299
   7742.2827148        0.1172569
   7745.0815430        0.1150721
   7747.8803711        0.1027440
   7750.6791992        0.1043463
   7753.4785156        0.1186407
   7756.2773438        0.1232542
   7759.0761719        0.1176050
   7761.8759766        0.0920926
   7764.6748047        0.0789709
   7767.4736328        0.0813681
   7770.2724609        0.0916169
   7773.0712891        0.0923546
   7775.8706055        0.0808656
   7778.6694336        0.0749710
   7781.4687500        0.1114014
   7784.2680664        0.1634608
   7787.0668945        0.1719994
   7789.8657227        0.1579084
   7792.6645508        0.1541444
   7795.4633789        0.1663391
   7798.2622070        0.1772659
   7801.0620117        0.1555220
   7803.8608398        0.1138469
   7806.6596680        0.1027282
   7809.4589844        0.1069348
   7812.2578125        0.1091870
   7815.0566406        0.1079390
   7817.8554688        0.1090545
   7820.6552734        0.1097848
   7823.4541016        0.1138663
   7826.2529297        0.1136139
   7829.0517578        0.1179136
   7831.8510742        0.1230806
   7834.6499023        0.1146916
   7837.4487305        0.0923592
   7840.2485352        0.0980179
   7843.0473633        0.1245586
   7845.8461914        0.1209415
   7848.6450195        0.1222439
   7851.4438477        0.1210754
   7854.2426758        0.1285626
   7857.0419922        0.1434300
   7859.8413086        0.1357874
   7862.6401367        0.1212259
   7865.4394531        0.1397853
   7868.2382812        0.1270128
   7871.0371094        0.1289177
   7873.8359375        0.1222179
   7876.6347656        0.1353395
   7879.4345703        0.1476651
   7882.2333984        0.1234896
   7885.0322266        0.1190215
   7887.8315430        0.1333225
   7890.6303711        0.1224308
   7893.4291992        0.1318429
   7896.2280273        0.1077230
   7899.0278320        0.0973068
   7901.8266602        0.1404054
   7904.6254883        0.1650169
   7907.4243164        0.1642325
   7910.2236328        0.1753632
   7913.0224609        0.1630919
   7915.8212891        0.1668874
   7918.6201172        0.1674717
   7921.4199219        0.1410518
   7924.2187500        0.1130519
   7927.0175781        0.1077311
   7929.8164062        0.0973328
   7932.6152344        0.0983214
   7935.4145508        0.1260818
   7938.2133789        0.1361750
   7941.0126953        0.1397053
   7943.8120117        0.1461306
   7946.6108398        0.1550395
   7949.4096680        0.1655715
   7952.2084961        0.1919972
   7955.0073242        0.1476410
   7957.8066406        0.1436204
   7960.6059570        0.1370777
   7963.4047852        0.1407264
   7966.2041016        0.1288916
   7969.0029297        0.1088589
   7971.8017578        0.0954129
   7974.6005859        0.1127181
   7977.3994141        0.0845544
   7980.1992188        0.1002574
   7982.9980469        0.0936101
   7985.7968750        0.1012587
   7988.5957031        0.1183680
   7991.3950195        0.1210610
   7994.1938477        0.1328950
   7996.9926758        0.1526775
   7999.7924805        0.1470075
   8002.5913086        0.1399934
   8005.3901367        0.1427195
   8008.1889648        0.1147714
   8010.9877930        0.1028129
   8013.7871094        0.1100061
   8016.5859375        0.1273942
   8019.3852539        0.1153812
   8022.1845703        0.1187596
   8024.9833984        0.1130747
   8027.7822266        0.1319465
   8030.5810547        0.1374642
   8033.3798828        0.1329729
   8036.1791992        0.1173586
   8038.9785156        0.1213818
   8041.7773438        0.1249928
   8044.5766602        0.1253531
   8047.3754883        0.1334698
   8050.1743164        0.1281805
   8052.9731445        0.1175874
   8055.7719727        0.1161054
   8058.5717773        0.1069138
   8061.3706055        0.1084600
   8064.1694336        0.0942836
   8066.9682617        0.0893321
   8069.7675781        0.0925095
   8072.5664062        0.0933260
   8075.3652344        0.0900114
   8078.1640625        0.0943763
   8080.9638672        0.0943371
   8083.7626953        0.1077158
   8086.5615234        0.1105528
   8089.3603516        0.1115586
   8092.1596680        0.1108027
   8094.9584961        0.1059766
   8097.7573242        0.1011485
   8100.5571289        0.0968397
   8103.3559570        0.0989253
   8106.1547852        0.0884287
   8108.9536133        0.0883106
   8111.7524414        0.0943350
   8114.5512695        0.1007094
   8117.3505859        0.1062410
   8120.1499023        0.1072623
   8122.9487305        0.0974086
   8125.7480469        0.0972554
   8128.5468750        0.0952206
   8131.3457031        0.0798854
   8134.1445312        0.0711055
   8136.9433594        0.0629927
   8139.7431641        0.0538034
   8142.5419922        0.0522391
   8145.3408203        0.0592594
   8148.1401367        0.0619371
   8150.9389648        0.0745514
   8153.7377930        0.0765589
   8156.5366211        0.0783195
   8159.3364258        0.0821629
   8162.1352539        0.0852223
   8164.9340820        0.0745043
   8167.7329102        0.0597111
   8170.5322266        0.0551658
   8173.3310547        0.0585032
   8176.1298828        0.0560654
   8178.9296875        0.0526048
   8181.7285156        0.0490326
   8184.5273438        0.0572124
   8187.3261719        0.0671868
   8190.1250000        0.0704190
   8192.9238281        0.0672498
   8195.7226562        0.0759636
   8198.5224609        0.0845730
   8201.3212891        0.0884916
   8204.1201172        0.0890720
   8206.9189453        0.0833998
   8209.7177734        0.0715329
   8212.5175781        0.0816582
   8215.3164062        0.0744612
   8218.1152344        0.0682809
   8220.9150391        0.0707006
   8223.7138672        0.0698130
   8226.5126953        0.0687050
   8229.3115234        0.0774831
   8232.1103516        0.0768367
   8234.9091797        0.0823081
   8237.7080078        0.0838823
   8240.5078125        0.0824175
   8243.3066406        0.0791839
   8246.1054688        0.0858650
   8248.9042969        0.0901269
   8251.7031250        0.0815517
   8254.5019531        0.0820616
   8257.3017578        0.0806055
   8260.1005859        0.0814354
   8262.8994141        0.0811752
   8265.6992188        0.0699465
   8268.4980469        0.0573258
   8271.2968750        0.0642498
   8274.0957031        0.0705779
   8276.8945312        0.0712300
   8279.6943359        0.0745501
   8282.4931641        0.0888539
   8285.2919922        0.0896739
   8288.0908203        0.1021356
   8290.8896484        0.1259516
   8293.6884766        0.1172573
   8296.4873047        0.1173375
   8299.2871094        0.1244863
   8302.0859375        0.1110420
   8304.8847656        0.1193000
   8307.6835938        0.1121996
   8310.4824219        0.0705487
   8313.2822266        0.0642674
   8316.0810547        0.0694627
   8318.8798828        0.0541948
   8321.6796875        0.0493776
   8324.4785156        0.0510421
   8327.2773438        0.0283296
   8330.0761719       -0.0006499
   8332.8750000       -0.0260372
   8335.6738281       -0.0120628
   8338.4736328       -0.0234744
   8341.2724609       -0.0211213
   8344.0712891       -0.0248426
   8346.8701172        0.0008224
   8349.6689453        0.0342851
   8352.4677734        0.0765907
   8355.2666016        0.0607656
   8358.0664062        0.0818554
   8360.8652344        0.1118342
   8363.6640625        0.1445099
   8366.4628906        0.1678646
   8369.2626953        0.1734132
   8372.0615234        0.1698030
   8374.8603516        0.1767521
   8377.6601562        0.1675989
   8380.4589844        0.1386470
   8383.2578125        0.1012015
   8386.0566406        0.0523698
   8388.8554688        0.0476602
   8391.6542969        0.0720215
   8394.4531250        0.0486761
   8397.2519531        0.0495513
   8400.0517578        0.0481009
   8402.8505859        0.0595966
   8405.6494141        0.0820765
   8408.4482422        0.0923268
   8411.2470703        0.0527817
   8414.0458984        0.0415802
   8416.8457031        0.0329230
   8419.6445312        0.0204553
   8422.4433594        0.0217509
   8425.2431641        0.0306019
   8428.0419922        0.0305563
   8430.8408203        0.0388890
   8433.6396484        0.0654466
   8436.4384766        0.0815250
   8439.2382812        0.1020403
   8442.0371094        0.1107272
   8444.8359375        0.1136473
   8447.6347656        0.1123378
   8450.4335938        0.1046115
   8453.2324219        0.0873743
   8456.0312500        0.1053294
   8458.8310547        0.1044266
   8461.6298828        0.0925169
   8464.4287109        0.0798864
   8467.2275391        0.0714733
   8470.0263672        0.0759637
   8472.8261719        0.0893027
   8475.6250000        0.0639710
   8478.4238281        0.0481514
   8481.2236328        0.0450123
   8484.0224609        0.0546859
   8486.8212891        0.0673882
   8489.6201172        0.0757749
   8492.4189453        0.0839226
   8495.2177734        0.0832692
   8498.0175781        0.0998455
   8500.8164062        0.1053535
   8503.6152344        0.1022888
   8506.4140625        0.1002708
   8509.2128906        0.1024772
   8512.0117188        0.1010207
   8514.8105469        0.1051723
   8517.6103516        0.1072404
   8520.4091797        0.1053332
   8523.2080078        0.1030148
   8526.0078125        0.0995613
   8528.8066406        0.0941798
   8531.6054688        0.1005339
   8534.4042969        0.1031261
   8537.2041016        0.1130744
   8540.0029297        0.1223851
   8542.8017578        0.1176636
   8545.6005859        0.1135397
   8548.3994141        0.1131468
   8551.1982422        0.1099224
   8553.9970703        0.1041307
   8556.7958984        0.0873952
   8559.5957031        0.0762862
   8562.3945312        0.0862121
   8565.1933594        0.0918087
   8567.9921875        0.0885872
   8570.7910156        0.0833906
   8573.5908203        0.0920119
   8576.3896484        0.1045949
   8579.1884766        0.1119840
   8581.9882812        0.1045877
   8584.7871094        0.1056607
   8587.5859375        0.1106830
   8590.3847656        0.1107199
   8593.1835938        0.1062418
   8595.9824219        0.0927726
   8598.7822266        0.0901593
   8601.5810547        0.0867722
   8604.3798828        0.0886492
   8607.1787109        0.0899565
   8609.9775391        0.0889706
   8612.7763672        0.0910767
   8615.5751953        0.0811516
   8618.3750000        0.0894834
   8621.1738281        0.1046114
   8623.9726562        0.0860345
   8626.7714844        0.0830215
   8629.5712891        0.0944805
   8632.3701172        0.0880701
   8635.1689453        0.0994640
   8637.9687500        0.0857534
   8640.7675781        0.0925088
   8643.5664062        0.1093893
   8646.3652344        0.1071710
   8649.1640625        0.0943917
   8651.9628906        0.0907914
   8654.7617188        0.0908876
   8657.5615234        0.1073386
   8660.3603516        0.1029965
   8663.1591797        0.1056961
   8665.9580078        0.1146289
   8668.7568359        0.1177681
   8671.5556641        0.1316275
   8674.3544922        0.1370556
   8677.1542969        0.1252688
   8679.9531250        0.1285922
   8682.7519531        0.1268435
   8685.5517578        0.1198536
   8688.3505859        0.1089650
   8691.1494141        0.0990628
   8693.9482422        0.0992576
   8696.7480469        0.1035509
   8699.5468750        0.0888554
   8702.3457031        0.0864430
   8705.1445312        0.0890290
   8707.9433594        0.0994308
   8710.7421875        0.1010417
   8713.5410156        0.0989019
   8716.3398438        0.0941650
   8719.1396484        0.0944771
   8721.9384766        0.0923977
   8724.7373047        0.0933548
   8727.5361328        0.0999309
   8730.3349609        0.1078658
   8733.1347656        0.1091847
   8735.9335938        0.1104735
   8738.7324219        0.1086633
   8741.5322266        0.1128105
   8744.3310547        0.0979959
   8747.1298828        0.0873949
   8749.9287109        0.0844978
   8752.7275391        0.0519354
   8755.5263672        0.0627970
   8758.3261719        0.0996729
   8761.1250000        0.1049699
   8763.9238281        0.1110940
   8766.7226562        0.1112021
   8769.5214844        0.1122152
   8772.3203125        0.1388659
   8775.1191406        0.1239781
   8777.9189453        0.0847330
   8780.7177734        0.0698018
   8783.5166016        0.0683330
   8786.3164062        0.0719746
   8789.1152344        0.0736499
   8791.9140625        0.0811270
   8794.7128906        0.0854924
   8797.5126953        0.0915240
   8800.3115234        0.1038186
   8803.1103516        0.1109670
   8805.9091797        0.1095264
   8808.7080078        0.0960782
   8811.5068359        0.0549225
   8814.3056641        0.0195130
   8817.1054688       -0.0078328
   8819.9042969       -0.0151738
   8822.7031250       -0.0088498
   8825.5019531       -0.0093855
   8828.3007812       -0.0207515
   8831.0996094        0.0115152
   8833.8994141        0.0335647
   8836.6982422        0.0615549
   8839.4970703        0.0667652
   8842.2968750        0.0537945
   8845.0957031        0.0553751
   8847.8945312        0.0724648
   8850.6933594        0.0735905
   8853.4921875        0.0748455
   8856.2919922        0.0805483
   8859.0908203        0.0809340
   8861.8896484        0.0880089
   8864.6884766        0.0921665
   8867.4873047        0.0963450
   8870.2861328        0.0735202
   8873.0849609        0.0051973
   8875.8837891       -0.0144933
   8878.6835938        0.0056656
   8881.4824219        0.0106848
   8884.2812500        0.0092602
   8887.0800781        0.0030905
   8889.8798828        0.0252516
   8892.6787109        0.1074040
   8895.4775391        0.1264028
   8898.2773438        0.1028422
   8901.0761719        0.0828576
   8903.8750000        0.0689908
   8906.6738281        0.0561737
   8909.4726562        0.0633835
   8912.2714844        0.0762921
   8915.0703125        0.0720661
   8917.8701172        0.0753789
   8920.6689453        0.0873289
   8923.4677734        0.0970100
   8926.2666016        0.1159021
   8929.0654297        0.1060668
   8931.8642578        0.0881097
   8934.6630859        0.0813984
   8937.4628906        0.0722048
   8940.2617188        0.0563912
   8943.0605469        0.0296651
   8945.8603516        0.0215481
   8948.6591797        0.0083475
   8951.4580078        0.0006493
   8954.2568359        0.0042188
   8957.0566406        0.0059442
   8959.8554688        0.0138565
   8962.6542969        0.0471046
   8965.4531250        0.0679333
   8968.2519531        0.1092738
   8971.0507812        0.1251666
   8973.8496094        0.1180082
   8976.6494141        0.1116796
   8979.4482422        0.1079389
   8982.2470703        0.0987122
   8985.0458984        0.0806215
   8987.8447266        0.0329473
   8990.6435547        0.0159253
   8993.4433594        0.0304152
   8996.2421875        0.0412482
   8999.0410156        0.0524801
   9001.8408203        0.0562168
   9004.6396484        0.0579144
   9007.4384766        0.0813495
   9010.2373047        0.0923294
   9013.0361328        0.0923378
   9015.8359375        0.0959348
   9018.6347656        0.0933397
   9021.4335938        0.0923741
   9024.2324219        0.0854760
   9027.0312500        0.0876627
   9029.8300781        0.0892519
   9032.6289062        0.0860353
   9035.4277344        0.0760083
   9038.2275391        0.0605567
   9041.0263672        0.0607684
   9043.8251953        0.0757434
   9046.6250000        0.0714677
   9049.4238281        0.0645320
   9052.2226562        0.0612883
   9055.0214844        0.0641964
   9057.8212891        0.0763863
   9060.6201172        0.0759384
   9063.4189453        0.0630606
   9066.2177734        0.0627031
   9069.0166016        0.0578079
   9071.8154297        0.0537176
   9074.6142578        0.0605470
   9077.4140625        0.0646929
   9080.2128906        0.0574366
   9083.0117188        0.0546811
   9085.8105469        0.0491783
   9088.6093750        0.0505036
   9091.4082031        0.0480282
   9094.2080078        0.0319022
   9097.0068359        0.0198956
   9099.8056641        0.0220250
   9102.6054688        0.0296378
   9105.4042969        0.0327005
   9108.2031250        0.0299355
   9111.0019531        0.0335135
   9113.8007812        0.0490158
   9116.6005859        0.0634864
   9119.3994141        0.0555497
   9122.1982422        0.0491712
   9124.9970703        0.0520815
   9127.7958984        0.0550521
   9130.5947266        0.0563258
   9133.3935547        0.0540661
   9136.1933594        0.0524558
   9138.9921875        0.0589001
   9141.7910156        0.0557064
   9144.5898438        0.0447420
   9147.3886719        0.0416003
   9150.1884766        0.0431317
   9152.9873047        0.0383901
   9155.7861328        0.0275743
   9158.5859375        0.0319344
   9161.3847656        0.0409535
   9164.1835938        0.0455861
   9166.9824219        0.0525652
   9169.7812500        0.0438660
   9172.5800781        0.0466747
   9175.3798828        0.0656690
   9178.1787109        0.0686031
   9180.9775391        0.0650193
   9183.7763672        0.0723738
   9186.5751953        0.0697481
   9189.3740234        0.0734753
   9192.1728516        0.0639521
   9194.9716797        0.0474823
   9197.7714844        0.0457726
   9200.5703125        0.0517328
   9203.3691406        0.0511367
   9206.1689453        0.0558793
   9208.9677734        0.0541778
   9211.7666016        0.0709010
   9214.5654297        0.0729918
   9217.3652344        0.0716808
   9220.1640625        0.0713140
   9222.9628906        0.0685854
   9225.7617188        0.0609374
   9228.5605469        0.0624540
   9231.3593750        0.0583350
   9234.1582031        0.0592696
   9236.9580078        0.0551991
   9239.7568359        0.0520601
   9242.5556641        0.0515898
   9245.3544922        0.0564080
   9248.1533203        0.0505430
   9250.9521484        0.0420821
   9253.7519531        0.0528081
   9256.5507812        0.0571594
   9259.3496094        0.0450673
   9262.1494141        0.0415834
   9264.9482422        0.0381273
   9267.7470703        0.0364349
   9270.5458984        0.0337824
   9273.3447266        0.0232716
   9276.1445312        0.0154184
   9278.9433594        0.0222865
   9281.7421875        0.0241478
   9284.5410156        0.0241641
   9287.3398438        0.0246205
   9290.1386719        0.0184889
   9292.9375000        0.0062040
   9295.7373047       -0.0070885
   9298.5361328        0.0004791
   9301.3349609        0.0076683
   9304.1337891        0.0090025
   9306.9335938        0.0214949
   9309.7324219        0.0190829
   9312.5312500        0.0296761
   9315.3310547        0.0496521
   9318.1298828        0.0483407
   9320.9287109        0.0451650
   9323.7275391        0.0437695
   9326.5263672        0.0329934
   9329.3251953        0.0473332
   9332.1240234        0.0581697
   9334.9238281        0.1040545
   9337.7226562        0.2472358
   9340.5214844        0.4577068
   9343.3203125        0.6746248
   9346.1191406        0.8238866
   9348.9179688        0.8830207
   9351.7167969        0.8859040
   9354.5166016        0.8418271
   9357.3154297        0.6857260
   9360.1142578        0.4290408
   9362.9140625        0.2068516
   9365.7128906        0.0727570
   9368.5117188        0.0324977
   9371.3105469        0.0758924
   9374.1093750        0.1163183
   9376.9091797        0.1438697
   9379.7080078        0.1938543
   9382.5068359        0.2034397
   9385.3056641        0.1903692
   9388.1044922        0.1679692
   9390.9033203        0.1148912
   9393.7021484        0.0767656
   9396.5019531        0.0535292
   9399.3007812        0.0444228
   9402.0996094        0.0411758
   9404.8984375        0.0608353
   9407.6972656        0.0632984
   9410.4970703        0.0471453
   9413.2958984        0.0365242
   9416.0947266        0.0289602
   9418.8945312        0.0233922
   9421.6933594        0.0218037
   9424.4921875       -0.0309028
   9427.2910156       -0.0717820
   9430.0898438       -0.0848055
   9432.8886719       -0.0891818
   9435.6884766       -0.0776931
   9438.4873047       -0.0781647
   9441.2861328       -0.0979525
   9444.0849609       -0.0748983
   9446.8837891       -0.0418542
   9449.6826172       -0.0044335
   9452.4814453        0.0079355
   9455.2812500       -0.0072490
   9458.0800781       -0.0027164
   9460.8789062        0.0257068
   9463.6777344        0.0286831
   9466.4775391        0.0293846
   9469.2763672        0.0289161
   9472.0751953        0.0209945
   9474.8750000        0.0405597
   9477.6738281        0.0530619
   9480.4726562        0.0373960
   9483.2714844        0.0355902
   9486.0703125        0.0348812
   9488.8691406        0.0279134
   9491.6679688        0.0270447
   9494.4677734        0.0212389
   9497.2666016        0.0120709
   9500.0654297        0.0241064
   9502.8642578        0.0317172
   9505.6630859        0.0497749
   9508.4619141        0.0648264
   9511.2607422        0.0739281
   9514.0605469        0.0772730
   9516.8593750        0.0762877
   9519.6582031        0.0807711
   9522.4580078        0.1027210
   9525.2568359        0.0855421
   9528.0556641        0.0651547
   9530.8544922        0.0577028
   9533.6533203        0.0486481
   9536.4531250        0.0529924
   9539.2519531        0.0587385
   9542.0507812        0.0272171
   9544.8496094        0.0309471
   9547.6484375        0.0194198
   9550.4472656        0.0274299
   9553.2460938        0.0403393
   9556.0458984        0.0800523
   9558.8447266        0.1295045
   9561.6435547        0.2201133
   9564.4423828        0.2690523
   9567.2421875        0.3046371
   9570.0410156        0.3048656
   9572.8398438        0.2937257
   9575.6396484        0.2506079
   9578.4384766        0.1983603
   9581.2373047        0.1498086
   9584.0361328        0.1256772
   9586.8349609        0.1205287
   9589.6337891        0.1128783
   9592.4326172        0.1112550
   9595.2324219        0.1094839
   9598.0312500        0.1060564
   9600.8300781        0.0924755
   9603.6289062        0.0772533
   9606.4277344        0.0536081
   9609.2265625        0.0486994
   9612.0253906        0.0593905
   9614.8251953        0.0590976
   9617.6240234        0.0571485
   9620.4228516        0.0544946
   9623.2226562        0.0493870
   9626.0214844        0.0563189
   9628.8203125        0.0663477
   9631.6191406        0.0667023
   9634.4189453        0.0686405
   9637.2177734        0.0556806
   9640.0166016        0.0401961
   9642.8154297        0.0397302
   9645.6142578        0.0437794
   9648.4130859        0.0509199
   9651.2119141        0.0537228
   9654.0117188        0.0563987
   9656.8105469        0.0680734
   9659.6093750        0.0796935
   9662.4082031        0.0751257
   9665.2070312        0.0793512
   9668.0058594        0.0794380
   9670.8056641        0.0757017
   9673.6044922        0.0856561
   9676.4033203        0.0881268
   9679.2031250        0.0940331
   9682.0019531        0.0843554
   9684.8007812        0.0664110
   9687.5996094        0.0628796
   9690.3984375        0.0700299
   9693.1972656        0.0466826
   9695.9970703        0.0241792
   9698.7958984        0.0193674
   9701.5947266        0.0604198
   9704.3935547        0.0691505
   9707.1923828        0.0664640
   9709.9912109        0.0437644
   9712.7900391        0.0609817
   9715.5898438        0.0892949
   9718.3886719        0.0939695
   9721.1875000        0.0734032
   9723.9863281        0.1025765
   9726.7861328        0.1306292
   9729.5849609        0.1439745
   9732.3837891        0.1449375
   9735.1835938        0.1556285
   9737.9824219        0.1617145
   9740.7812500        0.1686764
   9743.5800781        0.1422531
   9746.3789062        0.1084561
   9749.1777344        0.1082463
   9751.9765625        0.1049573
   9754.7763672        0.0811663
   9757.5751953        0.0644833
   9760.3740234        0.0560961
   9763.1728516        0.0577827
   9765.9716797        0.0692247
   9768.7705078        0.0781324
   9771.5693359        0.0837753
   9774.3691406        0.0613147
   9777.1679688        0.0570781
   9779.9667969        0.1160800
   9782.7666016        0.1405271
   9785.5654297        0.1808937
   9788.3642578        0.1747004
   9791.1630859        0.1684668
   9793.9628906        0.2023061
   9796.7617188        0.2161831
   9799.5605469        0.1645280
   9802.3593750        0.1572779
   9805.1582031        0.1286949
   9807.9570312        0.1415868
   9810.7558594        0.1500831
   9813.5556641        0.1367648
   9816.3544922        0.1404786
   9819.1533203        0.1410275
   9821.9521484        0.1353693
   9824.7509766        0.1140282
   9827.5507812        0.0967605
   9830.3496094        0.0710586
   9833.1484375        0.0522042
   9835.9482422        0.0354586
   9838.7470703        0.0329740
   9841.5458984        0.0190286
   9844.3447266        0.0223861
   9847.1435547        0.0199408
   9849.9423828        0.0571870
   9852.7412109        0.0772228
   9855.5410156        0.0318531
   9858.3398438       -0.1043155
   9861.1386719       -0.2084533
   9863.9375000       -0.1912750
   9866.7363281       -0.1684743
   9869.5351562       -0.2051924
   9872.3339844       -0.1937609
   9875.1337891       -0.1291783
   9877.9326172        0.0051540
   9880.7314453        0.1543094
   9883.5312500        0.1736503
   9886.3300781        0.1663876
   9889.1289062        0.1890851
   9891.9277344        0.1856151
   9894.7275391        0.1579602
   9897.5263672        0.1561060
   9900.3251953        0.1100204
   9903.1240234        0.1027203
   9905.9228516        0.0853808
   9908.7216797        0.1282181
   9911.5205078        0.1291441
   9914.3203125        0.1509070
   9917.1191406        0.1439845
   9919.9179688        0.1551767
   9922.7167969        0.1285508
   9925.5156250        0.1487096
   9928.3144531        0.0736684
   9931.1142578        0.0000791
   9933.9130859       -0.0585236
   9936.7119141       -0.0861908
   9939.5117188       -0.0543625
   9942.3105469       -0.0381221
   9945.1093750       -0.0549571
   9947.9082031        0.0311256
   9950.7070312        0.1574216
   9953.5068359        0.2350202
   9956.3056641        0.2380256
   9959.1044922        0.2006721
   9961.9033203        0.2036592
   9964.7021484        0.2417656
   9967.5009766        0.2093206
   9970.2998047        0.1803948
   9973.0996094        0.1543353
   9975.8984375        0.1789444
   9978.6972656        0.1945727
   9981.4960938        0.1946983
   9984.2949219        0.1716578
   9987.0947266        0.1471884
   9989.8935547        0.1220201
   9992.6923828        0.1434316
   9995.4921875        0.1114182
   9998.2910156        0.0865586
  10001.0898438        0.1492296
  10003.8886719        0.1697749
  10006.6875000        0.1173929
  10009.4863281        0.0960453
  10012.2851562        0.0763651
  10015.0849609        0.1137367
  10017.8837891        0.1047748
  10020.6826172        0.0343002
  10023.4814453        0.0262023
  10026.2802734        0.0743079
  10029.0791016        0.0726026
  10031.8779297        0.0662854
  10034.6777344        0.0617412
  10037.4765625        0.0818506
  10040.2753906        0.0594736
  10043.0751953        0.0278240
  10045.8740234        0.0491099
  10048.6728516        0.0732423
  10051.4716797        0.0766065
  10054.2714844        0.1044565
  10057.0703125        0.0991375
  10059.8691406        0.1103248
  10062.6679688        0.1050424
  10065.4667969        0.0771664
  10068.2656250        0.0790469
  10071.0644531        0.0658340
  10073.8642578        0.0389987
  10076.6630859        0.0443656
  10079.4619141        0.0382909
  10082.2607422        0.0499150
  10085.0595703        0.0492419
  10087.8593750        0.0368424
  10090.6582031        0.0413137
  10093.4570312        0.0301520
  10096.2568359        0.0152851
  10099.0556641        0.0072472
  10101.8544922       -0.0005580
  10104.6533203       -0.0014721
  10107.4521484       -0.0055820
  10110.2509766       -0.0096394
  10113.0507812       -0.0092038
  10115.8496094       -0.0087818
  10118.6484375       -0.0083440
  10121.4472656       -0.0079050
  10124.2460938       -0.0074649
  10127.0449219       -0.0070237
  10129.8437500       -0.0065813
  10132.6435547       -0.0061377
  10135.4423828       -0.0056899
  10138.2412109       -0.0052441
  10141.0400391       -0.0047971
  10143.8398438       -0.0043594
  10146.6386719       -0.0039101
  10149.4375000       -0.0034596
  10152.2363281       -0.0030080
  10155.0361328       -0.0025436
  10157.8349609       -0.0020897
  10160.6337891       -0.0016346
  10163.4326172       -0.0011678
  10166.2314453       -0.0007105
  10169.0302734       -0.0002520
  10171.8291016        0.0002076
  10174.6289062        0.0006684
  10177.4277344        0.0011229
  10180.2265625        0.0015860
  10183.0253906        0.0020503
  10185.8242188        0.0025088
  10188.6230469        0.0029754
  10191.4228516        0.0034431
  10194.2216797        0.0039119
  10197.0205078        0.0043893
  10199.8203125        0.0048605
  10202.6191406        0.0053328
  10205.4179688        0.0058131
  10208.2167969        0.0062877
  10211.0156250        0.0067635
  10213.8154297        0.0072404
  10216.6142578        0.0077186
  10219.4130859        0.0081978
  10222.2119141        0.0086783
  10225.0107422        0.0091599
  10227.8095703        0.0096426
  10230.6083984        0.0101265
  10233.4082031        0.0117465
  10236.2070312        0.0122327
  10239.0058594        0.0127202
  10241.8046875        0.0132046
  10244.6035156        0.0145482
  10247.4033203        0.0150392
  10250.2021484        0.0155314
  10253.0009766        0.0148899
  10255.8007812        0.0153844
  10258.5996094        0.0158801
  10261.3984375        0.0163812
  10264.1972656        0.0163809
  10266.9960938        0.0168768
  10269.7949219        0.0173772
  10272.5947266        0.0178757
  10275.3935547        0.0183785
  10278.1923828        0.0188826
  10280.9912109        0.0193094
  10283.7900391        0.0194605
  10286.5888672        0.0199716
  10289.3876953        0.0173243
  10292.1875000        0.0146080
  10294.9863281        0.0118161
