
Mar 30.658-31.138	1.414	3.3	1.4	0.21	0.07
Mar 30.674-31.148	1.427	3.6	2.3	0.28	0.05
Mar 30.691-31.157	1.440	3.6	4.8	1.05	0.03
Mar 31.655-Apr 1.110	2.399	3.6	4.8	5.98	0.03
Mar 31.672-Apr 1.126	2.415	3.6	2.3	2.17	0.05
Mar 31.688-Apr 1.142	2.431	3.3	1.4	0.63	0.04
Apr 2.650-3.088	4.385	4.0	4.8	3.64	0.04
Apr 2.694-3.132	4.429	4.0	2.3	0.79	0.05
Apr 2.738-3.149	4.459	3.3	1.4	0.43	0.15
Apr 4.644-5.083	6.380	4.0	4.8	4.89	0.04
Apr 4.688-5.127	6.424	4.0	2.3	1.21	0.06
Apr 4.732-5.143	6.454	3.3	1.4	0.37	0.04
Apr 5.641-5.818	7.246	4.2	2.3	1.00	0.07
Apr 7.072-7.138	8.621	1.6	4.8	4.21	0.06
Apr 7.636-8.135	9.401	12.0	4.8	3.96	0.04
Apr 11.625-11.693	13.175	1.6	4.8	6.42	0.05
Apr 12.622-12.806	14.230	2.5	4.8	5.25	0.05
Apr 12.659-12.843	14.267	2.5	2.3	0.26	0.06
Apr 18.606-18.908	20.273	7.0	4.8	6.96	0.05
Apr 20.600-21.055	22.344	3.3	4.8	6.50	0.04
Apr 20.617-21.072	22.360	3.3	2.3	1.21	0.06
Apr 20.633-21.087	22.376	3.3	1.4	0.64	0.08
Apr 27.583-28.062	29.338	3.9	4.8	9.17	0.04
Apr 27.606-28.078	29.357	5.5	2.3	2.32	0.04
May 2.568-2.816	34.208	6.0	2.3	3.04	0.06
May 3.732-3.955	37.360	5.3	4.8	8.90	0.04
May 9.783-9.811	41.313	0.7	4.8	8.05	0.10
May 9.813-9.841	41.343	0.7	2.3	3.11	0.18
Jun 9.714-9.963	72.354	2.5	4.8	4.59	0.04
Jun 9.737-9.944	72.356	2.5	2.3	3.84	0.07
Jun 16.567-16.645	79.122	1.9	4.8	4.39	0.08
Jun 17.750-17.792	80.287	1.0	4.8	3.79	0.08
Jun 18.777-18.819	81.314	1.0	4.8	3.74	0.10
Jun 30.430-30.440	92.951	0.3	4.8	2.34	0.18
Jul 1.652-1.743	94.214	1.0	4.8	3.82	0.10
Jul 2.488-2.524	95.022	0.9	4.8	2.67	0.08
Jul 3.548-3.587	96.084	1.6	4.8	3.57	0.07
Jul 5.892-5.933	98.429	1.0	4.8	3.09	0.04
Jul 19.580-19.854	112.233	6.6	4.8	2.27	0.05
Jul 23.673-23.843	116.274	4.1	4.8	2.43	0.05
Jul 29.519-29.644	122.097	3.0	2.3	3.00	0.06
Jul 29.675-29.800	122.254	3.0	1.4	1.72	0.15
Aug 2.546-2.595	126.086	1.2	4.8	2.13	0.07
Aug 2.619-2.668	126.159	1.2	2.3	0.80	0.27
Aug 2.692-2.740	126.232	1.2	1.4	1.93	0.18
Sep 13.535-13.701	168.134	4.0	4.8	1.28	0.04
Sep 16.196-16.250	170.739	1.3	1.4	2.29	0.19
Sep 28.161-28.285	182.739	3.0	2.3	1.95	0.09
Oct 11.291-11.458	195.891	4.0	1.4	1.40	0.21
Nov 29.248-29.491	244.885	5.8	1.4	1.15	0.09
Dec 1.128-1.288	246.724	3.8	4.8	0.85	0.04