 3700.000000  1.090450e-17
 3702.060000  1.422361e-17
 3704.120000  1.926133e-17
 3706.180000  1.048598e-17
 3708.240000  1.047931e-17
 3710.300000  2.308163e-18
 3712.360000  -4.915088e-18
 3714.420000  6.135237e-18
 3716.480000  2.654769e-18
 3718.539999  1.353142e-18
 3720.599999  7.723972e-18
 3722.659999  1.053474e-17
 3724.719999  -1.804854e-18
 3726.779999  1.749775e-17
 3728.839999  -5.776120e-18
 3730.899999  3.278304e-18
 3732.959999  4.553657e-18
 3735.019999  4.012246e-18
 3737.079999  1.202703e-17
 3739.139999  1.118075e-17
 3741.199999  -8.920472e-19
 3743.259999  1.634179e-17
 3745.319999  1.246227e-18
 3747.379999  1.015763e-17
 3749.439999  6.403173e-18
 3751.499999  6.366934e-18
 3753.559999  2.358975e-18
 3755.619998  1.245376e-17
 3757.679998  1.675293e-18
 3759.739998  1.291292e-17
 3761.799998  1.156699e-17
 3763.859998  2.118847e-18
 3765.919998  1.441609e-18
 3767.979998  1.761407e-18
 3770.039998  4.827443e-18
 3772.099998  8.604570e-18
 3774.159998  3.726666e-18
 3776.219998  6.217558e-18
 3778.279998  7.498442e-18
 3780.339998  3.297370e-18
 3782.399998  6.784262e-18
 3784.459998  8.031366e-18
 3786.519998  6.537278e-18
 3788.579998  8.023863e-18
 3790.639997  4.847311e-18
 3792.699997  1.165339e-18
 3794.759997  4.162245e-18
 3796.819997  7.311425e-18
 3798.879997  1.104472e-17
 3800.939997  7.679670e-18
 3802.999997  1.192495e-17
 3805.059997  9.308161e-18
 3807.119997  9.157621e-18
 3809.179997  9.216154e-18
 3811.239997  6.884661e-18
 3813.299997  3.309976e-18
 3815.359997  4.254038e-18
 3817.419997  6.700739e-18
 3819.479997  8.887423e-18
 3821.539997  9.796489e-18
 3823.599997  4.066963e-18
 3825.659997  7.086463e-18
 3827.719996  7.052788e-18
 3829.779996  7.218366e-18
 3831.839996  6.326473e-18
 3833.899996  6.150556e-18
 3835.959996  8.030772e-18
 3838.019996  5.237203e-18
 3840.079996  3.826236e-18
 3842.139996  5.433964e-18
 3844.199996  8.973738e-18
 3846.259996  2.042845e-18
 3848.319996  5.000399e-18
 3850.379996  6.294363e-18
 3852.439996  2.865691e-18
 3854.499996  6.791921e-18
 3856.559996  3.282054e-18
 3858.619996  4.132022e-18
 3860.679996  6.985850e-18
 3862.739995  6.467547e-18
 3864.799995  1.040584e-17
 3866.859995  4.389191e-18
 3868.919995  2.924889e-18
 3870.979995  7.432379e-19
 3873.039995  6.524621e-18
 3875.099995  8.815664e-18
 3877.159995  2.523171e-18
 3879.219995  7.334128e-18
 3881.279995  7.942243e-18
 3883.339995  9.816535e-18
 3885.399995  3.596677e-18
 3887.459995  5.620610e-18
 3889.519995  5.095817e-18
 3891.579995  8.731478e-18
 3893.639995  5.293605e-18
 3895.699995  6.363585e-18
 3897.759995  5.476970e-18
 3899.819994  4.756110e-18
 3901.879994  6.339710e-18
 3903.939994  3.693014e-18
 3905.999994  9.959282e-18
 3908.059994  1.066861e-17
 3910.119994  2.694884e-18
 3912.179994  1.208338e-17
 3914.239994  7.016649e-18
 3916.299994  8.977507e-18
 3918.359994  4.662256e-18
 3920.419994  5.876983e-18
 3922.479994  1.608739e-18
 3924.539994  9.457785e-19
 3926.599994  2.746408e-18
 3928.659994  8.122466e-18
 3930.719994  2.977936e-18
 3932.779994  5.782145e-18
 3934.839993  7.980256e-18
 3936.899993  7.271085e-18
 3938.959993  4.848101e-18
 3941.019993  4.004878e-18
 3943.079993  6.779547e-18
 3945.139993  6.797805e-18
 3947.199993  4.076020e-18
 3949.259993  8.198525e-18
 3951.319993  4.484999e-18
 3953.379993  4.945081e-18
 3955.439993  6.121646e-18
 3957.499993  8.362335e-18
 3959.559993  4.039356e-18
 3961.619993  3.998779e-18
 3963.679993  7.884824e-18
 3965.739993  4.657110e-18
 3967.799993  6.857273e-18
 3969.859993  6.341494e-18
 3971.919992  8.845402e-18
 3973.979992  9.091561e-18
 3976.039992  6.713584e-18
 3978.099992  8.905693e-18
 3980.159992  7.697819e-18
 3982.219992  7.643858e-18
 3984.279992  6.759576e-18
 3986.339992  7.355132e-18
 3988.399992  5.936718e-18
 3990.459992  8.055420e-18
 3992.519992  4.782549e-18
 3994.579992  7.620157e-18
 3996.639992  9.027362e-18
 3998.699992  7.679596e-18
 4000.759992  3.466272e-18
 4002.819992  7.603193e-18
 4004.879992  8.475303e-18
 4006.939991  4.759800e-18
 4008.999991  7.500758e-18
 4011.059991  8.987204e-18
 4013.119991  8.806356e-18
 4015.179991  9.972274e-18
 4017.239991  9.482028e-18
 4019.299991  8.378712e-18
 4021.359991  7.605133e-18
 4023.419991  8.240209e-18
 4025.479991  7.639412e-18
 4027.539991  8.593808e-18
 4029.599991  8.652234e-18
 4031.659991  7.693257e-18
 4033.719991  7.320900e-18
 4035.779991  6.823028e-18
 4037.839991  9.734852e-18
 4039.899991  8.634509e-18
 4041.959991  8.237564e-18
 4044.019990  7.312672e-18
 4046.079990  6.572961e-18
 4048.139990  7.604078e-18
 4050.199990  8.477949e-18
 4052.259990  5.950097e-18
 4054.319990  7.465614e-18
 4056.379990  7.654831e-18
 4058.439990  8.536047e-18
 4060.499990  5.812903e-18
 4062.559990  3.636664e-18
 4064.619990  5.229181e-18
 4066.679990  6.947637e-18
 4068.739990  7.540659e-18
 4070.799990  9.273169e-18
 4072.859990  8.059068e-18
 4074.919990  7.720722e-18
 4076.979990  8.336895e-18
 4079.039989  6.668720e-18
 4081.099989  5.803793e-18
 4083.159989  6.357807e-18
 4085.219989  7.257553e-18
 4087.279989  3.713097e-18
 4089.339989  7.029172e-18
 4091.399989  8.954062e-18
 4093.459989  6.240569e-18
 4095.519989  7.999136e-18
 4097.579989  6.354820e-18
 4099.639989  6.530184e-18
 4101.699989  6.938255e-18
 4103.759989  7.603488e-18
 4105.819989  8.645915e-18
 4107.879989  8.536067e-18
 4109.939989  8.645097e-18
 4111.999989  7.687832e-18
 4114.059988  7.623931e-18
 4116.119988  7.981085e-18
 4118.179988  7.468561e-18
 4120.239988  6.510774e-18
 4122.299988  7.748188e-18
 4124.359988  8.327547e-18
 4126.419988  7.174282e-18
 4128.479988  5.781047e-18
 4130.539988  6.921301e-18
 4132.599988  9.118905e-18
 4134.659988  5.978881e-18
 4136.719988  6.361061e-18
 4138.779988  6.604630e-18
 4140.839988  8.008450e-18
 4142.899988  5.403018e-18
 4144.959988  6.931204e-18
 4147.019988  8.873840e-18
 4149.079988  7.609567e-18
 4151.139987  6.600231e-18
 4153.199987  6.482056e-18
 4155.259987  8.973014e-18
 4157.319987  8.652131e-18
 4159.379987  5.216697e-18
 4161.439987  8.881001e-18
 4163.499987  7.300008e-18
 4165.559987  6.511770e-18
 4167.619987  8.297757e-18
 4169.679987  9.362337e-18
 4171.739987  5.655881e-18
 4173.799987  6.687167e-18
 4175.859987  8.715132e-18
 4177.919987  7.187255e-18
 4179.979987  9.125386e-18
 4182.039987  6.534560e-18
 4184.099987  9.303702e-18
 4186.159986  7.928046e-18
 4188.219986  7.025803e-18
 4190.279986  7.278450e-18
 4192.339986  6.633268e-18
 4194.399986  7.399512e-18
 4196.459986  7.192674e-18
 4198.519986  9.002394e-18
 4200.579986  8.731118e-18
 4202.639986  8.608259e-18
 4204.699986  7.838790e-18
 4206.759986  7.436011e-18
 4208.819986  5.934604e-18
 4210.879986  7.948290e-18
 4212.939986  9.129730e-18
 4214.999986  8.875990e-18
 4217.059986  8.101615e-18
 4219.119986  6.097061e-18
 4221.179986  7.800559e-18
 4223.239985  7.499740e-18
 4225.299985  7.687535e-18
 4227.359985  6.650799e-18
 4229.419985  7.393463e-18
 4231.479985  7.450222e-18
 4233.539985  7.724229e-18
 4235.599985  7.696946e-18
 4237.659985  7.852938e-18
 4239.719985  5.367345e-18
 4241.779985  6.055627e-18
 4243.839985  7.407904e-18
 4245.899985  8.388193e-18
 4247.959985  8.355495e-18
 4250.019985  9.395829e-18
 4252.079985  8.805061e-18
 4254.139985  8.633223e-18
 4256.199985  8.864444e-18
 4258.259984  6.649030e-18
 4260.319984  8.231877e-18
 4262.379984  7.283355e-18
 4264.439984  9.318731e-18
 4266.499984  7.090052e-18
 4268.559984  7.440123e-18
 4270.619984  8.218633e-18
 4272.679984  7.700106e-18
 4274.739984  6.720425e-18
 4276.799984  7.560990e-18
 4278.859984  7.137932e-18
 4280.919984  6.634020e-18
 4282.979984  7.628246e-18
 4285.039984  6.673876e-18
 4287.099984  9.077070e-18
 4289.159984  7.765800e-18
 4291.219984  8.057262e-18
 4293.279984  8.260587e-18
 4295.339983  9.647095e-18
 4297.399983  8.534271e-18
 4299.459983  8.889654e-18
 4301.519983  7.121304e-18
 4303.579983  7.572553e-18
 4305.639983  9.082429e-18
 4307.699983  6.908805e-18
 4309.759983  7.839362e-18
 4311.819983  9.230567e-18
 4313.879983  9.153635e-18
 4315.939983  7.594438e-18
 4317.999983  8.076132e-18
 4320.059983  9.220069e-18
 4322.119983  8.464084e-18
 4324.179983  8.250783e-18
 4326.239983  8.438878e-18
 4328.299983  8.157909e-18
 4330.359982  8.312020e-18
 4332.419982  9.217025e-18
 4334.479982  8.998115e-18
 4336.539982  9.398566e-18
 4338.599982  8.976959e-18
 4340.659982  9.629301e-18
 4342.719982  9.861785e-18
 4344.779982  7.405739e-18
 4346.839982  9.494329e-18
 4348.899982  8.486597e-18
 4350.959982  9.394997e-18
 4353.019982  9.523597e-18
 4355.079982  8.295315e-18
 4357.139982  8.666233e-18
 4359.199982  8.731758e-18
 4361.259982  8.195648e-18
 4363.319982  9.138830e-18
 4365.379982  9.969742e-18
 4367.439981  9.329283e-18
 4369.499981  9.773713e-18
 4371.559981  8.705564e-18
 4373.619981  9.701799e-18
 4375.679981  9.402680e-18
 4377.739981  9.376273e-18
 4379.799981  9.233710e-18
 4381.859981  9.184698e-18
 4383.919981  8.791670e-18
 4385.979981  8.367280e-18
 4388.039981  9.318746e-18
 4390.099981  7.838279e-18
 4392.159981  1.011662e-17
 4394.219981  8.722495e-18
 4396.279981  8.887257e-18
 4398.339981  7.758739e-18
 4400.399981  9.645188e-18
 4402.459980  8.811567e-18
 4404.519980  8.066956e-18
 4406.579980  9.317423e-18
 4408.639980  9.553215e-18
 4410.699980  9.163848e-18
 4412.759980  9.212478e-18
 4414.819980  9.277008e-18
 4416.879980  1.007070e-17
 4418.939980  7.733001e-18
 4420.999980  9.444469e-18
 4423.059980  8.951991e-18
 4425.119980  1.001294e-17
 4427.179980  7.952421e-18
 4429.239980  8.874352e-18
 4431.299980  6.956095e-18
 4433.359980  7.834215e-18
 4435.419980  9.761793e-18
 4437.479980  8.949311e-18
 4439.539979  1.047638e-17
 4441.599979  9.368055e-18
 4443.659979  8.794784e-18
 4445.719979  9.658651e-18
 4447.779979  9.935504e-18
 4449.839979  9.046395e-18
 4451.899979  1.003001e-17
 4453.959979  1.039864e-17
 4456.019979  9.239560e-18
 4458.079979  1.087677e-17
 4460.139979  9.182561e-18
 4462.199979  9.835821e-18
 4464.259979  9.370055e-18
 4466.319979  9.296444e-18
 4468.379979  8.803204e-18
 4470.439979  9.362685e-18
 4472.499979  9.420848e-18
 4474.559978  9.090752e-18
 4476.619978  9.395314e-18
 4478.679978  7.592982e-18
 4480.739978  9.087860e-18
 4482.799978  1.005391e-17
 4484.859978  1.135496e-17
 4486.919978  1.025990e-17
 4488.979978  1.030570e-17
 4491.039978  9.931096e-18
 4493.099978  9.605791e-18
 4495.159978  9.178873e-18
 4497.219978  7.839381e-18
 4499.279978  9.802368e-18
 4501.339978  8.149573e-18
 4503.399978  9.493333e-18
 4505.459978  1.054786e-17
 4507.519978  1.034014e-17
 4509.579978  8.213276e-18
 4511.639977  8.033362e-18
 4513.699977  1.017904e-17
 4515.759977  1.017034e-17
 4517.819977  8.628754e-18
 4519.879977  8.817664e-18
 4521.939977  1.002133e-17
 4523.999977  1.046055e-17
 4526.059977  1.008907e-17
 4528.119977  8.670879e-18
 4530.179977  7.981582e-18
 4532.239977  6.863423e-18
 4534.299977  5.851515e-18
 4536.359977  4.366128e-18
 4538.419977  1.001090e-17
 4540.479977  9.162503e-18
 4542.539977  8.320906e-18
 4544.599977  9.916250e-18
 4546.659976  9.246749e-18
 4548.719976  1.078246e-17
 4550.779976  1.092866e-17
 4552.839976  9.366376e-18
 4554.899976  9.848640e-18
 4556.959976  8.882634e-18
 4559.019976  8.977960e-18
 4561.079976  8.572040e-18
 4563.139976  1.021852e-17
 4565.199976  1.007767e-17
 4567.259976  7.923468e-18
 4569.319976  1.007838e-17
 4571.379976  1.171652e-17
 4573.439976  1.076357e-17
 4575.499976  9.810772e-18
 4577.559976  1.025627e-17
 4579.619976  9.874811e-18
 4581.679976  8.970285e-18
 4583.739975  9.008051e-18
 4585.799975  1.056837e-17
 4587.859975  8.836273e-18
 4589.919975  9.241794e-18
 4591.979975  1.011914e-17
 4594.039975  9.885899e-18
 4596.099975  1.000775e-17
 4598.159975  1.050344e-17
 4600.219975  9.703781e-18
 4602.279975  9.441325e-18
 4604.339975  1.012970e-17
 4606.399975  1.011010e-17
 4608.459975  9.461683e-18
 4610.519975  9.835522e-18
 4612.579975  9.367464e-18
 4614.639975  1.033995e-17
 4616.699975  9.708141e-18
 4618.759974  9.613041e-18
 4620.819974  1.099490e-17
 4622.879974  9.172809e-18
 4624.939974  8.446975e-18
 4626.999974  9.418387e-18
 4629.059974  9.065560e-18
 4631.119974  1.044227e-17
 4633.179974  9.199445e-18
 4635.239974  1.003400e-17
 4637.299974  1.003323e-17
 4639.359974  9.259279e-18
 4641.419974  9.157964e-18
 4643.479974  9.085782e-18
 4645.539974  9.046883e-18
 4647.599974  1.017217e-17
 4649.659974  9.695729e-18
 4651.719974  9.903340e-18
 4653.779974  9.674235e-18
 4655.839973  1.060833e-17
 4657.899973  9.718428e-18
 4659.959973  1.133176e-17
 4662.019973  9.893775e-18
 4664.079973  1.060114e-17
 4666.139973  9.566513e-18
 4668.199973  9.807283e-18
 4670.259973  1.044281e-17
 4672.319973  1.070234e-17
 4674.379973  1.002626e-17
 4676.439973  9.636871e-18
 4678.499973  9.801171e-18
 4680.559973  1.063797e-17
 4682.619973  1.069354e-17
 4684.679973  9.396918e-18
 4686.739973  1.167787e-17
 4688.799973  9.719339e-18
 4690.859972  9.541940e-18
 4692.919972  9.778277e-18
 4694.979972  1.014931e-17
 4697.039972  1.075617e-17
 4699.099972  1.073833e-17
 4701.159972  1.026984e-17
 4703.219972  1.093471e-17
 4705.279972  1.081967e-17
 4707.339972  1.098896e-17
 4709.399972  1.103308e-17
 4711.459972  1.014012e-17
 4713.519972  1.044138e-17
 4715.579972  1.134499e-17
 4717.639972  1.009530e-17
 4719.699972  1.117332e-17
 4721.759972  1.008716e-17
 4723.819972  9.940743e-18
 4725.879972  1.056837e-17
 4727.939971  1.011865e-17
 4729.999971  1.103736e-17
 4732.059971  1.164977e-17
 4734.119971  1.054160e-17
 4736.179971  1.020091e-17
 4738.239971  1.063295e-17
 4740.299971  1.140177e-17
 4742.359971  1.005512e-17
 4744.419971  1.183515e-17
 4746.479971  9.965038e-18
 4748.539971  1.053345e-17
 4750.599971  1.059208e-17
 4752.659971  1.143015e-17
 4754.719971  1.158057e-17
 4756.779971  1.158493e-17
 4758.839971  1.140604e-17
 4760.899971  1.140414e-17
 4762.959970  1.064677e-17
 4765.019970  1.012204e-17
 4767.079970  9.865828e-18
 4769.139970  1.022496e-17
 4771.199970  1.005732e-17
 4773.259970  1.017266e-17
 4775.319970  8.688038e-18
 4777.379970  9.356989e-18
 4779.439970  1.019371e-17
 4781.499970  1.035465e-17
 4783.559970  9.720510e-18
 4785.619970  9.986580e-18
 4787.679970  1.075711e-17
 4789.739970  1.060492e-17
 4791.799970  1.122574e-17
 4793.859970  9.977145e-18
 4795.919970  1.090747e-17
 4797.979970  1.243785e-17
 4800.039969  1.080120e-17
 4802.099969  1.015057e-17
 4804.159969  1.164017e-17
 4806.219969  1.128524e-17
 4808.279969  1.003877e-17
 4810.339969  9.813491e-18
 4812.399969  1.107461e-17
 4814.459969  1.113705e-17
 4816.519969  1.130023e-17
 4818.579969  1.043546e-17
 4820.639969  1.110694e-17
 4822.699969  1.155798e-17
 4824.759969  1.281578e-17
 4826.819969  1.143522e-17
 4828.879969  1.216806e-17
 4830.939969  1.144530e-17
 4832.999969  1.059490e-17
 4835.059968  1.195864e-17
 4837.119968  1.178097e-17
 4839.179968  1.097250e-17
 4841.239968  1.095680e-17
 4843.299968  1.175629e-17
 4845.359968  1.083074e-17
 4847.419968  1.202568e-17
 4849.479968  1.082429e-17
 4851.539968  1.145850e-17
 4853.599968  1.208342e-17
 4855.659968  1.117135e-17
 4857.719968  1.121954e-17
 4859.779968  1.038123e-17
 4861.839968  1.154539e-17
 4863.899968  1.169145e-17
 4865.959968  1.081729e-17
 4868.019968  1.041521e-17
 4870.079967  1.159621e-17
 4872.139967  1.122773e-17
 4874.199967  1.140550e-17
 4876.259967  1.201160e-17
 4878.319967  1.115649e-17
 4880.379967  1.115666e-17
 4882.439967  1.222458e-17
 4884.499967  1.121264e-17
 4886.559967  1.095022e-17
 4888.619967  1.123969e-17
 4890.679967  1.189035e-17
 4892.739967  1.112530e-17
 4894.799967  1.115785e-17
 4896.859967  1.081741e-17
 4898.919967  1.168727e-17
 4900.979967  1.243846e-17
 4903.039967  1.142649e-17
 4905.099967  1.203470e-17
 4907.159966  1.158029e-17
 4909.219966  1.175509e-17
 4911.279966  1.215227e-17
 4913.339966  1.171372e-17
 4915.399966  1.205217e-17
 4917.459966  1.243469e-17
 4919.519966  1.193392e-17
 4921.579966  1.174135e-17
 4923.639966  1.156850e-17
 4925.699966  1.271633e-17
 4927.759966  1.277567e-17
 4929.819966  1.209462e-17
 4931.879966  1.133156e-17
 4933.939966  1.221768e-17
 4935.999966  1.283506e-17
 4938.059966  1.201764e-17
 4940.119966  1.200397e-17
 4942.179965  1.102309e-17
 4944.239965  1.273487e-17
 4946.299965  1.219106e-17
 4948.359965  1.135829e-17
 4950.419965  1.183973e-17
 4952.479965  1.172624e-17
 4954.539965  1.128188e-17
 4956.599965  1.177752e-17
 4958.659965  1.149362e-17
 4960.719965  1.056641e-17
 4962.779965  1.149383e-17
 4964.839965  1.151829e-17
 4966.899965  1.177831e-17
 4968.959965  1.056769e-17
 4971.019965  9.907388e-18
 4973.079965  1.104457e-17
 4975.139965  1.235276e-17
 4977.199965  1.264051e-17
 4979.259964  1.175693e-17
 4981.319964  1.144282e-17
 4983.379964  1.245483e-17
 4985.439964  1.208422e-17
 4987.499964  1.241511e-17
 4989.559964  1.236557e-17
 4991.619964  1.195271e-17
 4993.679964  1.281488e-17
 4995.739964  1.246966e-17
 4997.799964  1.146159e-17
 4999.859964  1.163880e-17
 5001.919964  1.185216e-17
 5003.979964  1.190813e-17
 5006.039964  1.173836e-17
 5008.099964  1.179252e-17
 5010.159964  1.264088e-17
 5012.219964  1.194988e-17
 5014.279963  1.146660e-17
 5016.339963  1.221788e-17
 5018.399963  1.192649e-17
 5020.459963  1.209478e-17
 5022.519963  1.272317e-17
 5024.579963  1.133757e-17
 5026.639963  1.201849e-17
 5028.699963  1.225325e-17
 5030.759963  1.271377e-17
 5032.819963  1.244306e-17
 5034.879963  1.200844e-17
 5036.939963  1.233876e-17
 5038.999963  1.211151e-17
 5041.059963  1.232654e-17
 5043.119963  1.202330e-17
 5045.179963  1.153088e-17
 5047.239963  1.233179e-17
 5049.299963  1.246711e-17
 5051.359962  1.205317e-17
 5053.419962  1.189535e-17
 5055.479962  1.091601e-17
 5057.539962  1.113453e-17
 5059.599962  1.219929e-17
 5061.659962  1.276587e-17
 5063.719962  1.294039e-17
 5065.779962  1.221262e-17
 5067.839962  1.287705e-17
 5069.899962  1.182968e-17
 5071.959962  1.160032e-17
 5074.019962  1.247905e-17
 5076.079962  1.266322e-17
 5078.139962  1.368368e-17
 5080.199962  1.225588e-17
 5082.259962  1.169926e-17
 5084.319962  1.297906e-17
 5086.379961  1.278431e-17
 5088.439961  1.279470e-17
 5090.499961  1.324251e-17
 5092.559961  1.279311e-17
 5094.619961  1.241741e-17
 5096.679961  1.199069e-17
 5098.739961  1.189781e-17
 5100.799961  1.262830e-17
 5102.859961  1.249695e-17
 5104.919961  1.297401e-17
 5106.979961  1.301865e-17
 5109.039961  1.237876e-17
 5111.099961  1.277749e-17
 5113.159961  1.295013e-17
 5115.219961  1.305311e-17
 5117.279961  1.192159e-17
 5119.339961  1.239003e-17
 5121.399961  1.221288e-17
 5123.459960  1.230228e-17
 5125.519960  1.271734e-17
 5127.579960  1.300768e-17
 5129.639960  1.295934e-17
 5131.699960  1.207983e-17
 5133.759960  1.346713e-17
 5135.819960  1.374271e-17
 5137.879960  1.227225e-17
 5139.939960  1.241745e-17
 5141.999960  1.243601e-17
 5144.059960  1.195391e-17
 5146.119960  1.305732e-17
 5148.179960  1.236791e-17
 5150.239960  1.256309e-17
 5152.299960  1.283605e-17
 5154.359960  1.257000e-17
 5156.419960  1.273901e-17
 5158.479959  1.257072e-17
 5160.539959  1.186433e-17
 5162.599959  1.289029e-17
 5164.659959  1.402926e-17
 5166.719959  1.329029e-17
 5168.779959  1.278777e-17
 5170.839959  1.318068e-17
 5172.899959  1.312767e-17
 5174.959959  1.346646e-17
 5177.019959  1.333167e-17
 5179.079959  1.351883e-17
 5181.139959  1.212004e-17
 5183.199959  1.420339e-17
 5185.259959  1.283936e-17
 5187.319959  1.210289e-17
 5189.379959  1.258610e-17
 5191.439959  1.357867e-17
 5193.499959  1.263900e-17
 5195.559958  1.306296e-17
 5197.619958  1.432603e-17
 5199.679958  1.170434e-17
 5201.739958  1.342304e-17
 5203.799958  1.368483e-17
 5205.859958  1.311576e-17
 5207.919958  1.286223e-17
 5209.979958  1.303310e-17
 5212.039958  1.297221e-17
 5214.099958  1.328850e-17
 5216.159958  1.356475e-17
 5218.219958  1.297205e-17
 5220.279958  1.306629e-17
 5222.339958  1.375447e-17
 5224.399958  1.386214e-17
 5226.459958  1.328195e-17
 5228.519958  1.347549e-17
 5230.579957  1.281515e-17
 5232.639957  1.235270e-17
 5234.699957  1.255121e-17
 5236.759957  1.274534e-17
 5238.819957  1.376309e-17
 5240.879957  1.329463e-17
 5242.939957  1.360353e-17
 5244.999957  1.365970e-17
 5247.059957  1.305558e-17
 5249.119957  1.293730e-17
 5251.179957  1.326523e-17
 5253.239957  1.236976e-17
 5255.299957  1.278834e-17
 5257.359957  1.337774e-17
 5259.419957  1.256553e-17
 5261.479957  1.210060e-17
 5263.539957  1.329307e-17
 5265.599957  1.291334e-17
 5267.659956  1.300482e-17
 5269.719956  1.385246e-17
 5271.779956  1.328288e-17
 5273.839956  1.336656e-17
 5275.899956  1.372539e-17
 5277.959956  1.325345e-17
 5280.019956  1.332360e-17
 5282.079956  1.300902e-17
 5284.139956  1.363914e-17
 5286.199956  1.399456e-17
 5288.259956  1.386144e-17
 5290.319956  1.419518e-17
 5292.379956  1.365413e-17
 5294.439956  1.272616e-17
 5296.499956  1.365924e-17
 5298.559956  1.422165e-17
 5300.619956  1.337968e-17
 5302.679955  1.333223e-17
 5304.739955  1.443453e-17
 5306.799955  1.448878e-17
 5308.859955  1.431756e-17
 5310.919955  1.456928e-17
 5312.979955  1.369619e-17
 5315.039955  1.390590e-17
 5317.099955  1.326086e-17
 5319.159955  1.353976e-17
 5321.219955  1.389363e-17
 5323.279955  1.431936e-17
 5325.339955  1.304438e-17
 5327.399955  1.434278e-17
 5329.459955  1.402262e-17
 5331.519955  1.383787e-17
 5333.579955  1.364020e-17
 5335.639955  1.391954e-17
 5337.699955  1.344418e-17
 5339.759954  1.462773e-17
 5341.819954  1.468449e-17
 5343.879954  1.445599e-17
 5345.939954  1.387693e-17
 5347.999954  1.377512e-17
 5350.059954  1.337141e-17
 5352.119954  1.337296e-17
 5354.179954  1.389703e-17
 5356.239954  1.403422e-17
 5358.299954  1.351804e-17
 5360.359954  1.471741e-17
 5362.419954  1.330751e-17
 5364.479954  1.428280e-17
 5366.539954  1.329786e-17
 5368.599954  1.489961e-17
 5370.659954  1.364243e-17
 5372.719954  1.451286e-17
 5374.779953  1.493267e-17
 5376.839953  1.438473e-17
 5378.899953  1.400862e-17
 5380.959953  1.408317e-17
 5383.019953  1.482004e-17
 5385.079953  1.466451e-17
 5387.139953  1.448872e-17
 5389.199953  1.394854e-17
 5391.259953  1.378047e-17
 5393.319953  1.440629e-17
 5395.379953  1.413553e-17
 5397.439953  1.507282e-17
 5399.499953  1.569360e-17
 5401.559953  1.453910e-17
 5403.619953  1.480649e-17
 5405.679953  1.483430e-17
 5407.739953  1.433239e-17
 5409.799953  1.404535e-17
 5411.859952  1.444906e-17
 5413.919952  1.412552e-17
 5415.979952  1.284709e-17
 5418.039952  1.508518e-17
 5420.099952  1.421512e-17
 5422.159952  1.491954e-17
 5424.219952  1.488662e-17
 5426.279952  1.466995e-17
 5428.339952  1.440448e-17
 5430.399952  1.443749e-17
 5432.459952  1.435312e-17
 5434.519952  1.498174e-17
 5436.579952  1.448950e-17
 5438.639952  1.454847e-17
 5440.699952  1.440807e-17
 5442.759952  1.494754e-17
 5444.819952  1.531432e-17
 5446.879951  1.450619e-17
 5448.939951  1.463933e-17
 5450.999951  1.437925e-17
 5453.059951  1.583701e-17
 5455.119951  1.519678e-17
 5457.179951  1.549676e-17
 5459.239951  1.465679e-17
 5461.299951  1.503217e-17
 5463.359951  1.602408e-17
 5465.419951  1.614524e-17
 5467.479951  1.497655e-17
 5469.539951  1.468085e-17
 5471.599951  1.526160e-17
 5473.659951  1.515671e-17
 5475.719951  1.478115e-17
 5477.779951  1.497373e-17
 5479.839951  1.518151e-17
 5481.899951  1.498383e-17
 5483.959950  1.498717e-17
 5486.019950  1.497280e-17
 5488.079950  1.471176e-17
 5490.139950  1.568183e-17
 5492.199950  1.560759e-17
 5494.259950  1.560354e-17
 5496.319950  1.513078e-17
 5498.379950  1.593953e-17
 5500.439950  1.638654e-17
 5502.499950  1.476067e-17
 5504.559950  1.445685e-17
 5506.619950  1.498923e-17
 5508.679950  1.519958e-17
 5510.739950  1.581502e-17
 5512.799950  1.532321e-17
 5514.859950  1.495840e-17
 5516.919950  1.527783e-17
 5518.979949  1.508509e-17
 5521.039949  1.600156e-17
 5523.099949  1.578738e-17
 5525.159949  1.464315e-17
 5527.219949  1.520638e-17
 5529.279949  1.590695e-17
 5531.339949  1.587310e-17
 5533.399949  1.486478e-17
 5535.459949  1.589842e-17
 5537.519949  1.641287e-17
 5539.579949  1.472215e-17
 5541.639949  1.566988e-17
 5543.699949  1.665262e-17
 5545.759949  1.610647e-17
 5547.819949  1.589996e-17
 5549.879949  1.553705e-17
 5551.939949  1.586917e-17
 5553.999949  1.567682e-17
 5556.059948  1.544405e-17
 5558.119948  1.485095e-17
 5560.179948  1.521433e-17
 5562.239948  1.552090e-17
 5564.299948  1.583509e-17
 5566.359948  1.485856e-17
 5568.419948  1.636021e-17
 5570.479948  1.541190e-17
 5572.539948  1.704611e-17
 5574.599948  1.700979e-17
 5576.659948  1.731647e-17
 5578.719948  1.598781e-17
 5580.779948  1.712371e-17
 5582.839948  1.630120e-17
 5584.899948  1.572506e-17
 5586.959948  1.558709e-17
 5589.019948  1.564364e-17
 5591.079947  1.502928e-17
 5593.139947  1.577003e-17
 5595.199947  1.676288e-17
 5597.259947  1.610959e-17
 5599.319947  1.660327e-17
 5601.379947  1.651615e-17
 5603.439947  1.544724e-17
 5605.499947  1.616699e-17
 5607.559947  1.716099e-17
 5609.619947  1.619964e-17
 5611.679947  1.577749e-17
 5613.739947  1.623897e-17
 5615.799947  1.567459e-17
 5617.859947  1.635127e-17
 5619.919947  1.625600e-17
 5621.979947  1.636810e-17
 5624.039947  1.603030e-17
 5626.099946  1.588980e-17
 5628.159946  1.519059e-17
 5630.219946  1.617128e-17
 5632.279946  1.729842e-17
 5634.339946  1.615347e-17
 5636.399946  1.648639e-17
 5638.459946  1.673588e-17
 5640.519946  1.561065e-17
 5642.579946  1.643433e-17
 5644.639946  1.679177e-17
 5646.699946  1.655108e-17
 5648.759946  1.689611e-17
 5650.819946  1.687638e-17
 5652.879946  1.637489e-17
 5654.939946  1.589437e-17
 5656.999946  1.792823e-17
 5659.059946  1.667043e-17
 5661.119946  1.609828e-17
 5663.179945  1.684347e-17
 5665.239945  1.632149e-17
 5667.299945  1.651832e-17
 5669.359945  1.661671e-17
 5671.419945  1.649489e-17
 5673.479945  1.635200e-17
 5675.539945  1.641814e-17
 5677.599945  1.661466e-17
 5679.659945  1.655843e-17
 5681.719945  1.596480e-17
 5683.779945  1.669530e-17
 5685.839945  1.711872e-17
 5687.899945  1.605427e-17
 5689.959945  1.676781e-17
 5692.019945  1.737292e-17
 5694.079945  1.624645e-17
 5696.139945  1.645163e-17
 5698.199944  1.674063e-17
 5700.259944  1.632724e-17
 5702.319944  1.565142e-17
 5704.379944  1.695821e-17
 5706.439944  1.602033e-17
 5708.499944  1.685373e-17
 5710.559944  1.715562e-17
 5712.619944  1.706110e-17
 5714.679944  1.653972e-17
 5716.739944  1.618742e-17
 5718.799944  1.656331e-17
 5720.859944  1.699992e-17
 5722.919944  1.725883e-17
 5724.979944  1.719565e-17
 5727.039944  1.738898e-17
 5729.099944  1.757250e-17
 5731.159944  1.619318e-17
 5733.219944  1.701863e-17
 5735.279943  1.698915e-17
 5737.339943  1.647146e-17
 5739.399943  1.654780e-17
 5741.459943  1.726546e-17
 5743.519943  1.745827e-17
 5745.579943  1.695484e-17
 5747.639943  1.675576e-17
 5749.699943  1.814933e-17
 5751.759943  1.692679e-17
 5753.819943  1.699749e-17
 5755.879943  1.763066e-17
 5757.939943  1.657164e-17
 5759.999943  1.705122e-17
 5762.059943  1.766664e-17
 5764.119943  1.586083e-17
 5766.179943  1.683711e-17
 5768.239943  1.786465e-17
 5770.299942  1.739167e-17
 5772.359942  1.654415e-17
 5774.419942  1.820425e-17
 5776.479942  1.652379e-17
 5778.539942  1.694839e-17
 5780.599942  1.751687e-17
 5782.659942  1.734699e-17
 5784.719942  1.685021e-17
 5786.779942  1.719894e-17
 5788.839942  1.685647e-17
 5790.899942  1.693800e-17
 5792.959942  1.808469e-17
 5795.019942  1.772621e-17
 5797.079942  1.692212e-17
 5799.139942  1.774263e-17
 5801.199942  1.716597e-17
 5803.259942  1.791641e-17
 5805.319942  1.804746e-17
 5807.379941  1.701657e-17
 5809.439941  1.767711e-17
 5811.499941  1.715916e-17
 5813.559941  1.743309e-17
 5815.619941  1.701305e-17
 5817.679941  1.759237e-17
 5819.739941  1.680432e-17
 5821.799941  1.736801e-17
 5823.859941  1.837538e-17
 5825.919941  1.759812e-17
 5827.979941  1.761929e-17
 5830.039941  1.717317e-17
 5832.099941  1.747203e-17
 5834.159941  1.856891e-17
 5836.219941  1.758970e-17
 5838.279941  1.728398e-17
 5840.339941  1.755106e-17
 5842.399940  1.765000e-17
 5844.459940  1.817524e-17
 5846.519940  1.796954e-17
 5848.579940  1.779342e-17
 5850.639940  1.671325e-17
 5852.699940  1.738654e-17
 5854.759940  1.783869e-17
 5856.819940  1.818554e-17
 5858.879940  1.734567e-17
 5860.939940  1.713727e-17
 5862.999940  1.778773e-17
 5865.059940  1.770650e-17
 5867.119940  1.727616e-17
 5869.179940  1.731097e-17
 5871.239940  1.757279e-17
 5873.299940  1.745012e-17
 5875.359940  1.804154e-17
 5877.419940  1.783104e-17
 5879.479939  1.755135e-17
 5881.539939  1.818932e-17
 5883.599939  1.807793e-17
 5885.659939  1.742240e-17
 5887.719939  1.615625e-17
 5889.779939  1.816937e-17
 5891.839939  1.614150e-17
 5893.899939  2.041686e-17
 5895.959939  1.804046e-17
 5898.019939  1.737177e-17
 5900.079939  1.785130e-17
 5902.139939  1.784331e-17
 5904.199939  1.787675e-17
 5906.259939  1.817744e-17
 5908.319939  1.689335e-17
 5910.379939  1.711433e-17
 5912.439939  1.800902e-17
 5914.499938  1.727651e-17
 5916.559938  1.772928e-17
 5918.619938  1.746443e-17
 5920.679938  1.728824e-17
 5922.739938  1.817393e-17
 5924.799938  1.802851e-17
 5926.859938  1.804917e-17
 5928.919938  1.835949e-17
 5930.979938  1.830537e-17
 5933.039938  1.870655e-17
 5935.099938  1.800099e-17
 5937.159938  1.696088e-17
 5939.219938  1.801154e-17
 5941.279938  1.840243e-17
 5943.339938  1.817461e-17
 5945.399938  1.841335e-17
 5947.459938  1.764479e-17
 5949.519938  1.764478e-17
 5951.579937  1.876859e-17
 5953.639937  1.835657e-17
 5955.699937  1.847023e-17
 5957.759937  1.925708e-17
 5959.819937  1.887126e-17
 5961.879937  1.848016e-17
 5963.939937  1.813340e-17
 5965.999937  1.798586e-17
 5968.059937  1.799618e-17
 5970.119937  1.794426e-17
 5972.179937  1.770915e-17
 5974.239937  1.921563e-17
 5976.299937  1.788418e-17
 5978.359937  1.823899e-17
 5980.419937  1.763707e-17
 5982.479937  1.759436e-17
 5984.539937  1.869902e-17
 5986.599936  1.847183e-17
 5988.659936  1.861308e-17
 5990.719936  1.914186e-17
 5992.779936  1.869321e-17
 5994.839936  1.850950e-17
 5996.899936  1.738735e-17
 5998.959936  1.802584e-17
 6001.019936  1.910809e-17
 6003.079936  1.837463e-17
 6005.139936  1.774314e-17
 6007.199936  1.926717e-17
 6009.259936  1.952199e-17
 6011.319936  1.844439e-17
 6013.379936  1.821744e-17
 6015.439936  1.878230e-17
 6017.499936  1.904497e-17
 6019.559936  1.799742e-17
 6021.619936  1.802092e-17
 6023.679935  1.814669e-17
 6025.739935  1.885910e-17
 6027.799935  1.905765e-17
 6029.859935  1.845862e-17
 6031.919935  1.930986e-17
 6033.979935  1.831674e-17
 6036.039935  1.753688e-17
 6038.099935  1.871791e-17
 6040.159935  1.913171e-17
 6042.219935  1.820110e-17
 6044.279935  1.841985e-17
 6046.339935  1.844592e-17
 6048.399935  1.911055e-17
 6050.459935  2.007522e-17
 6052.519935  1.962366e-17
 6054.579935  1.926103e-17
 6056.639935  1.894708e-17
 6058.699934  1.830646e-17
 6060.759934  1.986122e-17
 6062.819934  1.861162e-17
 6064.879934  1.877621e-17
 6066.939934  1.946889e-17
 6068.999934  1.910698e-17
 6071.059934  1.885022e-17
 6073.119934  1.866637e-17
 6075.179934  1.861950e-17
 6077.239934  1.964606e-17
 6079.299934  1.880155e-17
 6081.359934  1.884798e-17
 6083.419934  1.906866e-17
 6085.479934  1.950785e-17
 6087.539934  1.983754e-17
 6089.599934  1.911725e-17
 6091.659934  1.957074e-17
 6093.719934  1.939855e-17
 6095.779933  1.907944e-17
 6097.839933  1.955531e-17
 6099.899933  1.941193e-17
 6101.959933  1.805123e-17
 6104.019933  1.887957e-17
 6106.079933  1.913204e-17
 6108.139933  2.000766e-17
 6110.199933  1.987953e-17
 6112.259933  1.840731e-17
 6114.319933  1.850235e-17
 6116.379933  1.886899e-17
 6118.439933  1.920712e-17
 6120.499933  1.836073e-17
 6122.559933  1.903069e-17
 6124.619933  2.029280e-17
 6126.679933  1.925166e-17
 6128.739933  1.963798e-17
 6130.799932  1.855330e-17
 6132.859932  1.942880e-17
 6134.919932  1.917225e-17
 6136.979932  1.900052e-17
 6139.039932  1.883127e-17
 6141.099932  1.964254e-17
 6143.159932  1.940914e-17
 6145.219932  1.975503e-17
 6147.279932  1.962396e-17
 6149.339932  1.892182e-17
 6151.399932  1.953073e-17
 6153.459932  1.928619e-17
 6155.519932  2.009234e-17
 6157.579932  1.908427e-17
 6159.639932  1.833329e-17
 6161.699932  1.829006e-17
 6163.759932  1.914803e-17
 6165.819932  1.983840e-17
 6167.879931  1.920412e-17
 6169.939931  1.857327e-17
 6171.999931  1.929328e-17
 6174.059931  2.006395e-17
 6176.119931  1.893945e-17
 6178.179931  1.952495e-17
 6180.239931  1.859718e-17
 6182.299931  2.008492e-17
 6184.359931  1.945943e-17
 6186.419931  1.963493e-17
 6188.479931  1.863158e-17
 6190.539931  1.889589e-17
 6192.599931  1.940578e-17
 6194.659931  1.919409e-17
 6196.719931  1.938849e-17
 6198.779931  1.913101e-17
 6200.839931  1.901638e-17
 6202.899930  2.010201e-17
 6204.959930  1.955306e-17
 6207.019930  1.921151e-17
 6209.079930  1.919477e-17
 6211.139930  1.917118e-17
 6213.199930  1.940831e-17
 6215.259930  1.993439e-17
 6217.319930  2.047092e-17
 6219.379930  1.958979e-17
 6221.439930  1.905753e-17
 6223.499930  1.955218e-17
 6225.559930  1.976294e-17
 6227.619930  1.975773e-17
 6229.679930  1.773221e-17
 6231.739930  1.730089e-17
 6233.799930  1.837059e-17
 6235.859930  1.895300e-17
 6237.919930  2.023422e-17
 6239.979929  2.061505e-17
 6242.039929  2.000192e-17
 6244.099929  1.954691e-17
 6246.159929  1.965151e-17
 6248.219929  1.911732e-17
 6250.279929  1.897528e-17
 6252.339929  1.835468e-17
 6254.399929  1.981907e-17
 6256.459929  1.937403e-17
 6258.519929  1.925151e-17
 6260.579929  1.855631e-17
 6262.639929  1.913009e-17
 6264.699929  1.972679e-17
 6266.759929  1.999798e-17
 6268.819929  2.048650e-17
 6270.879929  1.987550e-17
 6272.939929  1.879514e-17
 6274.999928  1.858338e-17
 6277.059928  1.944765e-17
 6279.119928  1.745111e-17
 6281.179928  1.869333e-17
 6283.239928  1.823544e-17
 6285.299928  1.931590e-17
 6287.359928  1.962012e-17
 6289.419928  1.921251e-17
 6291.479928  1.920596e-17
 6293.539928  1.878159e-17
 6295.599928  1.879247e-17
 6297.659928  1.722165e-17
 6299.719928  1.912189e-17
 6301.779928  1.903663e-17
 6303.839928  1.981567e-17
 6305.899928  1.999212e-17
 6307.959928  1.817788e-17
 6310.019928  1.820340e-17
 6312.079927  1.904467e-17
 6314.139927  1.924508e-17
 6316.199927  1.930141e-17
 6318.259927  1.916936e-17
 6320.319927  1.937018e-17
 6322.379927  1.875814e-17
 6324.439927  1.932467e-17
 6326.499927  1.912505e-17
 6328.559927  1.855479e-17
 6330.619927  1.865863e-17
 6332.679927  1.893291e-17
 6334.739927  1.939578e-17
 6336.799927  1.949762e-17
 6338.859927  1.962508e-17
 6340.919927  1.908444e-17
 6342.979927  1.944947e-17
 6345.039927  1.919381e-17
 6347.099926  1.799314e-17
 6349.159926  1.633301e-17
 6351.219926  1.660308e-17
 6353.279926  1.683933e-17
 6355.339926  1.730215e-17
 6357.399926  1.746133e-17
 6359.459926  1.804290e-17
 6361.519926  1.855290e-17
 6363.579926  1.874973e-17
 6365.639926  1.893086e-17
 6367.699926  1.902877e-17
 6369.759926  1.930052e-17
 6371.819926  1.943317e-17
 6373.879926  1.897960e-17
 6375.939926  1.866651e-17
 6377.999926  1.920986e-17
 6380.059926  1.926440e-17
 6382.119925  1.924638e-17
 6384.179925  2.038804e-17
 6386.239925  1.980307e-17
 6388.299925  1.918521e-17
 6390.359925  1.959141e-17
 6392.419925  2.017532e-17
 6394.479925  1.886062e-17
 6396.539925  1.892151e-17
 6398.599925  1.953277e-17
 6400.659925  1.981112e-17
 6402.719925  1.974560e-17
 6404.779925  1.995021e-17
 6406.839925  1.981599e-17
 6408.899925  2.005239e-17
 6410.959925  1.970073e-17
 6413.019925  1.975061e-17
 6415.079925  1.931228e-17
 6417.139925  1.940225e-17
 6419.199924  1.987337e-17
 6421.259924  1.911002e-17
 6423.319924  1.899211e-17
 6425.379924  2.007252e-17
 6427.439924  1.911348e-17
 6429.499924  1.946545e-17
 6431.559924  1.884084e-17
 6433.619924  1.820565e-17
 6435.679924  1.867403e-17
 6437.739924  1.850518e-17
 6439.799924  1.911131e-17
 6441.859924  1.985217e-17
 6443.919924  1.989645e-17
 6445.979924  1.963631e-17
 6448.039924  1.913166e-17
 6450.099924  1.944338e-17
 6452.159924  1.976806e-17
 6454.219923  1.847147e-17
 6456.279923  1.943224e-17
 6458.339923  2.017331e-17
 6460.399923  1.893946e-17
 6462.459923  1.860166e-17
 6464.519923  2.028378e-17
 6466.579923  2.081383e-17
 6468.639923  1.816496e-17
 6470.699923  1.817848e-17
 6472.759923  1.974983e-17
 6474.819923  1.862209e-17
 6476.879923  1.910675e-17
 6478.939923  1.870061e-17
 6480.999923  1.848843e-17
 6483.059923  1.891621e-17
 6485.119923  1.944096e-17
 6487.179923  1.838981e-17
 6489.239923  1.892959e-17
 6491.299922  1.965722e-17
 6493.359922  1.883677e-17
 6495.419922  1.905016e-17
 6497.479922  1.927525e-17
 6499.539922  1.897647e-17
 6501.599922  1.912884e-17
 6503.659922  1.941345e-17
 6505.719922  1.944911e-17
 6507.779922  1.971677e-17
 6509.839922  1.919488e-17
 6511.899922  1.920192e-17
 6513.959922  1.982237e-17
 6516.019922  1.980540e-17
 6518.079922  1.847504e-17
 6520.139922  1.937569e-17
 6522.199922  1.928172e-17
 6524.259922  1.875354e-17
 6526.319921  1.938005e-17
 6528.379921  1.879331e-17
 6530.439921  1.861363e-17
 6532.499921  1.886530e-17
 6534.559921  1.895976e-17
 6536.619921  1.915262e-17
 6538.679921  1.886358e-17
 6540.739921  1.796021e-17
 6542.799921  1.821065e-17
 6544.859921  1.906024e-17
 6546.919921  1.887420e-17
 6548.979921  1.832262e-17
 6551.039921  1.933873e-17
 6553.099921  1.860914e-17
 6555.159921  1.836482e-17
 6557.219921  1.874783e-17
 6559.279921  1.890113e-17
 6561.339921  1.966450e-17
 6563.399920  1.911240e-17
 6565.459920  1.882529e-17
 6567.519920  1.902486e-17
 6569.579920  1.859959e-17
 6571.639920  1.970079e-17
 6573.699920  1.956698e-17
 6575.759920  1.848646e-17
 6577.819920  1.830152e-17
 6579.879920  1.894978e-17
 6581.939920  1.984615e-17
 6583.999920  1.926334e-17
 6586.059920  1.915617e-17
 6588.119920  1.960497e-17
 6590.179920  1.891735e-17
 6592.239920  1.856004e-17
 6594.299920  1.836614e-17
 6596.359920  1.915899e-17
 6598.419919  1.980737e-17
 6600.479919  1.888402e-17
 6602.539919  1.853858e-17
 6604.599919  1.901412e-17
 6606.659919  1.952289e-17
 6608.719919  1.941633e-17
 6610.779919  1.937875e-17
 6612.839919  1.946147e-17
 6614.899919  1.885239e-17
 6616.959919  1.934843e-17
 6619.019919  1.980773e-17
 6621.079919  1.936551e-17
 6623.139919  1.928208e-17
 6625.199919  1.943589e-17
 6627.259919  1.875131e-17
 6629.319919  1.880396e-17
 6631.379919  2.002552e-17
 6633.439919  1.938649e-17
 6635.499918  1.922143e-17
 6637.559918  1.908627e-17
 6639.619918  1.937493e-17
 6641.679918  1.935577e-17
 6643.739918  1.900095e-17
 6645.799918  1.904103e-17
 6647.859918  1.958440e-17
 6649.919918  1.815814e-17
 6651.979918  1.878136e-17
 6654.039918  1.820079e-17
 6656.099918  1.837333e-17
 6658.159918  1.842262e-17
 6660.219918  1.856644e-17
 6662.279918  1.918979e-17
 6664.339918  1.903131e-17
 6666.399918  1.890002e-17
 6668.459918  1.955626e-17
 6670.519917  1.872080e-17
 6672.579917  1.886222e-17
 6674.639917  1.971518e-17
 6676.699917  1.960901e-17
 6678.759917  1.891637e-17
 6680.819917  1.928940e-17
 6682.879917  1.892231e-17
 6684.939917  1.844985e-17
 6686.999917  1.907134e-17
 6689.059917  1.846056e-17
 6691.119917  1.840947e-17
 6693.179917  1.847148e-17
 6695.239917  1.940632e-17
 6697.299917  1.913012e-17
 6699.359917  1.815751e-17
 6701.419917  1.946338e-17
 6703.479917  1.969382e-17
 6705.539917  1.920737e-17
 6707.599916  1.958098e-17
 6709.659916  1.918554e-17
 6711.719916  1.914083e-17
 6713.779916  1.906796e-17
 6715.839916  1.889288e-17
 6717.899916  1.837271e-17
 6719.959916  1.873308e-17
 6722.019916  1.967914e-17
 6724.079916  1.836161e-17
 6726.139916  1.866430e-17
 6728.199916  1.857948e-17
 6730.259916  1.863708e-17
 6732.319916  1.865047e-17
 6734.379916  1.927074e-17
 6736.439916  1.932508e-17
 6738.499916  1.866113e-17
 6740.559916  1.957414e-17
 6742.619915  1.925164e-17
 6744.679915  1.885698e-17
 6746.739915  1.879553e-17
 6748.799915  1.906703e-17
 6750.859915  1.853023e-17
 6752.919915  1.815682e-17
 6754.979915  1.855825e-17
 6757.039915  1.848048e-17
 6759.099915  1.921224e-17
 6761.159915  1.816467e-17
 6763.219915  1.858015e-17
 6765.279915  1.857474e-17
 6767.339915  1.877413e-17
 6769.399915  1.861404e-17
 6771.459915  1.782316e-17
 6773.519915  1.721597e-17
 6775.579915  1.675154e-17
 6777.639915  1.754442e-17
 6779.699914  1.728294e-17
 6781.759914  1.804481e-17
 6783.819914  1.863622e-17
 6785.879914  1.910174e-17
 6787.939914  1.953621e-17
 6789.999914  1.882795e-17
 6792.059914  2.097322e-17
 6794.119914  2.913929e-17
 6796.179914  3.023524e-17
 6798.239914  2.016990e-17
 6800.299914  1.794126e-17
 6802.359914  1.937742e-17
 6804.419914  1.906595e-17
 6806.479914  1.858166e-17
 6808.539914  1.902070e-17
 6810.599914  1.924678e-17
 6812.659914  1.854566e-17
 6814.719913  1.822959e-17
 6816.779913  1.861346e-17
 6818.839913  1.904962e-17
 6820.899913  1.850706e-17
 6822.959913  1.812281e-17
 6825.019913  1.806143e-17
 6827.079913  1.814588e-17
 6829.139913  1.873614e-17
 6831.199913  1.878041e-17
 6833.259913  1.882983e-17
 6835.319913  1.907296e-17
 6837.379913  1.827998e-17
 6839.439913  1.818286e-17
 6841.499913  1.859737e-17
 6843.559913  1.907082e-17
 6845.619913  1.928478e-17
 6847.679913  1.906217e-17
 6849.739913  1.805900e-17
 6851.799912  1.861479e-17
 6853.859912  1.865806e-17
 6855.919912  1.909660e-17
 6857.979912  1.948095e-17
 6860.039912  1.867122e-17
 6862.099912  1.797099e-17
 6864.159912  1.669877e-17
 6866.219912  1.387468e-17
 6868.279912  1.286542e-17
 6870.339912  1.310962e-17
 6872.399912  1.432488e-17
 6874.459912  1.523866e-17
 6876.519912  1.614853e-17
 6878.579912  1.751847e-17
 6880.639912  1.799489e-17
 6882.699912  1.747288e-17
 6884.759912  1.690909e-17
 6886.819911  1.750696e-17
 6888.879911  1.662085e-17
 6890.939911  1.610205e-17
 6892.999911  1.632968e-17
 6895.059911  1.666838e-17
 6897.119911  1.785144e-17
 6899.179911  1.726404e-17
 6901.239911  1.651859e-17
 6903.299911  1.685886e-17
 6905.359911  1.779621e-17
 6907.419911  1.742787e-17
 6909.479911  1.733186e-17
 6911.539911  1.787364e-17
 6913.599911  1.753412e-17
 6915.659911  1.732752e-17
 6917.719911  1.828031e-17
 6919.779911  1.907096e-17
 6921.839911  1.837207e-17
 6923.899910  1.758617e-17
 6925.959910  1.770581e-17
 6928.019910  1.788321e-17
 6930.079910  1.778313e-17
 6932.139910  1.799125e-17
 6934.199910  1.890185e-17
 6936.259910  1.755634e-17
 6938.319910  1.682121e-17
 6940.379910  1.810551e-17
 6942.439910  1.815387e-17
 6944.499910  1.763819e-17
 6946.559910  1.818186e-17
 6948.619910  1.751716e-17
 6950.679910  1.895928e-17
 6952.739910  1.886503e-17
 6954.799910  1.802675e-17
 6956.859910  1.710783e-17
 6958.919909  1.757545e-17
 6960.979909  1.797254e-17
 6963.039909  1.817830e-17
 6965.099909  1.864989e-17
 6967.159909  1.889546e-17
 6969.219909  1.817771e-17
 6971.279909  1.865771e-17
 6973.339909  1.858395e-17
 6975.399909  1.861903e-17
 6977.459909  1.950195e-17
 6979.519909  1.902059e-17
 6981.579909  1.815662e-17
 6983.639909  1.901104e-17
 6985.699909  1.890725e-17
 6987.759909  1.840434e-17
 6989.819909  1.807432e-17
 6991.879909  1.822635e-17
 6993.939909  1.859236e-17
 6995.999908  1.884390e-17
 6998.059908  1.902708e-17
 7000.119908  1.843943e-17
 7002.179908  1.751864e-17
 7004.239908  1.864031e-17
 7006.299908  1.896615e-17
 7008.359908  1.834297e-17
 7010.419908  1.786461e-17
 7012.479908  1.823319e-17
 7014.539908  1.854865e-17
 7016.599908  1.775286e-17
 7018.659908  1.841540e-17
 7020.719908  1.888496e-17
 7022.779908  1.796820e-17
 7024.839908  1.760161e-17
 7026.899908  1.833046e-17
 7028.959908  1.890885e-17
 7031.019907  1.833768e-17
 7033.079907  1.811739e-17
 7035.139907  1.830103e-17
 7037.199907  1.767216e-17
 7039.259907  1.811358e-17
 7041.319907  1.882308e-17
 7043.379907  1.901290e-17
 7045.439907  1.850694e-17
 7047.499907  1.760240e-17
 7049.559907  1.784662e-17
 7051.619907  1.842629e-17
 7053.679907  1.827558e-17
 7055.739907  1.856290e-17
 7057.799907  1.896779e-17
 7059.859907  1.905498e-17
 7061.919907  1.859268e-17
 7063.979907  1.854196e-17
 7066.039907  1.906817e-17
 7068.099906  1.815113e-17
 7070.159906  1.850120e-17
 7072.219906  2.015686e-17
 7074.279906  2.130816e-17
 7076.339906  2.134453e-17
 7078.399906  2.066110e-17
 7080.459906  1.972702e-17
 7082.519906  1.946429e-17
 7084.579906  1.886777e-17
 7086.639906  1.877091e-17
 7088.699906  1.864669e-17
 7090.759906  1.846826e-17
 7092.819906  1.823569e-17
 7094.879906  1.918668e-17
 7096.939906  2.095223e-17
 7098.999906  1.962424e-17
 7101.059906  1.948884e-17
 7103.119905  1.857981e-17
 7105.179905  1.815042e-17
 7107.239905  1.863722e-17
 7109.299905  1.869839e-17
 7111.359905  1.838926e-17
 7113.419905  1.839311e-17
 7115.479905  1.848168e-17
 7117.539905  1.785155e-17
 7119.599905  1.849605e-17
 7121.659905  1.921680e-17
 7123.719905  1.924966e-17
 7125.779905  1.871542e-17
 7127.839905  1.830227e-17
 7129.899905  1.818951e-17
 7131.959905  1.881372e-17
 7134.019905  1.898021e-17
 7136.079905  1.853083e-17
 7138.139904  1.885948e-17
 7140.199904  1.856820e-17
 7142.259904  1.801253e-17
 7144.319904  1.831469e-17
 7146.379904  1.828203e-17
 7148.439904  1.872534e-17
 7150.499904  1.873082e-17
 7152.559904  1.843933e-17
 7154.619904  1.827501e-17
 7156.679904  1.759940e-17
 7158.739904  1.736865e-17
 7160.799904  1.761150e-17
 7162.859904  1.742556e-17
 7164.919904  1.790848e-17
 7166.979904  1.667644e-17
 7169.039904  1.551650e-17
 7171.099904  1.559977e-17
 7173.159904  1.623403e-17
 7175.219903  1.662443e-17
 7177.279903  1.655525e-17
 7179.339903  1.567552e-17
 7181.399903  1.491663e-17
 7183.459903  1.484761e-17
 7185.519903  1.512601e-17
 7187.579903  1.535510e-17
 7189.639903  1.525881e-17
 7191.699903  1.526883e-17
 7193.759903  1.572778e-17
 7195.819903  1.590533e-17
 7197.879903  1.654614e-17
 7199.939903  1.623958e-17
 7201.999903  1.608675e-17
 7204.059903  1.647115e-17
 7206.119903  1.696169e-17
 7208.179903  1.697083e-17
 7210.239902  1.680331e-17
 7212.299902  1.774190e-17
 7214.359902  1.744562e-17
 7216.419902  1.774922e-17
 7218.479902  1.797071e-17
 7220.539902  1.760896e-17
 7222.599902  1.723259e-17
 7224.659902  1.729638e-17
 7226.719902  1.727923e-17
 7228.779902  1.631483e-17
 7230.839902  1.527156e-17
 7232.899902  1.584146e-17
 7234.959902  1.662531e-17
 7237.019902  1.652244e-17
 7239.079902  1.709888e-17
 7241.139902  1.754507e-17
 7243.199902  1.664916e-17
 7245.259902  1.664152e-17
 7247.319901  1.628002e-17
 7249.379901  1.542659e-17
 7251.439901  1.519972e-17
 7253.499901  1.590127e-17
 7255.559901  1.677478e-17
 7257.619901  1.749864e-17
 7259.679901  1.699160e-17
 7261.739901  1.600900e-17
 7263.799901  1.583241e-17
 7265.859901  1.662043e-17
 7267.919901  1.716727e-17
 7269.979901  1.660136e-17
 7272.039901  1.560150e-17
 7274.099901  1.549537e-17
 7276.159901  1.672475e-17
 7278.219901  1.592042e-17
 7280.279901  1.765492e-17
 7282.339900  1.718082e-17
 7284.399900  1.615867e-17
 7286.459900  1.746826e-17
 7288.519900  1.550467e-17
 7290.579900  1.589882e-17
 7292.639900  1.604997e-17
 7294.699900  1.679319e-17
 7296.759900  1.683195e-17
 7298.819900  1.652221e-17
 7300.879900  1.608230e-17
 7302.939900  1.556174e-17
 7304.999900  1.631867e-17
 7307.059900  1.643671e-17
 7309.119900  1.614141e-17
 7311.179900  1.609610e-17
 7313.239900  1.548800e-17
 7315.299900  1.518126e-17
 7317.359900  1.742922e-17
 7319.419899  1.749013e-17
 7321.479899  1.725670e-17
 7323.539899  1.707612e-17
 7325.599899  1.737734e-17
 7327.659899  1.762086e-17
 7329.719899  1.738297e-17
 7331.779899  1.650670e-17
 7333.839899  1.646024e-17
 7335.899899  1.772864e-17
 7337.959899  1.756152e-17
 7340.019899  1.641050e-17
 7342.079899  1.643311e-17
 7344.139899  1.665094e-17
 7346.199899  1.721084e-17
 7348.259899  1.690019e-17
 7350.319899  1.659103e-17
 7352.379899  1.741333e-17
 7354.439898  1.658669e-17
 7356.499898  1.687340e-17
 7358.559898  1.692924e-17
 7360.619898  1.615683e-17
 7362.679898  1.676225e-17
 7364.739898  1.765587e-17
 7366.799898  1.700186e-17
 7368.859898  1.624543e-17
 7370.919898  1.582407e-17
 7372.979898  1.676412e-17
 7375.039898  1.707832e-17
 7377.099898  1.656412e-17
 7379.159898  1.683444e-17
 7381.219898  1.652221e-17
 7383.279898  1.630285e-17
 7385.339898  1.721734e-17
 7387.399898  1.691834e-17
 7389.459898  1.573634e-17
 7391.519897  1.628698e-17
 7393.579897  1.732117e-17
 7395.639897  1.676925e-17
 7397.699897  1.596221e-17
 7399.759897  1.680528e-17
 7401.819897  1.685309e-17
 7403.879897  1.735690e-17
 7405.939897  1.697251e-17
 7407.999897  1.574407e-17
 7410.059897  1.603675e-17
 7412.119897  1.667782e-17
 7414.179897  1.611060e-17
 7416.239897  1.609727e-17
 7418.299897  1.667634e-17
 7420.359897  1.702486e-17
 7422.419897  1.695871e-17
 7424.479897  1.707959e-17
 7426.539896  1.637640e-17
 7428.599896  1.573389e-17
 7430.659896  1.620555e-17
 7432.719896  1.609705e-17
 7434.779896  1.586051e-17
 7436.839896  1.633642e-17
 7438.899896  1.687425e-17
 7440.959896  1.744914e-17
 7443.019896  1.659424e-17
 7445.079896  1.712079e-17
 7447.139896  1.688218e-17
 7449.199896  1.629377e-17
 7451.259896  1.637523e-17
 7453.319896  1.665442e-17
 7455.379896  1.608911e-17
 7457.439896  1.603536e-17
 7459.499896  1.629646e-17
 7461.559896  1.607518e-17
 7463.619895  1.588360e-17
 7465.679895  1.583282e-17
 7467.739895  1.590512e-17
 7469.799895  1.590357e-17
 7471.859895  1.550924e-17
 7473.919895  1.564503e-17
 7475.979895  1.517480e-17
 7478.039895  1.524060e-17
 7480.099895  1.595735e-17
 7482.159895  1.648791e-17
 7484.219895  1.620541e-17
 7486.279895  1.533892e-17
 7488.339895  1.607452e-17
 7490.399895  1.583274e-17
 7492.459895  1.634022e-17
 7494.519895  1.659377e-17
 7496.579895  1.596055e-17
 7498.639894  1.609292e-17
 7500.699894  1.521714e-17
 7502.759894  1.546701e-17
 7504.819894  1.639616e-17
 7506.879894  1.624734e-17
 7508.939894  1.582456e-17
 7510.999894  1.624221e-17
 7513.059894  1.678433e-17
 7515.119894  1.635704e-17
 7517.179894  1.650361e-17
 7519.239894  1.639127e-17
 7521.299894  1.591536e-17
 7523.359894  1.525715e-17
 7525.419894  1.532070e-17
 7527.479894  1.528401e-17
 7529.539894  1.499149e-17
 7531.599894  1.611345e-17
 7533.659894  1.605458e-17
 7535.719893  1.614456e-17
 7537.779893  1.601648e-17
 7539.839893  1.553104e-17
 7541.899893  1.640245e-17
 7543.959893  1.636522e-17
 7546.019893  1.605882e-17
 7548.079893  1.601529e-17
 7550.139893  1.588848e-17
 7552.199893  1.585926e-17
 7554.259893  1.571056e-17
 7556.319893  1.572142e-17
 7558.379893  1.564248e-17
 7560.439893  1.527049e-17
 7562.499893  1.584880e-17
 7564.559893  1.614599e-17
 7566.619893  1.609679e-17
 7568.679893  1.549531e-17
 7570.739892  1.448917e-17
 7572.799892  1.562059e-17
 7574.859892  1.593684e-17
 7576.919892  1.559217e-17
 7578.979892  1.515424e-17
 7581.039892  1.535562e-17
 7583.099892  1.530277e-17
 7585.159892  1.503610e-17
 7587.219892  1.594347e-17
 7589.279892  1.525771e-17
 7591.339892  1.212482e-17
 7593.399892  8.999808e-18
 7595.459892  7.029571e-18
 7597.519892  5.946994e-18
 7599.579892  4.809389e-18
 7601.639892  3.606095e-18
 7603.699892  3.864014e-18
 7605.759892  4.052871e-18
 7607.819891  4.698928e-18
 7609.879891  5.603649e-18
 7611.939891  7.256601e-18
 7613.999891  9.422597e-18
 7616.059891  1.197981e-17
 7618.119891  1.132112e-17
 7620.179891  1.024222e-17
 7622.239891  8.939975e-18
 7624.299891  8.258737e-18
 7626.359891  7.643697e-18
 7628.419891  7.583974e-18
 7630.479891  7.870048e-18
 7632.539891  7.611825e-18
 7634.599891  8.512591e-18
 7636.659891  8.542149e-18
 7638.719891  8.732340e-18
 7640.779891  9.293460e-18
 7642.839890  9.607872e-18
 7644.899890  1.024254e-17
 7646.959890  1.078648e-17
 7649.019890  1.122150e-17
 7651.079890  1.173587e-17
 7653.139890  1.214352e-17
 7655.199890  1.233053e-17
 7657.259890  1.210742e-17
 7659.319890  1.246037e-17
 7661.379890  1.267701e-17
 7663.439890  1.278628e-17
 7665.499890  1.340380e-17
 7667.559890  1.341544e-17
 7669.619890  1.321133e-17
 7671.679890  1.409516e-17
 7673.739890  1.411954e-17
 7675.799890  1.418881e-17
 7677.859890  1.447969e-17
 7679.919889  1.413152e-17
 7681.979889  1.382571e-17
 7684.039889  1.420354e-17
 7686.099889  1.419119e-17
 7688.159889  1.397461e-17
 7690.219889  1.411324e-17
 7692.279889  1.429173e-17
 7694.339889  1.458779e-17
 7696.399889  1.476793e-17
 7698.459889  1.466963e-17
 7700.519889  1.514608e-17
