 ! Swift/XRT lightcurve of trigger: 221755, name: GRB 060729
 ! T0 for this burst is Swift MET=175893150.592 s, = 2006 Jul 29 at 19:12:29.244 UT

 ! Data covers 0.3-10 keV
 ! The data are in 5 columns: ";
 ! time, time error (+ve), time error (-ve), source flux, source error
 ! For a detailed description of light curve production, see Evans et al. 2007 (A&A, 469, 379 )
 ! For a detailed description of the file, see
 ! http://www.swift.ac.uk/xrt_curves/docs.php
 ! This lightcurve was obtained from http://www.swift.ac.uk/xrt_curves/00221755
 ! BINMODE: GRB-like (counts)

READ TERR 1 2
! WT data
!Time    	T_+ve   	T_-ve   	Flux    	Fluxpos 	Fluxneg
130.368	0.309	-0.367	5.3738619e-08	5.61391458e-09	-5.59520178e-09
131.006	0.354	-0.329	5.31787944e-08	5.55271491e-09	-5.53654122e-09
131.761	0.318	-0.400	5.05460865e-08	5.2765689e-09	-5.26193088e-09
132.452	0.426	-0.372	4.50543882e-08	4.7556954e-09	-4.74385074e-09
133.332	0.414	-0.454	4.07048826e-08	4.42332285e-09	-4.41196974e-09
134.135	0.523	-0.389	3.98066682e-08	4.15744515e-09	-4.14343428e-09
135.007	0.411	-0.349	2.954980962e-08	4.13089806e-09	-4.11423621e-09
135.861	0.383	-0.443	4.44231024e-08	4.64418474e-09	-4.5721608e-09
136.715	0.477	-0.471	3.77744988e-08	4.06780677e-09	-4.00143057e-09
137.640	0.458	-0.448	2.648354445e-08	3.4206456e-09	-3.40529568e-09
138.614	0.530	-0.516	3.226206726e-08	3.52670853e-09	-3.51525033e-09
139.565	0.433	-0.421	2.888203047e-08	3.59705103e-09	-3.58840992e-09
140.482	0.401	-0.484	2.640137424e-08	3.4907508e-09	-3.48411996e-09
141.390	0.415	-0.508	2.568837927e-08	3.308985441e-09	-3.302655294e-09
142.129	0.208	-0.324	2.403919173e-08	3.125608476e-09	-3.063034161e-09
142.562	0.280	-0.225	2.131645221e-08	2.690624016e-09	-2.619703521e-09
143.070	0.275	-0.227	2.053742343e-08	2.655693795e-09	-2.583641379e-09
143.594	0.252	-0.250	2.19066546e-08	2.765168082e-09	-2.68296804e-09
144.106	0.260	-0.259	2.140839579e-08	2.696233788e-09	-2.633099445e-09
144.608	0.265	-0.242	2.20325592e-08	2.680788948e-09	-2.635109376e-09
145.156	0.259	-0.283	1.870246728e-08	2.386646106e-09	-2.364699585e-09
145.712	0.348	-0.296	1.603779507e-08	1.994034273e-09	-1.982326908e-09
146.338	0.262	-0.279	1.8763989e-08	2.389824909e-09	-2.372377935e-09
147.010	0.366	-0.410	1.331569626e-08	1.659895872e-09	-1.646196882e-09
147.720	0.377	-0.344	1.445996025e-08	1.789867116e-09	-1.768094163e-09
148.425	0.337	-0.329	1.552323714e-08	1.969953408e-09	-1.919631909e-09
149.083	0.329	-0.321	1.590589017e-08	2.039399931e-09	-1.966531203e-09
149.718	0.311	-0.306	1.629229932e-08	2.198193294e-09	-2.083321449e-09
150.373	0.296	-0.344	1.598588739e-08	2.115811548e-09	-1.998522972e-09
151.083	0.387	-0.413	1.267606767e-08	1.68964719e-09	-1.602943533e-09
151.839	0.397	-0.369	1.347002601e-08	1.734186366e-09	-1.666581969e-09
152.560	0.425	-0.324	1.387994481e-08	1.741418592e-09	-1.70013246e-09
153.465	0.581	-0.480	9.54855876e-09	1.215115668e-09	-1.195796397e-09
154.380	0.304	-0.335	1.270582509e-08	1.645753809e-09	-1.61245689e-09
155.111	0.445	-0.427	9.30893661e-09	1.193529165e-09	-1.180175616e-09
156.007	0.464	-0.451	8.79228705e-09	1.137113802e-09	-1.127773674e-09
156.972	0.520	-0.502	7.94674308e-09	1.018761783e-09	-1.007167983e-09
157.926	0.433	-0.434	9.10554339e-09	1.21325727e-09	-1.196716443e-09
158.704	0.404	-0.345	1.093528572e-08	1.394344968e-09	-1.369650513e-09
159.583	0.471	-0.475	8.65375131e-09	1.100613672e-09	-1.083827409e-09
160.458	0.459	-0.404	9.57948573e-09	1.214035614e-09	-1.186323381e-09
161.414	0.464	-0.497	8.52560253e-09	1.1156151e-09	-1.071944103e-09
162.335	0.400	-0.458	9.20000913e-09	1.265548698e-09	-1.214720055e-09
163.270	0.480	-0.535	8.00244417e-09	1.056634863e-09	-1.018409223e-09
164.255	0.537	-0.506	8.00075256e-09	1.024001028e-09	-9.83165427e-10
165.174	0.388	-0.383	1.072772958e-08	1.38550995e-09	-1.338186906e-09
165.981	0.435	-0.419	9.57336e-09	1.230073365e-09	-1.189135047e-09
166.801	0.393	-0.385	1.022770797e-08	1.35217608e-09	-1.315392207e-09
167.651	0.393	-0.457	9.67053435e-09	1.232120247e-09	-1.2039246e-09
168.481	0.426	-0.437	9.56094582e-09	1.207230189e-09	-1.172803044e-09
169.266	0.356	-0.359	1.129026618e-08	1.466880459e-09	-1.437994947e-09
170.036	0.438	-0.414	9.41831157e-09	1.213883403e-09	-1.194025461e-09
170.834	0.357	-0.360	1.119448173e-08	1.446365874e-09	-1.419846243e-09
171.522	0.381	-0.331	1.127850627e-08	1.464047097e-09	-1.431852606e-09
172.236	0.455	-0.333	1.034010342e-08	1.326957531e-09	-1.301366421e-09
173.010	0.304	-0.319	1.312888353e-08	1.657213704e-09	-1.626040281e-09
173.658	0.400	-0.344	1.10932326e-08	1.387363941e-09	-1.358413341e-09
174.374	0.309	-0.317	1.305452049e-08	1.642240752e-09	-1.61584689e-09
174.962	0.245	-0.278	1.548750993e-08	1.973748513e-09	-1.940321079e-09
175.509	0.320	-0.303	1.325086929e-08	1.651525623e-09	-1.621565142e-09
176.189	0.387	-0.360	1.075149348e-08	1.382115882e-09	-1.362447102e-09
177.035	0.428	-0.458	9.15160671e-09	1.159595265e-09	-1.145464728e-09
177.893	0.353	-0.430	1.054885284e-08	1.30836711e-09	-1.289719059e-09
178.569	0.319	-0.324	1.285691739e-08	1.593301017e-09	-1.57175316e-09
179.202	0.292	-0.315	1.336485465e-08	1.703058369e-09	-1.674357612e-09
179.806	0.302	-0.312	1.333166655e-08	1.67844324e-09	-1.650376752e-09
180.428	0.292	-0.320	1.337071935e-08	1.684001484e-09	-1.655321745e-09
181.236	0.443	-0.516	8.53336563e-09	1.070274528e-09	-1.055732106e-09
182.090	0.374	-0.411	1.033453365e-08	1.313002257e-09	-1.294070463e-09
183.017	0.402	-0.553	8.33108094e-09	1.082348691e-09	-1.068106284e-09
183.802	0.437	-0.383	1.012755381e-08	1.260806088e-09	-1.243271313e-09
184.637	0.467	-0.397	9.46403589e-09	1.189714398e-09	-1.170599544e-09
185.366	0.368	-0.262	1.275625134e-08	1.642756032e-09	-1.616969658e-09
186.185	0.403	-0.451	9.4812876e-09	1.221634638e-09	-1.20588402e-09
187.005	0.552	-0.418	8.52298884e-09	1.071761721e-09	-1.054879182e-09
187.967	0.483	-0.410	9.168933e-09	1.165128762e-09	-1.148150286e-09
189.006	0.537	-0.556	7.28952717e-09	9.58472328e-10	-9.46093743e-10
189.962	0.566	-0.420	8.30814759e-09	1.056277218e-09	-1.040237772e-09
191.101	0.588	-0.572	7.05947499e-09	8.96188197e-10	-8.83610619e-10
192.324	0.475	-0.636	7.37617557e-09	9.3815538e-10	-9.23791611e-10
193.331	0.605	-0.532	7.31260629e-09	9.22367133e-10	-9.08649498e-10
194.487	0.520	-0.551	7.78629438e-09	9.65830662e-10	-9.51886575e-10
195.568	0.563	-0.562	7.4168454e-09	9.27973854e-10	-9.08301006e-10
196.782	0.589	-0.651	6.47965956e-09	8.52020226e-10	-8.32734855e-10
198.104	0.591	-0.733	6.17713935e-09	7.95084498e-10	-7.7534385e-10
199.210	0.346	-0.515	5.43446493e-09	7.26933294e-10	-6.85152561e-10
199.832	0.259	-0.277	7.25261007e-09	9.75647763e-10	-9.21151479e-10
200.438	0.313	-0.347	5.82671844e-09	8.05488408e-10	-7.51443672e-10
201.123	0.374	-0.372	5.13522285e-09	7.11482013e-10	-6.71861049e-10
201.781	0.301	-0.285	6.66947583e-09	8.81404407e-10	-8.47794252e-10
202.388	0.394	-0.305	5.5546845e-09	7.17560961e-10	-7.00221111e-10
203.123	0.397	-0.341	5.20882992e-09	6.89507016e-10	-6.66231954e-10
203.814	0.280	-0.294	6.75862266e-09	8.95340019e-10	-8.55921438e-10
204.449	0.403	-0.355	5.12449011e-09	6.68720214e-10	-6.4717812e-10
205.274	0.439	-0.422	4.51040517e-09	5.95198572e-10	-5.70780741e-10
206.034	0.291	-0.321	6.28393791e-09	8.37337119e-10	-8.04705318e-10
206.709	0.371	-0.383	5.14859301e-09	6.67939836e-10	-6.49643328e-10
207.433	0.308	-0.353	5.95596219e-09	8.0392833e-10	-7.52700684e-10
208.131	0.437	-0.390	4.60293183e-09	6.24768864e-10	-5.97495297e-10
209.027	0.571	-0.459	3.77032071e-09	4.86750099e-10	-4.75246134e-10
209.986	0.371	-0.387	5.1427656e-09	6.43414203e-10	-6.44382726e-10
210.694	0.426	-0.337	5.14468434e-09	6.48237834e-10	-6.48204273e-10
211.573	0.470	-0.453	4.14808536e-09	5.3749467e-10	-5.33889066e-10
212.631	0.433	-0.588	3.84513123e-09	4.880583e-10	-4.85174088e-10
213.547	0.431	-0.482	4.2384153e-09	5.34428415e-10	-5.37142788e-10
214.452	0.443	-0.475	4.23575754e-09	5.37506874e-10	-5.39668677e-10
215.337	0.480	-0.442	3.353208669e-09	4.78756818e-10	-4.71741891e-10
216.227	0.490	-0.410	2.829809619e-09	4.49753673e-10	-4.46499951e-10
217.086	0.446	-0.369	3.173160345e-09	4.88705112e-10	-4.90061451e-10
218.095	0.505	-0.563	3.62389644e-09	4.57757463e-10	-4.59442971e-10
218.956	0.538	-0.357	3.38798973e-09	4.73773179e-10	-4.78079835e-10
219.978	0.475	-0.484	4.07379351e-09	5.0137761e-10	-5.08438641e-10
220.897	0.423	-0.444	3.104386398e-09	4.86412116e-10	-4.88413911e-10
221.802	0.555	-0.482	4.00888857e-09	4.98146262e-10	-5.01567789e-10
222.895	0.387	-0.538	2.974877211e-09	4.55015631e-10	-4.58682933e-10
223.880	0.598	-0.598	3.47798406e-09	4.32405348e-10	-4.35217692e-10
224.912	0.446	-0.435	3.241753605e-09	4.87657941e-10	-4.86761625e-10
226.009	0.571	-0.651	2.284950174e-09	3.44018217e-10	-3.46032555e-10
227.225	0.642	-0.644	2.139582906e-09	3.278286618e-10	-3.300421284e-10
228.351	0.506	-0.485	2.777317503e-09	4.23520497e-10	-4.2782817e-10
229.383	0.515	-0.526	2.68335111e-09	4.01447529e-10	-4.05652824e-10
230.455	0.569	-0.557	3.361619937e-09	4.32525015e-10	-4.38622608e-10
231.536	0.509	-0.511	2.698796967e-09	4.03414068e-10	-4.07858358e-10
232.715	0.686	-0.671	1.929960222e-09	3.053049255e-10	-3.085780383e-10
234.059	0.518	-0.658	2.295605961e-09	3.49033044e-10	-3.53117994e-10
235.202	0.880	-0.625	1.767082926e-09	2.739584769e-10	-2.770439871e-10
236.760	0.547	-0.677	2.23799664e-09	3.336216972e-10	-3.376180665e-10
237.981	0.712	-0.674	1.947818742e-09	2.96377869e-10	-2.997829206e-10
239.371	0.667	-0.678	2.007092553e-09	3.051321711e-10	-3.087121806e-10
240.905	0.885	-0.867	1.56317646e-09	2.330374818e-10	-2.358576567e-10
242.586	0.843	-0.796	1.668569865e-09	2.487360972e-10	-2.517243483e-10
244.344	0.880	-0.915	1.522672062e-09	2.271514926e-10	-2.298988164e-10
245.876	0.963	-0.652	1.642852308e-09	2.54637138e-10	-2.574136158e-10
247.749	0.867	-0.910	1.493183808e-09	2.314449276e-10	-2.340433287e-10
249.802	0.948	-1.185	1.24411644e-09	1.92827268e-10	-1.949721888e-10
251.745	1.325	-0.995	1.145207766e-09	1.774967388e-10	-1.794479889e-10
254.107	1.199	-1.037	1.212054498e-09	1.842213123e-10	-1.863203325e-10
256.207	1.054	-0.901	1.386300837e-09	2.107065687e-10	-2.13103197e-10
259.539	1.653	-2.277	6.59165499e-10	1.062996876e-10	-1.073762499e-10
262.361	1.138	-1.169	1.192353513e-09	1.777460733e-10	-1.798667217e-10
265.082	1.265	-1.583	9.54165333e-10	1.450279629e-10	-1.466700111e-10
267.806	1.845	-1.459	8.22617061e-10	1.250355396e-10	-1.264577802e-10
271.433	2.276	-1.782	6.69705687e-10	1.017931572e-10	-1.029435537e-10
275.564	1.949	-1.855	7.25168121e-10	1.081048287e-10	-1.093849944e-10
279.060	2.314	-1.547	7.0410639e-10	1.070221644e-10	-1.082330046e-10
283.570	2.333	-2.196	5.9092446e-10	9.15919353e-11	-9.26048673e-11
288.599	2.785	-2.696	4.87322331e-10	7.55311323e-11	-7.63592076e-11
294.619	3.522	-3.234	3.83411034e-10	6.183021e-11	-6.24710217e-11
301.790	3.686	-3.650	3.63748356e-10	5.63791917e-11	-5.69958327e-11
308.888	2.441	-3.413	3.030685764e-10	5.69690517e-11	-5.73944967e-11
315.024	3.412	-3.695	2.552752038e-10	4.66067709e-11	-4.69780776e-11
322.212	3.973	-3.775	2.351112804e-10	4.29303159e-11	-4.3279791e-11
330.390	5.558	-4.206	1.784469219e-10	3.45487104e-11	-3.47957736e-11
339.852	5.018	-3.904	2.041633602e-10	3.7277796e-11	-3.75812688e-11
NO	NO	NO	NO	NO
! PC data
!Time    	T_+ve   	T_-ve   	Flux    	Fluxpos 	Fluxneg
364.519	9.413	-8.138	1.552219302e-10	3.4029837e-11	-3.4029837e-11
391.687	22.362	-17.755	6.73881489e-11	1.473944202e-11	-1.473944202e-11
429.619	14.518	-15.570	8.58288675e-11	1.923871104e-11	-1.923871104e-11
462.966	16.273	-18.830	7.78926741e-11	1.701728133e-11	-1.701728133e-11
505.857	21.021	-26.618	5.44014657e-11	1.219419612e-11	-1.219419612e-11
562.546	44.566	-35.668	3.242431605e-11	7.29464946e-12	-7.29464946e-12
638.508	38.808	-31.396	3.70851762e-11	8.33303019e-12	-8.33303019e-12
721.321	28.707	-44.005	3.73247475e-11	8.18283624e-12	-8.18283624e-12
786.626	43.636	-36.598	3.229531977e-11	7.23906024e-12	-7.23906024e-12
873.776	61.793	-43.514	2.440095219e-11	5.50981785e-12	-5.50981785e-12
974.805	51.027	-39.236	2.894993217e-11	6.48918546e-12	-6.48918546e-12
1067.351	63.788	-41.519	2.458404948e-11	5.54435517e-12	-5.54435517e-12
1172.558	43.829	-41.419	3.033238773e-11	6.82401915e-12	-6.82401915e-12
1257.709	51.449	-41.321	2.77973898e-11	6.26136729e-12	-6.26136729e-12
1349.266	52.662	-40.108	2.787604119e-11	6.27140508e-12	-6.27140508e-12
1442.542	32.098	-40.614	3.7238811e-11	8.18303964e-12	-8.18303964e-12
1521.090	43.814	-46.449	2.835546177e-11	6.37146432e-12	-6.37146432e-12
1606.727	40.919	-41.823	3.11253867e-11	7.01100138e-12	-7.01100138e-12
1719.931	45.558	-72.286	2.188581627e-11	4.92978546e-12	-4.92978546e-12
1805.731	37.484	-40.243	3.296990265e-11	7.43558532e-12	-7.43558532e-12
1892.998	55.518	-49.783	3.59377629e-11	6.74161503e-12	-6.74161503e-12
5748.000	32.858	-34.839	2.380048827e-11	5.08444404e-12	-5.08444404e-12
5825.186	38.413	-44.328	1.797431901e-11	4.03693404e-12	-4.03693404e-12
5908.683	35.150	-45.084	1.822986399e-11	4.10338821e-12	-4.10338821e-12
5991.847	34.727	-48.014	1.892613609e-11	4.14303426e-12	-4.14303426e-12
6056.011	30.738	-29.437	2.447405754e-11	5.49673923e-12	-5.49673923e-12
6119.413	47.570	-32.663	1.830833571e-11	4.10741553e-12	-4.10741553e-12
6190.220	19.387	-23.237	3.74894676e-11	8.02486224e-12	-8.02486224e-12
6249.162	48.201	-39.555	1.663126203e-11	3.74355666e-12	-3.74355666e-12
6334.399	33.169	-37.035	2.175528771e-11	4.76736039e-12	-4.76736039e-12
6399.630	35.635	-32.062	2.156970555e-11	4.83909279e-12	-4.83909279e-12
6468.956	36.514	-33.691	2.080928448e-11	4.6633518e-12	-4.6633518e-12
6536.905	28.741	-31.435	2.531147229e-11	5.53500894e-12	-5.53500894e-12
6601.343	32.000	-35.697	2.160991095e-11	4.84277094e-12	-4.84277094e-12
6666.217	19.779	-32.875	2.920588734e-11	6.38662101e-12	-6.38662101e-12
6733.823	47.451	-47.826	1.518392526e-11	3.41399442e-12	-3.41399442e-12
6819.453	49.577	-38.179	1.647402705e-11	3.69997482e-12	-3.69997482e-12
6912.343	59.486	-43.313	1.41181296e-11	3.177872445e-12	-3.177872445e-12
7007.918	39.131	-36.088	2.045623293e-11	4.47798321e-12	-4.47798321e-12
7073.841	23.355	-26.792	3.047648646e-11	6.67147254e-12	-6.67147254e-12
7138.773	36.149	-41.577	1.881173715e-11	4.24375794e-12	-4.24375794e-12
7235.233	37.474	-60.311	1.564904343e-11	3.45103356e-12	-3.45103356e-12
7309.031	31.374	-36.324	2.176137276e-11	4.88209494e-12	-4.88209494e-12
7382.126	30.990	-41.722	2.013467448e-11	4.53214524e-12	-4.53214524e-12
7459.960	38.405	-46.844	1.719637503e-11	3.86221005e-12	-3.86221005e-12
7522.661	40.894	-24.296	2.256647742e-11	5.05157121e-12	-5.05157121e-12
7594.877	33.869	-31.322	2.25613314e-11	5.06715165e-12	-5.06715165e-12
7672.327	44.175	-43.581	1.658482581e-11	3.73310529e-12	-3.73310529e-12
7767.479	36.778	-50.978	1.679734152e-11	3.78932844e-12	-3.78932844e-12
7836.069	50.930	-31.812	1.787450385e-11	4.02340116e-12	-4.02340116e-12
7924.958	34.753	-37.959	2.028693294e-11	4.57147602e-12	-4.57147602e-12
8004.177	43.290	-44.466	1.659751458e-11	3.76932744e-12	-3.76932744e-12
8079.664	35.500	-32.197	2.137446867e-11	4.90897425e-12	-4.90897425e-12
8169.765	45.682	-54.600	1.609054347e-11	3.55555065e-12	-3.55555065e-12
11535.944	37.881	-37.338	1.962168951e-11	4.39725714e-12	-4.39725714e-12
11610.667	43.392	-36.842	1.842839256e-11	4.13441349e-12	-4.13441349e-12
11696.156	35.630	-42.097	1.911212844e-11	4.27832916e-12	-4.27832916e-12
11790.541	49.058	-58.756	1.392596067e-11	3.127759092e-12	-3.127759092e-12
11887.325	30.001	-47.725	2.0918334e-11	4.47778998e-12	-4.47778998e-12
11958.454	26.569	-41.128	2.34680208e-11	5.03372625e-12	-5.03372625e-12
12025.373	37.377	-40.349	1.90484439e-11	4.27352214e-12	-4.27352214e-12
12133.794	36.770	-71.044	1.387534119e-11	3.116390049e-12	-3.116390049e-12
12206.019	49.791	-35.455	1.741980654e-11	3.92117571e-12	-3.92117571e-12
12486.248	42.240	-55.545	1.748147064e-11	3.83709693e-12	-3.83709693e-12
12593.765	45.046	-65.276	1.51974717e-11	3.4149504e-12	-3.4149504e-12
12682.175	26.840	-43.364	2.337516531e-11	5.25252024e-12	-5.25252024e-12
12765.022	44.286	-56.007	1.650104196e-11	3.73076958e-12	-3.73076958e-12
12873.086	44.036	-63.779	9.22911567e-12	2.073988101e-12	-2.073988101e-12
12958.599	31.235	-41.477	1.549439841e-11	3.49077792e-12	-3.49077792e-12
13067.393	55.329	-77.559	1.234055937e-11	2.776395423e-12	-2.776395423e-12
13153.053	27.337	-30.331	2.808057684e-11	6.317604e-12	-6.317604e-12
13242.888	67.882	-62.498	1.275792261e-11	2.873827413e-12	-2.873827413e-12
13385.043	73.658	-74.273	1.109274783e-11	2.501811864e-12	-2.501811864e-12
13496.918	52.047	-38.217	1.808249052e-11	4.08832305e-12	-4.08832305e-12
13577.901	46.283	-28.936	2.184046485e-11	4.9258056e-12	-4.9258056e-12
13667.909	46.538	-43.725	1.806787962e-11	4.05496545e-12	-4.05496545e-12
13760.573	39.123	-46.126	2.115614589e-11	4.5407694e-12	-4.5407694e-12
13871.345	66.254	-71.649	1.246517577e-11	2.748913371e-12	-2.748913371e-12
14006.979	55.979	-69.381	1.708637631e-11	3.37950117e-12	-3.37950117e-12
17468.636	42.253	-30.459	1.75219269e-11	3.4595628e-12	-3.4595628e-12
17604.455	38.127	-39.600	1.941941838e-11	4.36940829e-12	-4.36940829e-12
17681.434	36.367	-38.853	2.520323976e-11	5.64950958e-12	-5.64950958e-12
17756.653	28.845	-38.852	2.741349942e-11	6.15254151e-12	-6.15254151e-12
17830.358	52.925	-44.860	1.949856132e-11	4.39241961e-12	-4.39241961e-12
17928.151	37.874	-44.867	2.292352239e-11	5.14483689e-12	-5.14483689e-12
18007.255	33.989	-41.231	2.513974845e-11	5.63527836e-12	-5.63527836e-12
18095.387	31.105	-54.144	2.20129311e-11	4.94657274e-12	-4.94657274e-12
18195.650	48.686	-69.157	1.693729767e-11	3.72656937e-12	-3.72656937e-12
18285.212	41.865	-40.876	2.340663129e-11	5.13783315e-12	-5.13783315e-12
18391.107	68.858	-64.030	1.402377573e-11	3.159119643e-12	-3.159119643e-12
18533.267	62.093	-73.302	1.393934439e-11	3.143994141e-12	-3.143994141e-12
18645.108	43.023	-49.748	2.005725705e-11	4.51827675e-12	-4.51827675e-12
18738.511	37.375	-50.381	2.158241466e-11	4.83787239e-12	-4.83787239e-12
18832.152	41.520	-56.266	1.912327815e-11	4.31857863e-12	-4.31857863e-12
18925.391	58.602	-51.719	1.796057595e-11	3.93776637e-12	-3.93776637e-12
19013.195	23.452	-29.202	3.61535703e-11	8.09413689e-12	-8.09413689e-12
19097.161	54.823	-60.513	1.657707288e-11	3.729678e-12	-3.729678e-12
19193.584	51.170	-41.601	2.029866234e-11	4.55572608e-12	-4.55572608e-12
19284.739	32.728	-39.985	2.647740516e-11	5.94244965e-12	-5.94244965e-12
19367.576	62.720	-50.109	1.689425823e-11	3.8246997e-12	-3.8246997e-12
19465.013	32.981	-34.717	2.729542911e-11	6.14880912e-12	-6.14880912e-12
19546.488	54.305	-48.495	1.850952204e-11	4.14905829e-12	-4.14905829e-12
19646.038	34.990	-45.244	2.342770353e-11	5.25151002e-12	-5.25151002e-12
19763.579	82.919	-82.552	1.887056043e-11	3.307125348e-12	-3.307125348e-12
23101.247	32.983	-39.729	2.134591809e-11	4.78477482e-12	-4.78477482e-12
23181.402	28.048	-47.172	2.218027506e-11	4.73936916e-12	-4.73936916e-12
23255.191	39.507	-45.742	1.779083187e-11	3.99766767e-12	-3.99766767e-12
23320.768	31.599	-26.069	2.648479536e-11	5.93667309e-12	-5.93667309e-12
23409.715	50.465	-57.349	1.468317141e-11	3.21534381e-12	-3.21534381e-12
23506.425	41.511	-46.244	1.714873875e-11	3.86286432e-12	-3.86286432e-12
23592.994	37.684	-45.057	1.912659696e-11	4.20308133e-12	-4.20308133e-12
23674.174	26.708	-43.497	2.174754156e-11	4.88675619e-12	-4.88675619e-12
23760.867	32.786	-59.985	1.718182176e-11	3.76689681e-12	-3.76689681e-12
23837.398	31.475	-43.744	2.016704898e-11	4.53161301e-12	-4.53161301e-12
23932.041	37.125	-63.168	1.504522341e-11	3.384872286e-12	-3.384872286e-12
24014.821	39.592	-45.656	1.883254497e-11	4.14331224e-12	-4.14331224e-12
24101.147	30.994	-46.733	2.085953784e-11	4.58389698e-12	-4.58389698e-12
24187.787	42.138	-55.647	1.541236041e-11	3.50186661e-12	-3.50186661e-12
24268.905	38.747	-38.980	1.958716236e-11	4.40131158e-12	-4.40131158e-12
24339.482	45.897	-31.829	1.960535649e-11	4.41081036e-12	-4.41081036e-12
24419.094	36.490	-33.715	2.168210439e-11	4.87205376e-12	-4.87205376e-12
24499.070	46.778	-43.486	1.664001162e-11	3.73907508e-12	-3.73907508e-12
24570.414	38.116	-24.567	2.423992719e-11	5.44680792e-12	-5.44680792e-12
24632.943	23.226	-24.413	3.37753836e-11	7.39618674e-12	-7.39618674e-12
24690.842	48.069	-34.672	1.920266517e-11	4.21979742e-12	-4.21979742e-12
24761.097	20.438	-22.186	3.52574577e-11	7.90310022e-12	-7.90310022e-12
24812.870	33.855	-31.335	2.305482048e-11	5.17416039e-12	-5.17416039e-12
24866.960	24.897	-20.235	3.49808676e-11	7.63345284e-12	-7.63345284e-12
24928.959	30.596	-37.102	2.203443726e-11	4.94515911e-12	-4.94515911e-12
25018.333	44.022	-58.778	1.448484624e-11	3.282985497e-12	-3.282985497e-12
25097.448	32.604	-35.094	2.216239281e-11	4.95566133e-12	-4.95566133e-12
25159.127	41.130	-29.075	2.091834417e-11	4.71199152e-12	-4.71199152e-12
25243.500	34.484	-43.243	1.931456568e-11	4.33474215e-12	-4.33474215e-12
25326.104	44.651	-48.120	1.620995622e-11	3.6379785e-12	-3.6379785e-12
25446.882	173.143	-76.127	1.871883081e-11	3.62538465e-12	-3.62538465e-12
28886.972	50.666	-44.612	3.41784885e-11	7.6696716e-12	-7.6696716e-12
29049.653	58.482	-112.015	2.002540122e-11	4.39457226e-12	-4.39457226e-12
29166.657	71.859	-58.521	2.481109134e-11	5.62081662e-12	-5.62081662e-12
29318.555	83.318	-80.039	2.10272208e-11	4.72410738e-12	-4.72410738e-12
29492.206	85.179	-90.333	1.850093517e-11	4.18129719e-12	-4.18129719e-12
29652.066	95.816	-74.681	1.904077911e-11	4.30843914e-12	-4.30843914e-12
29851.196	69.691	-103.314	2.056129581e-11	4.4601552e-12	-4.4601552e-12
29969.046	49.627	-48.159	3.50694144e-11	7.695978e-12	-7.695978e-12
30083.717	52.799	-65.045	2.769102855e-11	6.22123986e-12	-6.22123986e-12
30204.313	77.627	-67.797	2.237565432e-11	5.05700199e-12	-5.05700199e-12
30355.627	59.201	-73.687	2.399919312e-11	5.46953787e-12	-5.46953787e-12
30475.230	82.515	-60.402	2.277146055e-11	5.11597782e-12	-5.11597782e-12
30653.869	64.344	-96.124	2.007331548e-11	4.54207455e-12	-4.54207455e-12
30783.129	62.957	-64.916	2.527217202e-11	5.69805099e-12	-5.69805099e-12
30911.378	67.596	-65.291	2.434175601e-11	5.4882744e-12	-5.4882744e-12
31067.324	79.641	-88.350	1.933958388e-11	4.34495283e-12	-4.34495283e-12
31275.378	131.572	-128.414	2.113760937e-11	3.90211713e-12	-3.90211713e-12
34657.826	26.206	-31.462	2.645648886e-11	5.94490401e-12	-5.94490401e-12
34719.125	35.111	-35.094	2.088020328e-11	4.6861326e-12	-4.6861326e-12
34798.943	35.527	-44.707	1.95347055e-11	4.27276617e-12	-4.27276617e-12
34866.308	28.338	-31.838	2.495669523e-11	5.60789394e-12	-5.60789394e-12
34928.113	31.723	-33.467	2.313521772e-11	5.17951998e-12	-5.17951998e-12
34987.913	34.605	-28.077	2.37847824e-11	5.34455874e-12	-5.34455874e-12
35056.600	33.616	-34.081	2.303450082e-11	5.05595448e-12	-5.05595448e-12
35128.238	29.676	-38.022	2.312766141e-11	5.07640296e-12	-5.07640296e-12
35214.067	44.139	-56.153	1.477862364e-11	3.324911661e-12	-3.324911661e-12
35302.323	36.117	-44.117	1.859887227e-11	4.17413412e-12	-4.17413412e-12
35394.725	33.978	-56.285	1.739010336e-11	3.83499174e-12	-3.83499174e-12
35469.438	36.992	-40.734	1.908769332e-11	4.2838413e-12	-4.2838413e-12
35537.517	31.596	-31.087	2.387787519e-11	5.36547504e-12	-5.36547504e-12
35613.934	45.442	-44.822	1.73047635e-11	3.80721747e-12	-3.80721747e-12
35686.323	35.735	-26.947	2.363391045e-11	5.29116624e-12	-5.29116624e-12
35754.526	22.694	-32.467	2.692524111e-11	6.03541362e-12	-6.03541362e-12
35806.673	48.273	-29.453	1.927571967e-11	4.32604002e-12	-4.32604002e-12
35897.940	39.748	-42.993	1.796396934e-11	4.04652774e-12	-4.04652774e-12
35965.012	40.373	-27.324	2.199058422e-11	4.92929052e-12	-4.92929052e-12
36038.514	27.048	-33.128	2.623367772e-11	5.73801231e-12	-5.73801231e-12
36103.041	30.217	-37.480	2.208127689e-11	4.9801134e-12	-4.9801134e-12
36190.497	38.040	-57.238	1.661983773e-11	3.63097137e-12	-3.63097137e-12
36268.772	37.492	-40.235	1.936474785e-11	4.35135315e-12	-4.35135315e-12
36337.727	33.727	-31.463	2.302177476e-11	5.1731061e-12	-5.1731061e-12
36430.482	53.800	-59.029	1.332960882e-11	2.998910277e-12	-2.998910277e-12
36531.413	35.612	-47.130	1.835913825e-11	4.12538931e-12	-4.12538931e-12
36606.880	47.900	-39.856	1.727444334e-11	3.87214614e-12	-3.87214614e-12
36695.665	31.827	-40.885	2.19725562e-11	4.80598944e-12	-4.80598944e-12
36763.159	37.045	-35.667	2.292328509e-11	4.91455419e-12	-4.91455419e-12
36837.057	33.353	-36.852	2.15335173e-11	4.82683455e-12	-4.82683455e-12
36914.524	68.715	-44.114	1.339576806e-11	3.010094904e-12	-3.010094904e-12
37019.716	31.221	-36.477	2.226863541e-11	5.00387391e-12	-5.00387391e-12
37108.111	81.127	-57.175	2.055260046e-11	4.0497279e-12	-4.0497279e-12
40506.572	53.918	-53.897	1.553427837e-11	3.50796183e-12	-3.50796183e-12
40596.836	43.888	-36.346	2.249808756e-11	4.95575964e-12	-4.95575964e-12
40696.054	37.440	-55.331	1.963156458e-11	4.31417163e-12	-4.31417163e-12
40799.044	62.322	-65.550	1.358899806e-11	3.057327435e-12	-3.057327435e-12
40920.282	33.856	-58.915	1.858438341e-11	4.17606642e-12	-4.17606642e-12
40998.386	33.478	-44.248	2.229358242e-11	4.984995e-12	-4.984995e-12
41122.762	57.033	-90.898	1.21611504e-11	2.68829373e-12	-2.68829373e-12
41266.502	96.328	-86.706	9.37481109e-12	2.124915732e-12	-2.124915732e-12
41443.176	47.526	-80.347	1.343941092e-11	3.042428385e-12	-3.042428385e-12
41549.110	51.914	-58.408	1.557614148e-11	3.52177608e-12	-3.52177608e-12
41634.241	34.480	-33.217	2.552211333e-11	5.76342375e-12	-5.76342375e-12
41770.833	80.922	-102.112	9.88002957e-12	2.18921454e-12	-2.18921454e-12
41902.264	87.394	-50.509	1.253092143e-11	2.819275872e-12	-2.819275872e-12
42026.508	48.398	-36.851	2.024519187e-11	4.54366785e-12	-4.54366785e-12
42145.717	74.614	-70.810	1.191386346e-11	2.687072652e-12	-2.687072652e-12
42280.510	110.509	-60.180	1.526660736e-11	3.45178953e-12	-3.45178953e-12
42451.571	31.569	-60.552	2.01270402e-11	4.54510521e-12	-4.54510521e-12
42546.065	44.889	-62.926	1.59233046e-11	3.60026814e-12	-3.60026814e-12
42641.595	44.637	-50.641	1.805301447e-11	4.07170866e-12	-4.07170866e-12
42802.066	170.953	-115.834	1.343080371e-11	2.993728323e-12	-2.993728323e-12
47154.553	95.694	-97.369	2.451179502e-11	5.51049924e-12	-5.51049924e-12
47328.716	41.882	-78.469	1.450097925e-11	3.257638806e-12	-3.257638806e-12
47469.860	71.235	-99.262	1.66766643e-11	3.77982966e-12	-3.77982966e-12
47602.137	61.817	-61.042	9.15969186e-12	2.062757709e-12	-2.062757709e-12
47741.795	45.017	-77.842	1.639696896e-11	3.69232698e-12	-3.69232698e-12
47867.655	69.596	-80.843	1.328389128e-11	3.001897545e-12	-3.001897545e-12
48013.337	36.743	-76.086	1.767671769e-11	3.97583268e-12	-3.97583268e-12
48134.056	73.985	-83.976	1.273781991e-11	2.868348156e-12	-2.868348156e-12
48269.079	56.806	-61.038	1.700695539e-11	3.84323622e-12	-3.84323622e-12
48404.467	64.334	-78.583	1.401335487e-11	3.166742058e-12	-3.166742058e-12
48590.980	167.820	-122.179	1.323239379e-11	2.673938775e-12	-2.673938775e-12
52898.765	864.607	-928.270	1.80155448e-11	4.66579938e-12	-4.66579938e-12
53809.848	51.308	-46.477	2.049715701e-11	4.13340666e-12	-4.13340666e-12
53986.694	39.945	-47.811	1.940665842e-11	4.27203732e-12	-4.27203732e-12
54105.977	103.696	-79.338	1.317190263e-11	2.958838782e-12	-2.958838782e-12
54290.618	123.934	-80.945	1.10525526e-11	2.49160254e-12	-2.49160254e-12
54474.591	60.312	-60.039	1.328416248e-11	3.001264293e-12	-3.001264293e-12
57806.598	39.998	-55.280	1.530805689e-11	3.4356294e-12	-3.4356294e-12
57941.937	105.243	-95.341	1.410043719e-11	2.265002058e-12	-2.265002058e-12
59872.693	54.916	-57.913	1.464148458e-11	3.292400883e-12	-3.292400883e-12
60037.908	67.721	-110.298	9.34459263e-12	2.113216842e-12	-2.113216842e-12
60221.241	100.014	-115.612	1.128783216e-11	2.114087055e-12	-2.114087055e-12
63579.404	38.617	-41.617	1.204516155e-11	2.706890253e-12	-2.706890253e-12
63663.148	40.122	-45.127	1.128840846e-11	2.524164846e-12	-2.524164846e-12
63733.855	37.112	-30.586	1.408018872e-11	3.17616558e-12	-3.17616558e-12
63811.497	34.689	-40.530	1.330374312e-11	2.91697974e-12	-2.91697974e-12
63877.524	51.402	-31.338	1.44977418e-11	2.911172331e-12	-2.911172331e-12
65855.351	42.630	-37.604	1.108553391e-11	2.499085287e-12	-2.499085287e-12
65954.262	54.041	-56.281	7.92885405e-12	1.78536723e-12	-1.78536723e-12
66053.322	50.257	-45.019	1.116806007e-11	2.288516454e-12	-2.288516454e-12
69389.004	52.660	-72.705	1.141484868e-11	2.597053914e-12	-2.597053914e-12
69490.174	46.767	-48.510	1.508746281e-11	3.386126586e-12	-3.386126586e-12
69614.659	52.662	-77.718	1.107575376e-11	2.510502807e-12	-2.510502807e-12
69716.205	53.916	-48.884	1.396851534e-11	3.146625459e-12	-3.146625459e-12
69952.127	1930.542	-182.006	1.0749012e-11	1.732168638e-12	-1.732168638e-12
75153.241	45.387	-54.905	8.44450017e-12	1.902484611e-12	-1.902484611e-12
75231.280	35.046	-32.651	1.326340551e-11	2.894312505e-12	-2.894312505e-12
75320.728	58.426	-54.403	7.59895281e-12	1.711988985e-12	-1.711988985e-12
75437.940	76.609	-58.786	8.81531193e-12	1.990813773e-12	-1.990813773e-12
75602.160	85.393	-87.611	9.02303418e-12	2.034997677e-12	-2.034997677e-12
75748.347	77.108	-60.794	1.12617156e-11	2.54302545e-12	-2.54302545e-12
75901.430	99.537	-75.975	9.01436256e-12	1.99727274e-12	-1.99727274e-12
76059.629	59.181	-58.662	7.20440766e-12	1.623057081e-12	-1.623057081e-12
76163.023	63.601	-44.213	8.6015487e-12	1.852762125e-12	-1.852762125e-12
80945.662	66.076	-64.304	1.50354297e-11	3.382681329e-12	-3.382681329e-12
81066.013	68.583	-54.275	1.021269366e-11	2.300768253e-12	-2.300768253e-12
81213.928	51.048	-79.332	9.92468943e-12	2.188939611e-12	-2.188939611e-12
81317.751	32.473	-52.775	1.098569163e-11	2.462617362e-12	-2.462617362e-12
81390.714	49.774	-40.489	1.022374167e-11	2.297558262e-12	-2.297558262e-12
81506.924	41.378	-66.436	8.71032024e-12	1.95745041e-12	-1.95745041e-12
81587.912	73.219	-39.610	8.36554029e-12	1.879969248e-12	-1.879969248e-12
81694.601	36.734	-33.470	1.307765046e-11	2.946295443e-12	-2.946295443e-12
81795.515	58.678	-64.180	7.48375722e-12	1.688154573e-12	-1.688154573e-12
81912.356	54.666	-58.163	8.23749999e-12	1.855846347e-12	-1.855846347e-12
82021.551	48.271	-54.529	9.10767909e-12	2.046748434e-12	-2.046748434e-12
82133.122	54.543	-63.300	7.83878853e-12	1.768240611e-12	-1.768240611e-12
82263.755	49.275	-76.090	7.30574493e-12	1.650074364e-12	-1.650074364e-12
82358.308	49.996	-45.277	1.208616021e-11	2.431787685e-12	-2.431787685e-12
86713.475	68.458	-51.893	8.59302624e-12	1.93595103e-12	-1.93595103e-12
86869.301	63.069	-87.369	6.33171996e-12	1.431893286e-12	-1.431893286e-12
86980.757	46.891	-48.386	1.01060646e-11	2.259784848e-12	-2.259784848e-12
87118.394	94.795	-90.745	1.535361849e-11	3.46591227e-12	-3.46591227e-12
87263.705	47.269	-50.516	9.84623466e-12	2.212728258e-12	-2.212728258e-12
87368.506	82.877	-57.532	6.80694372e-12	1.541307231e-12	-1.541307231e-12
87515.562	73.723	-64.179	6.93039735e-12	1.563336807e-12	-1.563336807e-12
87651.900	57.736	-62.615	8.34835299e-12	1.837039644e-12	-1.837039644e-12
87779.961	37.489	-70.325	8.97818448e-12	2.01260571e-12	-2.01260571e-12
87862.579	32.598	-45.129	1.245138525e-11	2.79467532e-12	-2.79467532e-12
87977.726	67.889	-82.549	6.67649313e-12	1.462142256e-12	-1.462142256e-12
88181.504	127.379	-135.889	9.36701748e-12	2.072360562e-12	-2.072360562e-12
88426.635	100.383	-117.752	7.83245601e-12	1.313603982e-12	-1.313603982e-12
92512.924	60.557	-67.315	7.68061113e-12	1.723887546e-12	-1.723887546e-12
92647.184	74.228	-73.703	6.66708927e-12	1.50583122e-12	-1.50583122e-12
92789.558	44.683	-68.145	9.6545844e-12	2.065390383e-12	-2.065390383e-12
92926.581	80.664	-92.340	6.00818175e-12	1.323671265e-12	-1.323671265e-12
93081.581	46.015	-74.336	8.27209155e-12	1.852005816e-12	-1.852005816e-12
93196.063	51.884	-68.466	8.62395321e-12	1.895409681e-12	-1.895409681e-12
93302.477	43.255	-54.530	1.014629712e-11	2.277302673e-12	-2.277302673e-12
93426.708	84.506	-80.977	6.00055086e-12	1.348491489e-12	-1.348491489e-12
93666.130	93.307	-154.916	8.58885993e-12	1.938847107e-12	-1.938847107e-12
93840.680	44.123	-81.242	8.2684812e-12	1.819459104e-12	-1.819459104e-12
93929.678	55.417	-44.875	9.88680957e-12	2.224631226e-12	-2.224631226e-12
94145.393	143.085	-160.297	6.50570832e-12	1.037050155e-12	-1.037050155e-12
98279.701	74.350	-56.030	6.73543506e-12	1.517439597e-12	-1.517439597e-12
98430.642	51.281	-76.592	6.70595223e-12	1.50324465e-12	-1.50324465e-12
98537.581	42.127	-55.658	8.71087959e-12	1.964958582e-12	-1.964958582e-12
98649.655	67.954	-69.947	6.21140547e-12	1.394126991e-12	-1.394126991e-12
98769.004	58.928	-51.394	7.73503758e-12	1.742641704e-12	-1.742641704e-12
98887.226	38.490	-59.295	8.75004087e-12	1.966373907e-12	-1.966373907e-12
98971.024	42.448	-45.307	1.01297946e-11	2.245151913e-12	-2.245151913e-12
99061.229	62.565	-47.757	7.75101465e-12	1.744050927e-12	-1.744050927e-12
99172.083	49.495	-48.290	9.18920181e-12	2.014816668e-12	-2.014816668e-12
99312.837	51.658	-91.258	5.95207386e-12	1.346025603e-12	-1.346025603e-12
99414.695	57.614	-50.200	8.36010612e-12	1.828667361e-12	-1.828667361e-12
99521.574	48.520	-49.265	8.75054937e-12	1.96648815e-12	-1.96648815e-12
99652.950	80.119	-82.856	5.23155648e-12	1.180109511e-12	-1.180109511e-12
99773.810	42.001	-40.740	1.035150399e-11	2.323355823e-12	-2.323355823e-12
99860.163	30.867	-44.353	1.193591202e-11	2.617058643e-12	-2.617058643e-12
99921.492	39.743	-30.462	1.218276504e-11	2.737801629e-12	-2.737801629e-12
100027.674	46.390	-66.439	7.57028697e-12	1.70125116e-12	-1.70125116e-12
100108.036	38.740	-33.972	1.176196095e-11	2.639927583e-12	-2.639927583e-12
100197.542	59.556	-50.766	7.72816944e-12	1.738910331e-12	-1.738910331e-12
100307.239	42.629	-50.141	9.24425202e-12	2.069657715e-12	-2.069657715e-12
100405.774	64.445	-55.906	7.10680956e-12	1.595096361e-12	-1.595096361e-12
100559.459	56.185	-89.240	6.14321562e-12	1.353414108e-12	-1.353414108e-12
100693.322	105.345	-77.679	9.10266867e-12	1.466028552e-12	-1.466028552e-12
104245.760	91.807	-107.577	6.43866429e-12	1.418512278e-12	-1.418512278e-12
104397.484	82.999	-59.917	6.10869525e-12	1.372795416e-12	-1.372795416e-12
104537.012	41.256	-56.529	9.44066862e-12	2.069958747e-12	-2.069958747e-12
104650.795	47.824	-72.527	7.69673397e-12	1.681562718e-12	-1.681562718e-12
104756.785	47.141	-58.166	8.22023811e-12	1.856627064e-12	-1.856627064e-12
104861.210	73.096	-57.284	6.73104162e-12	1.522193733e-12	-1.522193733e-12
104986.456	43.128	-52.150	9.29434944e-12	2.083477728e-12	-2.083477728e-12
105081.607	48.269	-52.023	8.7866427e-12	1.964753148e-12	-1.964753148e-12
105202.451	90.401	-72.575	8.98811379e-12	2.019772509e-12	-2.019772509e-12
105344.498	53.661	-51.646	8.41713948e-12	1.893941133e-12	-1.893941133e-12
105464.724	43.756	-66.566	7.92111468e-12	1.80269013e-12	-1.80269013e-12
105571.154	60.185	-62.674	7.19718357e-12	1.62147429e-12	-1.62147429e-12
105681.853	84.880	-50.515	6.57876282e-12	1.478432562e-12	-1.478432562e-12
105845.331	51.783	-78.597	6.72346836e-12	1.520481105e-12	-1.520481105e-12
105942.422	34.926	-45.308	1.157429733e-11	2.540810085e-12	-2.540810085e-12
106024.108	30.967	-46.760	1.127613666e-11	2.553265962e-12	-2.553265962e-12
106117.627	55.292	-62.552	7.52277612e-12	1.694827788e-12	-1.694827788e-12
106223.313	39.870	-50.394	9.79168617e-12	2.208772467e-12	-2.208772467e-12
106307.773	48.180	-44.591	9.96807465e-12	2.180392404e-12	-2.180392404e-12
106471.266	110.337	-115.314	6.23510157e-12	1.108268631e-12	-1.108268631e-12
109864.825	45.888	-74.462	7.05517986e-12	1.58748615e-12	-1.58748615e-12
109972.934	55.623	-62.221	8.49323481e-12	1.823167425e-12	-1.823167425e-12
110074.437	46.891	-45.880	1.224489357e-11	2.744814861e-12	-2.744814861e-12
110189.521	57.172	-68.194	6.94119789e-12	1.563801915e-12	-1.563801915e-12
110311.375	63.191	-64.682	6.82638537e-12	1.536005271e-12	-1.536005271e-12
110437.244	45.136	-62.678	8.10612732e-12	1.81711797e-12	-1.81711797e-12
110564.737	75.604	-82.357	5.52444909e-12	1.239944367e-12	-1.239944367e-12
110687.798	32.777	-47.457	1.135555758e-11	2.489816349e-12	-2.489816349e-12
110785.884	55.042	-65.309	7.16973474e-12	1.609223169e-12	-1.609223169e-12
110939.072	77.366	-98.146	5.71070586e-12	1.291448298e-12	-1.291448298e-12
111068.335	43.381	-51.897	9.03061422e-12	2.029431636e-12	-2.029431636e-12
111158.599	45.887	-46.884	9.25447965e-12	2.090220099e-12	-2.090220099e-12
111263.999	60.838	-59.513	7.60721763e-12	1.662005469e-12	-1.662005469e-12
111395.916	61.809	-71.078	6.39497058e-12	1.448017821e-12	-1.448017821e-12
111527.624	50.452	-69.899	7.52177946e-12	1.655149194e-12	-1.655149194e-12
111646.644	61.812	-68.568	6.54694767e-12	1.476835533e-12	-1.476835533e-12
111763.357	75.480	-54.901	6.61294419e-12	1.484253192e-12	-1.484253192e-12
111885.596	48.519	-46.759	9.07091793e-12	2.035936707e-12	-2.035936707e-12
111974.981	49.397	-40.866	9.56704782e-12	2.152681527e-12	-2.152681527e-12
112078.783	48.395	-54.405	8.35405158e-12	1.877389119e-12	-1.877389119e-12
112213.368	145.223	-86.189	1.047287616e-11	1.806687957e-12	-1.806687957e-12
115634.876	65.320	-62.553	6.51939714e-12	1.470634545e-12	-1.470634545e-12
115770.771	42.254	-70.575	7.54567218e-12	1.699998894e-12	-1.699998894e-12
115848.500	57.295	-35.475	9.17891316e-12	2.055033594e-12	-2.055033594e-12
116046.781	139.833	-140.986	6.54904608e-12	1.488171693e-12	-1.488171693e-12
116280.872	46.150	-94.259	6.37613913e-12	1.399709643e-12	-1.399709643e-12
116407.750	79.741	-80.727	5.3156556e-12	1.196083869e-12	-1.196083869e-12
116586.514	89.025	-99.024	4.63138071e-12	1.048701924e-12	-1.048701924e-12
116776.121	77.438	-100.581	8.9120388e-12	1.963041198e-12	-1.963041198e-12
116923.221	40.659	-69.663	1.249559424e-11	2.746075602e-12	-2.746075602e-12
117056.392	70.464	-92.512	5.20576197e-12	1.171356531e-12	-1.171356531e-12
117197.557	59.679	-70.701	6.33148944e-12	1.435477872e-12	-1.435477872e-12
117359.364	88.428	-102.128	4.59184653e-12	1.012862166e-12	-1.012862166e-12
117522.503	58.177	-74.711	6.31201389e-12	1.413173706e-12	-1.413173706e-12
117676.824	64.324	-96.144	5.19425631e-12	1.176155415e-12	-1.176155415e-12
117807.336	69.207	-66.188	6.1946826e-12	1.386905274e-12	-1.386905274e-12
117934.207	55.165	-57.664	7.40221755e-12	1.669780095e-12	-1.669780095e-12
118063.765	73.532	-74.392	6.503376e-12	1.37243811e-12	-1.37243811e-12
121465.090	155.604	-107.664	4.49762148e-12	1.016989491e-12	-1.016989491e-12
121711.693	102.063	-91.000	6.38847195e-12	1.439924874e-12	-1.439924874e-12
121977.967	106.579	-164.211	4.63010607e-12	1.047786624e-12	-1.047786624e-12
122219.167	103.574	-134.621	5.30377365e-12	1.192579965e-12	-1.192579965e-12
122427.788	113.090	-105.047	5.72836776e-12	1.290109248e-12	-1.290109248e-12
122651.603	87.353	-110.725	6.6679605e-12	1.465026129e-12	-1.465026129e-12
122898.649	98.560	-159.694	4.80612504e-12	1.085007129e-12	-1.085007129e-12
123149.040	139.018	-151.831	3.161465862e-12	8.35724835e-13	-8.35724835e-13
123476.958	94.427	-188.900	4.22404848e-12	9.58974387e-13	-9.58974387e-13
123753.649	164.102	-182.264	6.22054152e-12	1.07686062e-12	-1.07686062e-12
127252.986	58.176	-114.829	5.65540818e-12	1.270633359e-12	-1.270633359e-12
127396.652	82.500	-85.490	5.69724756e-12	1.283100423e-12	-1.283100423e-12
127567.901	69.210	-88.750	6.06175053e-12	1.37341782e-12	-1.37341782e-12
127695.671	59.285	-58.559	8.56956066e-12	1.878544092e-12	-1.878544092e-12
127851.223	86.766	-96.268	5.2306344e-12	1.180841412e-12	-1.180841412e-12
128036.131	102.443	-98.142	4.74483384e-12	1.075042563e-12	-1.075042563e-12
128272.203	76.986	-133.628	7.72321326e-12	1.741380963e-12	-1.741380963e-12
128429.792	57.299	-80.603	6.94150977e-12	1.570853115e-12	-1.570853115e-12
128564.061	55.918	-76.970	7.24295535e-12	1.62926451e-12	-1.62926451e-12
128704.587	105.949	-84.607	5.03466189e-12	1.139335947e-12	-1.139335947e-12
128878.605	59.804	-68.069	7.53764466e-12	1.69150491e-12	-1.69150491e-12
129031.548	69.837	-93.139	5.89034535e-12	1.326588699e-12	-1.326588699e-12
129182.986	103.940	-81.602	5.17938438e-12	1.172086398e-12	-1.172086398e-12
129386.708	73.223	-99.782	5.53886676e-12	1.250426925e-12	-1.250426925e-12
129591.539	117.039	-131.608	3.163307988e-12	8.02761831e-13	-8.02761831e-13
134384.690	96.039	-86.995	5.40975861e-12	1.216902876e-12	-1.216902876e-12
134545.285	83.375	-64.557	6.65393946e-12	1.503980958e-12	-1.503980958e-12
134702.382	59.166	-73.722	7.84511427e-12	1.719744288e-12	-1.719744288e-12
134837.637	69.336	-76.089	6.80167227e-12	1.531843029e-12	-1.531843029e-12
134985.193	82.248	-78.221	6.20971047e-12	1.401885684e-12	-1.401885684e-12
135183.007	152.716	-115.567	3.6293001e-12	8.32342632e-13	-8.32342632e-13
135422.560	68.609	-86.837	6.99210213e-12	1.505384757e-12	-1.505384757e-12
139562.380	970.159	-862.212	7.90919883e-12	2.068566474e-12	-2.068566474e-12
140600.483	47.392	-67.944	7.50519897e-12	1.688069145e-12	-1.688069145e-12
140754.174	96.794	-106.298	4.30873746e-12	9.72547608e-13	-9.72547608e-13
140946.865	69.586	-95.897	5.2734162e-12	1.188889272e-12	-1.188889272e-12
141126.142	148.558	-109.691	5.91514659e-12	1.011313275e-12	-1.011313275e-12
144658.934	1924.200	-173.403	3.96441516e-12	9.00060255e-13	-9.00060255e-13
146659.975	73.599	-76.840	5.93056431e-12	1.338424545e-12	-1.338424545e-12
146885.890	171.125	-152.316	5.21608452e-12	8.53389447e-13	-8.53389447e-13
150357.494	128.138	-89.998	4.06562361e-12	9.20575179e-13	-9.20575179e-13
150608.086	140.812	-122.454	4.30751028e-12	8.48024772e-13	-8.48024772e-13
152711.692	127.583	-78.017	5.30975361e-12	1.171959273e-12	-1.171959273e-12
156110.355	53.659	-64.184	6.94956102e-12	1.567723467e-12	-1.567723467e-12
156253.886	105.697	-89.872	4.25516868e-12	9.57485499e-13	-9.57485499e-13
156424.141	70.837	-64.558	6.07712079e-12	1.374389055e-12	-1.374389055e-12
156555.525	54.790	-60.547	7.19999388e-12	1.616044527e-12	-1.616044527e-12
156755.530	113.035	-145.216	5.28186069e-12	9.26491746e-13	-9.26491746e-13
162874.683	113.156	-147.604	4.97946591e-12	8.88890544e-13	-8.88890544e-13
167743.128	75.312	-132.794	2.970680391e-12	7.74787212e-13	-7.74787212e-13
167891.525	54.788	-73.085	6.4052694e-12	1.448584968e-12	-1.448584968e-12
168056.001	78.360	-109.688	4.39081614e-12	9.9806007e-13	-9.9806007e-13
168221.106	108.825	-86.745	4.18900266e-12	9.47364993e-13	-9.47364993e-13
168428.453	114.598	-98.523	3.82618452e-12	8.70823878e-13	-8.70823878e-13
168642.580	86.012	-99.528	3.295083051e-12	8.68176966e-13	-8.68176966e-13
168806.250	87.825	-77.658	5.23172598e-12	1.154041428e-12	-1.154041428e-12
169079.102	148.440	-185.028	4.77951354e-12	7.7579472e-13	-7.7579472e-13
173552.004	81.999	-138.644	4.59926724e-12	1.03663149e-12	-1.03663149e-12
173760.979	118.739	-126.977	4.00871568e-12	9.01370151e-13	-9.01370151e-13
174005.449	82.376	-125.730	4.70783199e-12	1.057726104e-12	-1.057726104e-12
174222.616	113.432	-134.791	2.965727601e-12	7.74740091e-13	-7.74740091e-13
174549.469	97.486	-213.420	2.488437975e-12	6.31479708e-13	-6.31479708e-13
174961.572	206.898	-314.617	2.241387657e-12	4.6425711e-13	-4.6425711e-13
179292.653	100.552	-120.091	2.871887655e-12	7.49010669e-13	-7.49010669e-13
179470.175	58.424	-76.970	6.27735114e-12	1.407177813e-12	-1.407177813e-12
179606.948	72.089	-78.349	5.62309131e-12	1.266866052e-12	-1.266866052e-12
179790.476	89.146	-111.438	4.22758764e-12	9.50069535e-13	-9.50069535e-13
179960.978	71.590	-81.356	5.49350178e-12	1.243938126e-12	-1.243938126e-12
180132.593	143.184	-100.025	3.43924314e-12	7.83736473e-13	-7.83736473e-13
180399.505	59.305	-123.729	4.59150753e-12	1.039692321e-12	-1.039692321e-12
180527.632	86.628	-68.822	5.42564076e-12	1.223923227e-12	-1.223923227e-12
191041.065	83.627	-99.406	4.45400235e-12	1.001060898e-12	-1.001060898e-12
191203.165	102.053	-78.473	3.320153118e-12	8.75146128e-13	-8.75146128e-13
191407.421	85.845	-102.203	3.209058072e-12	8.4002166e-13	-8.4002166e-13
191583.641	140.297	-90.375	3.46469865e-12	7.90894458e-13	-7.90894458e-13
191799.907	56.919	-75.968	6.13240152e-12	1.374759582e-12	-1.374759582e-12
191931.663	78.108	-74.837	5.28596598e-12	1.200378999e-12	-1.200378999e-12
192125.726	87.138	-115.954	3.132600351e-12	8.04999231e-13	-8.04999231e-13
192374.124	194.773	-161.261	3.321713196e-12	6.22309758e-13	-6.22309758e-13
196746.443	76.981	-108.560	4.33571508e-12	9.82840326e-13	-9.82840326e-13
196947.153	94.407	-123.729	3.68868612e-12	8.37321186e-13	-8.37321186e-13
197172.018	52.575	-130.459	3.307181622e-12	8.66459592e-13	-8.66459592e-13
197305.700	76.854	-81.106	5.11569645e-12	1.14702006e-12	-1.14702006e-12
197479.453	103.685	-96.900	4.00175262e-12	9.03406185e-13	-9.03406185e-13
197713.927	89.855	-130.788	2.724680634e-12	7.1123556e-13	-7.1123556e-13
197915.346	124.123	-111.564	3.41939469e-12	7.68776064e-13	-7.68776064e-13
198196.006	131.798	-156.536	4.45610076e-12	7.96522197e-13	-7.96522197e-13
203183.063	104.062	-101.537	3.263884542e-12	8.226513e-13	-8.226513e-13
203432.416	77.860	-145.291	3.7309323e-12	8.40403374e-13	-8.40403374e-13
203606.917	111.465	-96.641	4.19285709e-12	9.23526852e-13	-9.23526852e-13
203838.597	107.951	-120.215	3.6404193e-12	8.22032286e-13	-8.22032286e-13
204063.506	76.105	-116.958	4.32295851e-12	9.71375685e-13	-9.71375685e-13
204271.569	93.699	-131.959	2.768980137e-12	7.21194363e-13	-7.21194363e-13
204540.545	208.335	-175.277	2.586221508e-12	5.35519656e-13	-5.35519656e-13
208987.865	66.952	-146.169	3.99354882e-12	9.01106409e-13	-9.01106409e-13
209205.385	165.353	-150.568	2.14284612e-12	5.42940366e-13	-5.42940366e-13
209470.768	145.687	-100.029	3.45788475e-12	7.81531278e-13	-7.81531278e-13
209735.543	89.019	-119.088	4.11638208e-12	9.2882271e-13	-9.2882271e-13
210019.196	116.273	-194.634	2.02706067e-12	5.32695786e-13	-5.32695786e-13
210324.062	182.482	-188.594	2.99244453e-12	5.92467927e-13	-5.92467927e-13
214769.795	149.894	-100.837	3.015152445e-12	7.15806975e-13	-7.15806975e-13
215031.629	118.733	-111.940	3.65095203e-12	8.25695181e-13	-8.25695181e-13
215277.413	91.085	-127.051	3.283381788e-12	8.04731421e-13	-8.04731421e-13
215484.409	99.718	-115.911	2.885987343e-12	7.6236354e-13	-7.6236354e-13
215720.592	139.339	-136.466	2.263917597e-12	5.96071497e-13	-5.96071497e-13
215995.841	331.557	-135.910	3.53699718e-12	7.69310667e-13	-7.69310667e-13
221225.728	113.088	-100.034	3.23872125e-12	8.51974122e-13	-8.51974122e-13
221486.652	87.852	-147.836	2.912315439e-12	7.70946681e-13	-7.70946681e-13
221761.457	327.041	-186.953	2.152415412e-12	4.47688485e-13	-4.47688485e-13
227612.063	295.667	-331.158	2.394598029e-12	4.56381123e-13	-4.56381123e-13
233496.394	170.160	-140.745	3.51189084e-12	7.12496301e-13	-7.12496301e-13
252903.362	8221.555	-3321.269	2.008777044e-12	5.04613026e-13	-5.04613026e-13
261361.158	212.567	-236.240	1.501112001e-12	3.94732278e-13	-3.94732278e-13
261671.126	148.314	-97.401	3.66760371e-12	8.28706857e-13	-8.28706857e-13
267014.306	127.130	-91.005	2.878671045e-12	7.51551813e-13	-7.51551813e-13
267369.605	235.681	-228.169	2.441216631e-12	4.72997886e-13	-4.72997886e-13
272792.606	105.566	-110.063	2.919429354e-12	7.60338693e-13	-7.60338693e-13
273089.764	297.330	-191.593	2.298830868e-12	4.47492882e-13	-4.47492882e-13
278194.520	183.526	-170.004	1.970098161e-12	4.97317407e-13	-4.97317407e-13
278491.788	91.858	-113.741	3.237585261e-12	8.4287265e-13	-8.4287265e-13
278765.917	118.605	-182.271	2.19378426e-12	5.7470331e-13	-5.7470331e-13
279073.629	197.018	-189.107	1.692465975e-12	4.4430018e-13	-4.4430018e-13
279476.510	210.346	-205.863	2.748947949e-12	5.44603839e-13	-5.44603839e-13
283919.156	121.961	-234.077	2.490717411e-12	6.48838881e-13	-6.48838881e-13
284595.207	792.329	-554.090	1.043601669e-12	2.142528138e-13	-2.142528138e-13
290168.641	235.329	-363.919	1.422085338e-12	3.72665073e-13	-3.72665073e-13
290675.143	185.158	-271.173	1.815684339e-12	4.73546727e-13	-4.73546727e-13
291168.565	340.081	-308.265	1.480068576e-12	3.77092413e-13	-3.77092413e-13
295807.361	155.392	-173.066	2.137778748e-12	5.57895351e-13	-5.57895351e-13
296138.659	190.162	-175.906	1.906950258e-12	5.01241671e-13	-5.01241671e-13
296508.908	160.908	-180.087	2.06632026e-12	5.39246622e-13	-5.39246622e-13
296936.097	330.451	-266.281	1.413475755e-12	3.381455844e-13	-3.381455844e-13
301544.812	302.024	-177.647	1.904845407e-12	4.98952743e-13	-4.98952743e-13
302031.773	173.609	-184.937	1.812078057e-12	4.7408133e-13	-4.7408133e-13
302383.138	125.629	-177.756	2.145040806e-12	5.6051616e-13	-5.6051616e-13
302752.848	274.926	-244.081	1.834069665e-12	3.97310034e-13	-3.97310034e-13
308301.150	128.803	-162.045	2.32050246e-12	6.05088219e-13	-6.05088219e-13
308612.052	236.619	-182.099	1.584878901e-12	4.13992902e-13	-4.13992902e-13
314340.021	266.914	-282.186	1.342476612e-12	3.39581724e-13	-3.39581724e-13
322700.960	1686.453	-2654.937	1.723091235e-12	3.363250866e-13	-3.363250866e-13
339530.103	2692.388	-3288.737	1.21068426e-12	3.163927341e-13	-3.163927341e-13
342543.661	263.032	-321.169	1.360409373e-12	3.24070101e-13	-3.24070101e-13
347433.089	138.331	-144.994	2.495572569e-12	6.5042913e-13	-6.5042913e-13
347821.876	175.786	-250.456	1.653143331e-12	4.30610343e-13	-4.30610343e-13
348223.545	162.749	-225.883	1.817812581e-12	4.74061668e-13	-4.74061668e-13
348723.202	264.842	-336.908	1.403793576e-12	3.341281971e-13	-3.341281971e-13
353527.255	140.333	-120.427	2.522055927e-12	6.56690121e-13	-6.56690121e-13
353773.975	101.719	-106.387	3.150363612e-12	8.21154954e-13	-8.21154954e-13
354038.912	110.079	-163.217	2.388591627e-12	6.2523804e-13	-6.2523804e-13
354403.301	242.137	-254.310	1.39904622e-12	3.55694055e-13	-3.55694055e-13
354836.807	269.970	-191.369	2.286357702e-12	4.68847509e-13	-4.68847509e-13
359928.754	321.298	-704.191	7.56941574e-13	2.003979855e-13	-2.003979855e-13
360659.583	207.261	-409.531	1.636535043e-12	3.78970812e-13	-3.78970812e-13
365208.464	340.442	-183.585	1.241604789e-12	3.246437907e-13	-3.246437907e-13
365757.744	157.230	-208.837	1.771060413e-12	4.61618673e-13	-4.61618673e-13
366256.502	430.717	-341.528	1.518294555e-12	2.943447165e-13	-2.943447165e-13
370992.262	184.472	-209.175	1.651440195e-12	4.31880576e-13	-4.31880576e-13
371362.681	157.554	-185.947	1.906180728e-12	4.97154687e-13	-4.97154687e-13
371742.934	278.763	-222.699	1.306588377e-12	3.42855447e-13	-3.42855447e-13
372249.389	198.544	-227.693	2.298557973e-12	4.92296139e-13	-4.92296139e-13
376867.558	201.364	-264.996	1.39291032e-12	3.64274484e-13	-3.64274484e-13
377285.284	162.241	-216.362	1.708301004e-12	4.47664755e-13	-4.47664755e-13
377844.987	362.247	-397.462	1.076088039e-12	2.505740874e-13	-2.505740874e-13
385475.695	3299.898	-3112.972	1.103680944e-12	2.910654678e-13	-2.910654678e-13
389251.110	537.431	-475.517	1.087494033e-12	2.214865653e-13	-2.214865653e-13
395103.907	444.064	-365.794	1.312372056e-12	2.849750955e-13	-2.849750955e-13
406743.205	4345.827	-5925.377	8.1465429e-13	1.772227251e-13	-1.772227251e-13
416853.488	414.175	-493.467	1.248897018e-12	2.48378859e-13	-2.48378859e-13
422471.107	262.710	-281.374	1.188937071e-12	3.109245624e-13	-3.109245624e-13
423075.406	312.816	-341.588	1.382164698e-12	3.058408845e-13	-3.058408845e-13
428150.276	214.391	-209.343	1.535128956e-12	4.00109835e-13	-4.00109835e-13
428528.213	172.433	-163.546	1.929638511e-12	5.03612298e-13	-5.03612298e-13
428973.610	173.337	-272.963	1.551642324e-12	3.91588731e-13	-3.91588731e-13
429386.199	242.147	-239.252	1.342231176e-12	3.51492489e-13	-3.51492489e-13
435332.405	642.661	-949.479	1.114937439e-12	2.678616975e-13	-2.678616975e-13
440549.453	214.917	-344.213	1.159205415e-12	3.043864728e-13	-3.043864728e-13
441356.426	450.981	-592.056	7.55222505e-13	1.823708808e-13	-1.823708808e-13
446272.268	313.550	-308.263	1.032535353e-12	2.716783629e-13	-2.716783629e-13
446957.965	244.651	-372.147	1.062348369e-12	2.781978753e-13	-2.781978753e-13
447435.698	193.155	-233.082	1.561354335e-12	4.06122678e-13	-4.06122678e-13
452165.152	379.583	-380.131	8.45358537e-13	2.2303488e-13	-2.2303488e-13
453037.654	349.532	-492.918	1.281977655e-12	2.590937676e-13	-2.590937676e-13
457897.152	197.515	-349.078	1.171506369e-12	3.089850078e-13	-3.089850078e-13
458561.145	586.587	-466.478	9.77841771e-13	2.028534303e-13	-2.028534303e-13
463647.678	250.340	-341.384	1.094145891e-12	2.86650264e-13	-2.86650264e-13
464397.089	571.544	-499.072	8.88986481e-13	1.935198789e-13	-1.935198789e-13
469567.732	352.657	-437.145	8.81892567e-13	2.259899769e-13	-2.259899769e-13
470401.063	326.674	-480.674	9.30435333e-13	2.289002919e-13	-2.289002919e-13
475823.583	372.222	-427.607	9.26843967e-13	2.291485416e-13	-2.291485416e-13
527318.929	277.767	-411.741	9.58685559e-13	2.529374937e-13	-2.529374937e-13
528090.941	476.080	-494.245	1.035193791e-12	2.203643058e-13	-2.203643058e-13
533154.320	374.727	-430.118	7.99154193e-13	2.109583779e-13	-2.109583779e-13
533884.890	443.984	-355.843	8.58698526e-13	2.186487624e-13	-2.186487624e-13
538374.632	692.516	-566.149	7.72825419e-13	1.776715611e-13	-1.776715611e-13
544252.593	574.202	-681.955	8.21360049e-13	1.710937746e-13	-1.710937746e-13
550145.376	501.224	-754.933	7.62708981e-13	1.6528284e-13	-1.6528284e-13
556507.939	408.029	-791.040	9.87318855e-13	2.09812863e-13	-2.09812863e-13
580974.071	9753.238	-18788.241	6.50195559e-13	1.394918217e-13	-1.394918217e-13
597327.789	4271.251	-1679.487	5.69877984e-13	1.501443204e-13	-1.501443204e-13
602049.473	617.676	-450.433	7.77887706e-13	1.874856789e-13	-1.874856789e-13
608226.813	4815.203	-1058.324	4.96222437e-13	1.322171529e-13	-1.322171529e-13
613560.393	687.634	-518.377	7.81162107e-13	1.742640687e-13	-1.742640687e-13
619265.695	741.955	-514.202	7.95536046e-13	1.935942216e-13	-1.935942216e-13
628454.449	3133.776	-3886.067	5.72470317e-13	1.320435849e-13	-1.320435849e-13
636667.528	679.691	-566.437	6.05947584e-13	1.484357943e-13	-1.484357943e-13
646158.270	3311.051	-3335.757	8.83144833e-13	1.833442515e-13	-1.833442515e-13
668290.241	9257.101	-13240.681	8.15492298e-13	1.92201813e-13	-1.92201813e-13
683049.741	618.461	-700.379	7.51849455e-13	1.604133084e-13	-1.604133084e-13
691942.639	3246.213	-3772.210	5.61607401e-13	1.118353881e-13	-1.118353881e-13
700185.431	761.815	-496.850	7.059675e-13	1.622216022e-13	-1.622216022e-13
706106.770	660.887	-595.270	6.06331671e-13	1.518394899e-13	-1.518394899e-13
715325.483	3022.669	-4056.097	4.24923279e-13	1.00424343e-13	-1.00424343e-13
727208.624	3620.200	-4399.230	4.71881898e-13	1.235599743e-13	-1.235599743e-13
737721.623	4795.230	-1955.794	6.20660862e-13	1.601696691e-13	-1.601696691e-13
751076.642	7051.171	-3305.610	5.898939e-13	1.418836023e-13	-1.418836023e-13
768201.459	2345.111	-4923.973	4.15620102e-13	8.79704322e-14	-8.79704322e-14
775386.702	740.421	-528.273	6.12518421e-13	1.490136876e-13	-1.490136876e-13
784538.330	3170.232	-3860.606	4.64455425e-13	9.12317817e-14	-9.12317817e-14
810874.827	771.492	-645.133	5.81782986e-13	1.379900517e-13	-1.379900517e-13
818122.647	5345.389	-1687.595	3.98845704e-13	1.010770197e-13	-1.010770197e-13
834617.030	10330.333	-6166.377	6.01702287e-13	1.269139386e-13	-1.269139386e-13
854301.221	3065.564	-4238.926	3.91088028e-13	8.33620323e-14	-8.33620323e-14
862071.784	346.132	-428.624	8.2596672e-13	2.185083486e-13	-2.185083486e-13
862899.520	348.311	-481.604	7.65500307e-13	2.034849195e-13	-2.034849195e-13
868190.346	816.625	-788.047	5.26762269e-13	1.211912457e-13	-1.211912457e-13
874031.487	735.474	-869.198	4.80664032e-13	1.178447394e-13	-1.178447394e-13
880137.636	809.429	-824.671	4.73297223e-13	1.157401935e-13	-1.157401935e-13
885550.713	856.220	-788.569	5.66034063e-13	1.254006087e-13	-1.254006087e-13
891476.112	750.810	-891.472	4.59780954e-13	1.13720601e-13	-1.13720601e-13
899953.679	4213.698	-2890.915	4.73828436e-13	1.086848577e-13	-1.086848577e-13
916466.865	9119.761	-7183.960	4.86184647e-13	1.189277427e-13	-1.189277427e-13
935161.394	2785.379	-4138.029	3.86693571e-13	9.96674577e-14	-9.96674577e-14
943424.911	822.562	-822.227	4.39785378e-13	1.109553441e-13	-1.109553441e-13
950317.881	4260.782	-1954.321	3.208542792e-13	8.63421135e-14	-8.63421135e-14
955386.033	441.266	-807.370	5.07148407e-13	1.364075997e-13	-1.364075997e-13
961171.080	4649.461	-1215.974	3.77375139e-13	1.011295647e-13	-1.011295647e-13
966395.878	951.609	-575.337	4.97199096e-13	1.221299028e-13	-1.221299028e-13
975854.793	3073.348	-4176.555	3.5009547e-13	7.81727898e-14	-7.81727898e-14
987813.249	3294.631	-3936.345	4.27980381e-13	8.88787827e-14	-8.88787827e-14
1001444.238	7004.260	-5519.781	5.05014063e-13	1.145839323e-13	-1.145839323e-13
1020765.922	4001.647	-8649.819	3.65104356e-13	9.07438251e-14	-9.07438251e-14
1031783.350	4984.387	-2267.245	3.101387943e-13	8.30793741e-14	-8.30793741e-14
1045397.155	2950.352	-4361.051	3.5501775e-13	8.66035164e-14	-8.66035164e-14
1056763.334	14015.761	-4321.104	3.71620614e-13	6.75120195e-14	-6.75120195e-14
1103456.553	2010.292	-4759.390	4.67477271e-13	1.208517711e-13	-1.208517711e-13
1114424.439	3818.131	-4147.471	3.316577685e-13	7.04206056e-14	-7.04206056e-14
1126540.467	3287.275	-4308.058	2.598066168e-13	5.90360703e-14	-5.90360703e-14
1137309.999	3137.759	-3499.742	3.174600417e-13	7.56365613e-14	-7.56365613e-14
1146356.164	871.353	-845.975	4.03374744e-13	1.074440838e-13	-1.074440838e-13
1159134.151	5432.865	-7800.110	2.029297053e-13	5.16751938e-14	-5.16751938e-14
1190084.192	8984.641	-20614.497	3.40662117e-13	6.6106017e-14	-6.6106017e-14
1206207.102	4439.290	-2856.838	2.69222613e-13	6.73648935e-14	-6.73648935e-14
1218270.357	3956.503	-3338.154	3.50544306e-13	7.56414429e-14	-7.56414429e-14
1230787.535	2961.370	-4274.167	2.660634042e-13	6.90391467e-14	-6.90391467e-14
1240355.946	4971.870	-2142.376	3.70527678e-13	8.82450561e-14	-8.82450561e-14
1254922.938	13564.129	-4595.952	4.08305499e-13	1.018134633e-13	-1.018134633e-13
1286888.506	4869.917	-8170.214	2.801221749e-13	6.26483865e-14	-6.26483865e-14
1302086.024	6993.395	-6149.645	1.803793575e-13	4.27292889e-14	-4.27292889e-14
1392396.122	7251.164	-4533.321	2.090057379e-13	5.30122776e-14	-5.30122776e-14
1419514.875	10886.288	-13008.620	2.493919605e-13	6.6650112e-14	-6.6650112e-14
1481162.140	24445.810	-29226.794	1.887920493e-13	4.28252598e-14	-4.28252598e-14
1537787.945	12940.702	-11188.606	1.444926141e-13	3.92699634e-14	-3.92699634e-14
1569251.831	17415.109	-13743.773	1.858063068e-13	4.12736229e-14	-4.12736229e-14
1624262.254	8660.357	-14983.500	2.899352418e-13	6.7147764e-14	-6.7147764e-14
1647025.919	13860.630	-9786.435	1.795222977e-13	4.48270209e-14	-4.48270209e-14
1673097.854	5969.308	-7073.905	2.377762272e-13	5.83536972e-14	-5.83536972e-14
1702252.850	16414.526	-18193.469	1.23312945e-13	3.245436501e-14	-3.245436501e-14
1733442.755	19844.977	-10171.995	1.26272415e-13	3.45808137e-14	-3.45808137e-14
1779581.024	19666.143	-20866.687	1.836706407e-13	4.96407531e-14	-4.96407531e-14
1843728.710	42219.977	-39224.808	1.378362135e-13	3.319264938e-14	-3.319264938e-14
1907962.977	18905.276	-16994.391	1.814349357e-13	4.80543009e-14	-4.80543009e-14
1977336.659	24291.131	-45149.760	1.30132269e-13	3.014051034e-14	-3.014051034e-14
2025706.671	11854.031	-18063.377	2.025615513e-13	5.55253524e-14	-5.55253524e-14
2065332.096	29654.752	-23945.209	1.115626965e-13	3.075080865e-14	-3.075080865e-14
2130851.218	21197.106	-31137.494	1.278997506e-13	3.2656548e-14	-3.2656548e-14
2176961.285	16247.736	-19826.794	1.870853538e-13	4.36995408e-14	-4.36995408e-14
2228813.030	44975.113	-30264.616	1.736266809e-13	3.240883053e-14	-3.240883053e-14
2410372.094	26074.910	-21852.578	8.94603033e-14	2.122447134e-14	-2.122447134e-14
2512535.571	96712.529	-47774.672	8.39104665e-14	1.962411675e-14	-1.962411675e-14
3327527.674	64899.503	-97812.009	5.71171608e-14	1.59205926e-14	-1.59205926e-14
3424463.771	25203.947	-27709.202	7.58179941e-14	1.965939987e-14	-1.965939987e-14
3494581.676	54146.021	-39813.376	5.21655912e-14	1.494161484e-14	-1.494161484e-14
3577211.783	17774.824	-24403.798	6.63252483e-14	1.847328294e-14	-1.847328294e-14
3644870.794	36876.646	-39982.494	4.62848904e-14	1.307098911e-14	-1.307098911e-14
3738226.660	24461.731	-34937.301	5.14824045e-14	1.472701428e-14	-1.472701428e-14
3846543.223	43224.264	-79954.937	3.48689976e-14	1.003485765e-14	-1.003485765e-14
3938425.835	61438.349	-44425.510	4.77599133e-14	1.241888193e-14	-1.241888193e-14
4055994.318	53793.239	-51984.491	4.47966126e-14	1.148184525e-14	-1.148184525e-14
4176774.573	65432.246	-45983.197	3.94237338e-14	1.067085216e-14	-1.067085216e-14
4303083.427	66804.344	-56132.695	3.81129903e-14	1.130428383e-14	-1.130428383e-14
4413187.061	37760.788	-21633.840	5.82239958e-14	1.599547092e-14	-1.599547092e-14
4490549.914	17638.647	-24519.213	7.30211085e-14	2.015578401e-14	-2.015578401e-14
4548145.131	52561.535	-35089.168	6.17086785e-14	1.705822914e-14	-1.705822914e-14
4645287.138	53820.293	-40453.958	4.72411077e-14	1.262928567e-14	-1.262928567e-14
4768444.802	29301.394	-35771.769	5.36043072e-14	1.553834298e-14	-1.553834298e-14
4879123.230	56984.993	-66116.904	2.856548922e-14	1.013925948e-14	-1.013925948e-14
4981677.264	35310.793	-41244.496	6.02951163e-14	1.750952628e-14	-1.750952628e-14
5141338.325	124170.610	-120098.732	2.516267502e-14	8.02289265e-15	-8.02289265e-15
5429577.160	172045.599	-159245.590	1.291320834e-14	4.37145924e-15	-4.37145924e-15
5712129.498	78958.284	-106213.127	3.267297594e-14	8.27492559e-15	-8.27492559e-15
6196247.195	247660.973	-319324.395	3.065991936e-14	9.12883947e-15	-9.12883947e-15
6852965.662	332481.958	-403644.755	1.343648874e-14	3.99277251e-15	-3.99277251e-15
8331193.904	405194.756	-537755.734	7.06357689e-15	2.588588745e-15	-2.588588745e-15
9125441.530	419746.529	-384284.825	9.0127557e-15	3.199612854e-15	-3.199612854e-15
9718746.807	197301.585	-168174.839	1.396557282e-14	4.46505714e-15	-4.46505714e-15
10500208.135	1186276.649	-579702.386	7.02959214e-15	2.748073329e-15	-2.748073329e-15
NO	NO	NO	NO	NO
! PC upper limits
12731369.169	331618.052	-443331.336	1.8920268e-14	0	0
