 ! Swift/XRT lightcurve of trigger: 727541, name: GRB 161219B
 ! T0 for this burst is Swift MET=503866136.64 s, = 2016 Dec 19 at 18:48:39.308 UT

 ! Data covers 0.3-10 keV
 ! The data are in 5 columns: ";
 ! time, time error (+ve), time error (-ve), source flux, source error
 ! For a detailed description of light curve production, see Evans et al. 2007 (A&A, 469, 379 )
 ! For a detailed description of the file, see
 ! http://www.swift.ac.uk/xrt_curves/docs.php
 ! This lightcurve was obtained from http://www.swift.ac.uk/xrt_curves/00727541
 ! BINMODE: GRB-like (counts)

READ TERR 1 2
! WTSLEW data
!Time    	T_+ve   	T_-ve   	Flux    	Fluxpos 	Fluxneg
93.8998900494227	2.19209394134951	-1.6046340475764	3.26826913758192e-10	5.97986816540946e-11	-5.98933682718779e-11
98.6612718378382	3.47875717531882	-2.56928784706598	3.39292222099044e-10	4.70514480376649e-11	-4.70517321665232e-11
NO	NO	NO	NO	NO
! WT data
!Time    	T_+ve   	T_-ve   	Flux    	Fluxpos 	Fluxneg
113.696	2.184	-1.739	3.044477724e-10	5.91077772e-11	-5.91077772e-11
118.649	2.610	-2.770	2.272562672e-10	4.27769636e-11	-4.27769636e-11
125.046	3.495	-3.787	1.719395772e-10	3.139174857e-11	-3.139174857e-11
131.994	3.073	-3.453	1.615175727e-10	3.687736182e-11	-3.687736182e-11
139.764	3.415	-4.696	1.509915837e-10	2.842149165e-11	-2.842149165e-11
366.403	0.951	-0.925	1.001291837e-09	1.49263909e-10	-1.492638707e-10
368.303	0.817	-0.949	1.030726536e-09	1.600480017e-10	-1.600480017e-10
370.044	0.757	-0.924	1.116782806e-09	1.664803335e-10	-1.664802952e-10
371.630	0.913	-0.829	1.077951585e-09	1.606916715e-10	-1.606916715e-10
373.369	0.674	-0.826	1.251786859e-09	1.866055281e-10	-1.866055281e-10
374.975	1.191	-0.932	8.84548458e-10	1.318608103e-10	-1.318608103e-10
377.006	0.711	-0.841	1.173651412e-09	1.82240975e-10	-1.822409367e-10
378.477	0.790	-0.760	1.211545432e-09	1.80606714e-10	-1.806066757e-10
380.407	1.175	-1.140	7.7439536e-10	1.227578195e-10	-1.227577812e-10
382.392	0.750	-0.811	1.148861737e-09	1.821185299e-10	-1.821184916e-10
384.025	0.752	-0.883	1.14836422e-09	1.711882078e-10	-1.711881695e-10
385.406	0.735	-0.630	1.375934011e-09	2.051123179e-10	-2.051122796e-10
386.791	0.897	-0.650	1.196107085e-09	1.819620361e-10	-1.819620361e-10
388.404	1.078	-0.717	1.030150887e-09	1.567153655e-10	-1.567153655e-10
390.463	0.995	-0.980	9.36425808e-10	1.424571181e-10	-1.424571181e-10
392.439	0.897	-0.982	9.9941935e-10	1.489848169e-10	-1.489847786e-10
394.069	0.911	-0.733	1.142368738e-09	1.702944007e-10	-1.702944007e-10
396.052	0.938	-1.072	9.34127425e-10	1.392516379e-10	-1.392516379e-10
397.834	0.997	-0.844	1.019858528e-09	1.520316968e-10	-1.520316585e-10
399.822	0.961	-0.990	9.47694434e-10	1.441713878e-10	-1.441713495e-10
401.846	0.907	-1.063	9.5352063e-10	1.421425602e-10	-1.421425602e-10
403.606	1.015	-0.853	1.005239801e-09	1.498524268e-10	-1.498523885e-10
405.590	0.741	-0.969	1.081648684e-09	1.645496305e-10	-1.645495922e-10
407.124	0.970	-0.793	1.064974013e-09	1.587571002e-10	-1.587570619e-10
409.134	1.123	-1.040	8.67918215e-10	1.293816896e-10	-1.293816896e-10
411.134	0.814	-0.877	1.094200743e-09	1.664591919e-10	-1.664591536e-10
412.928	0.887	-0.981	9.89966144e-10	1.50602111e-10	-1.506020727e-10
414.719	1.219	-0.904	8.71307382e-10	1.325507082e-10	-1.325507082e-10
416.673	0.749	-0.735	1.246380814e-09	1.896101248e-10	-1.896100865e-10
418.366	0.904	-0.945	1.01579643e-09	1.514261355e-10	-1.514260972e-10
420.360	0.641	-1.090	1.051949715e-09	1.633434869e-10	-1.633434869e-10
422.210	0.730	-1.209	9.6825464e-10	1.443390269e-10	-1.443390269e-10
423.977	0.840	-1.037	9.85287799e-10	1.498903821e-10	-1.498903821e-10
426.134	1.247	-1.317	7.32546482e-10	1.092016877e-10	-1.092016877e-10
428.452	1.206	-1.071	8.24685175e-10	1.229369103e-10	-1.229369103e-10
431.193	1.293	-1.534	6.54296135e-10	9.9537104e-11	-9.9537104e-11
433.865	1.072	-1.380	7.66041747e-10	1.141948587e-10	-1.141948204e-10
436.292	1.550	-1.355	6.36660134e-10	9.6854189e-11	-9.6854189e-11
438.968	1.146	-1.126	8.26620091e-10	1.232253476e-10	-1.232253476e-10
441.685	1.165	-1.571	6.75978914e-10	1.028356532e-10	-1.028356532e-10
444.389	1.437	-1.538	6.12281035e-10	9.50731241e-11	-9.50731241e-11
447.088	1.123	-1.263	7.87190624e-10	1.173475615e-10	-1.173475615e-10
449.667	1.202	-1.456	7.22275571e-10	1.064938011e-10	-1.064938011e-10
452.300	1.754	-1.430	5.6304064e-10	8.92536306e-11	-8.92536306e-11
455.822	1.229	-1.768	6.26486122e-10	9.3391103e-11	-9.3391103e-11
458.617	1.523	-1.566	5.98895568e-10	9.11090741e-11	-9.11090741e-11
461.325	1.229	-1.185	7.54425357e-10	1.171448779e-10	-1.171448396e-10
464.244	1.481	-1.689	5.92373844e-10	8.83059737e-11	-8.83059354e-11
467.159	1.281	-1.434	6.70863566e-10	1.041696039e-10	-1.041696039e-10
469.729	1.281	-1.289	7.30497432e-10	1.088962069e-10	-1.088962069e-10
472.624	1.445	-1.614	6.04787257e-10	9.20053707e-11	-9.20053707e-11
475.236	1.266	-1.167	7.36682499e-10	1.167795342e-10	-1.167795342e-10
477.893	1.423	-1.390	6.57573849e-10	1.0003577e-10	-1.0003577e-10
481.109	1.087	-1.793	6.51956005e-10	9.71879735e-11	-9.71879735e-11
483.328	1.387	-1.132	7.45433666e-10	1.111227774e-10	-1.111227774e-10
486.149	1.792	-1.433	5.82193704e-10	8.67883745e-11	-8.67883745e-11
490.018	1.732	-2.077	4.85531015e-10	7.38631586e-11	-7.38631203e-11
493.392	1.608	-1.643	5.77668559e-10	8.61138349e-11	-8.61138349e-11
496.779	2.147	-1.779	4.70995016e-10	7.16517932e-11	-7.16517932e-11
500.643	2.245	-1.716	4.67017178e-10	7.10466532e-11	-7.10466532e-11
504.854	1.718	-1.967	5.01996185e-10	7.63679403e-11	-7.63679403e-11
508.470	2.142	-1.898	4.57783814e-10	6.96420007e-11	-6.96419624e-11
512.419	1.221	-1.807	6.10788867e-10	9.29184044e-11	-9.29184044e-11
515.522	1.637	-1.882	5.25561409e-10	7.99529352e-11	-7.99528969e-11
519.229	2.432	-2.070	3.738103746e-10	5.96953758e-11	-5.96953758e-11
523.281	1.730	-1.621	5.60536586e-10	8.35599526e-11	-8.35599143e-11
527.289	1.990	-2.278	4.06779321e-10	6.7246374e-11	-6.7246374e-11
531.271	2.306	-1.992	4.3027752e-10	6.54574959e-11	-6.54574959e-11
535.516	1.876	-1.939	4.8485502e-10	7.37602848e-11	-7.37602465e-11
539.848	2.039	-2.457	4.11370342e-10	6.25811659e-11	-6.25811659e-11
544.164	1.625	-2.277	3.208332784e-10	5.85759051e-11	-5.85759051e-11
548.726	2.061	-2.937	2.448075486e-10	4.60806833e-11	-4.60806833e-11
552.278	1.796	-1.492	3.807324485e-10	6.95119722e-11	-6.95119722e-11
556.280	2.109	-2.205	2.8358086e-10	5.3379093e-11	-5.3379093e-11
560.746	1.432	-2.357	3.228585441e-10	6.07724101e-11	-6.07724101e-11
564.618	2.266	-2.440	3.99059573e-10	5.94883643e-11	-5.94883643e-11
NO	NO	NO	NO	NO
! PC data
!Time    	T_+ve   	T_-ve   	Flux    	Fluxpos 	Fluxneg
162.017	15.363	-12.218	1.419757637e-10	3.203570945e-11	-3.203570945e-11
193.412	19.070	-16.033	1.282641339e-10	2.688551611e-11	-2.688551611e-11
227.076	12.986	-14.595	1.474619706e-10	3.227125828e-11	-3.227125828e-11
253.524	11.611	-13.462	1.618695114e-10	3.547521031e-11	-3.547521031e-11
284.135	21.118	-19.000	1.055321647e-10	2.268556109e-11	-2.268556109e-11
318.125	7.186	-12.873	1.935012899e-10	4.33333477e-11	-4.33333477e-11
332.352	5.496	-7.041	5.44194359e-10	9.21439784e-11	-9.21439784e-11
343.221	4.655	-5.374	7.08716605e-10	1.168922894e-10	-1.168922894e-10
355.570	7.350	-7.693	7.29528059e-10	9.71407496e-11	-9.71407496e-11
575.940	6.399	-6.138	3.241430878e-10	7.0936962e-11	-7.0936962e-11
589.960	14.945	-7.621	1.708685177e-10	3.83804683e-11	-3.83804683e-11
613.445	9.011	-8.540	2.532451918e-10	5.30828425e-11	-5.30828425e-11
634.168	8.346	-11.713	2.076444458e-10	4.45745358e-11	-4.45745358e-11
653.140	9.433	-10.626	2.31112541e-10	4.75929971e-11	-4.75929971e-11
670.972	9.151	-8.400	2.323027518e-10	5.09113091e-11	-5.09113091e-11
689.297	8.378	-9.173	2.646251942e-10	5.41521019e-11	-5.41521019e-11
708.688	11.552	-11.013	1.803747692e-10	3.97020481e-11	-3.97020481e-11
737.282	15.553	-17.042	1.303947246e-10	2.787645201e-11	-2.787645201e-11
763.373	12.029	-10.537	1.774865662e-10	3.90100054e-11	-3.90100054e-11
785.825	12.142	-10.423	1.805705588e-10	3.95737048e-11	-3.95737048e-11
812.924	10.116	-14.957	1.59405366e-10	3.50865151e-11	-3.50865151e-11
834.042	16.579	-11.002	1.495752114e-10	3.282800623e-11	-3.282800623e-11
870.979	22.267	-20.358	9.01033544e-11	2.026961624e-11	-2.026961624e-11
906.340	11.978	-13.095	1.772576471e-10	3.710630773e-11	-3.710630773e-11
936.583	19.345	-18.265	1.067469641e-10	2.339458984e-11	-2.339458984e-11
970.032	18.491	-14.104	1.181163957e-10	2.657141398e-11	-2.657141398e-11
999.242	9.340	-10.719	2.213154776e-10	4.62078776e-11	-4.62078776e-11
1022.817	13.345	-14.235	1.457783409e-10	3.194867653e-11	-3.194867653e-11
1050.918	17.839	-14.756	1.185399554e-10	2.67070879e-11	-2.67070879e-11
1086.334	12.511	-17.577	1.365971798e-10	3.002288359e-11	-3.002288359e-11
1123.459	15.502	-24.615	1.011070593e-10	2.212673728e-11	-2.212673728e-11
1167.589	16.504	-28.627	9.91978809e-11	2.079292446e-11	-2.079292446e-11
1198.531	10.635	-14.438	2.021711077e-10	3.97409226e-11	-3.97409226e-11
1227.830	11.424	-18.664	1.368249499e-10	2.998645646e-11	-2.998645646e-11
1254.760	17.089	-15.506	1.191871488e-10	2.677180341e-11	-2.677180341e-11
1288.237	13.700	-16.388	1.368294693e-10	2.998745226e-11	-2.998745226e-11
1324.079	20.482	-22.142	9.06775863e-11	2.036798979e-11	-2.036798979e-11
1353.953	8.159	-9.392	2.214379227e-10	4.97393674e-11	-4.97393674e-11
1370.166	6.990	-8.053	2.707112557e-10	5.91587545e-11	-5.91587545e-11
1391.429	13.308	-14.273	1.424047237e-10	3.193869938e-11	-3.193869938e-11
1421.126	13.698	-16.390	1.295513203e-10	2.90121734e-11	-2.90121734e-11
1451.988	17.935	-17.164	1.38464841e-10	2.786051155e-11	-2.786051155e-11
4761.352	16.427	-18.676	9.44572218e-11	2.073336413e-11	-2.073336413e-11
4811.742	16.183	-33.964	6.34432223e-11	1.429593077e-11	-1.429593077e-11
4847.718	22.832	-19.793	7.35219439e-11	1.649057439e-11	-1.649057439e-11
4889.465	23.709	-18.915	7.30102559e-11	1.645171521e-11	-1.645171521e-11
4935.352	17.939	-22.178	7.78729771e-11	1.749339478e-11	-1.749339478e-11
4985.921	22.532	-32.629	5.96000854e-11	1.306303462e-11	-1.306303462e-11
5032.008	16.561	-23.556	7.80932404e-11	1.751589603e-11	-1.751589603e-11
5064.025	14.632	-15.456	1.08997587e-10	2.396016977e-11	-2.396016977e-11
5096.732	19.535	-18.074	8.70686539e-11	1.913968581e-11	-1.913968581e-11
5131.931	19.439	-15.664	8.85517448e-11	1.995374465e-11	-1.995374465e-11
5170.165	16.307	-18.795	8.894409e-11	1.994968485e-11	-1.994968485e-11
5211.275	22.837	-24.802	6.51078935e-11	1.473934902e-11	-1.473934902e-11
5256.722	20.013	-22.611	7.71519413e-11	1.686055622e-11	-1.686055622e-11
5293.624	13.199	-16.889	1.089806967e-10	2.388618183e-11	-2.388618183e-11
5331.253	23.210	-24.429	6.53881346e-11	1.47798551e-11	-1.47798551e-11
5374.214	15.351	-19.751	9.28073344e-11	2.02818416e-11	-2.02818416e-11
5407.857	21.825	-18.292	7.76774939e-11	1.739589064e-11	-1.739589064e-11
5463.388	23.962	-33.706	5.63862558e-11	1.243156337e-11	-1.243156337e-11
5500.505	19.440	-13.155	9.55660451e-11	2.146796962e-11	-2.146796962e-11
5542.127	15.429	-22.181	8.22053965e-11	1.849511979e-11	-1.849511979e-11
5574.220	15.930	-16.665	9.59373253e-11	2.158462376e-11	-2.158462376e-11
5620.957	29.369	-30.806	5.15843167e-11	1.16597456e-11	-1.16597456e-11
5667.494	12.920	-17.168	1.039077468e-10	2.330595215e-11	-2.330595215e-11
5708.888	24.180	-28.474	6.54260516e-11	1.404678544e-11	-1.404678544e-11
5757.739	35.505	-24.671	5.19970758e-11	1.166266406e-11	-1.166266406e-11
5830.167	25.759	-36.923	5.17360613e-11	1.142317416e-11	-1.142317416e-11
5872.964	23.079	-17.038	7.7718743e-11	1.748568882e-11	-1.748568882e-11
5922.464	26.233	-26.420	6.22864091e-11	1.367187057e-11	-1.367187057e-11
5969.616	21.706	-20.919	7.29254597e-11	1.638199006e-11	-1.638199006e-11
6015.363	23.597	-24.042	6.86123052e-11	1.506040643e-11	-1.506040643e-11
6059.506	19.571	-20.546	7.7066494e-11	1.741955238e-11	-1.741955238e-11
6118.301	18.444	-39.224	5.38620943e-11	1.215575358e-11	-1.215575358e-11
6154.161	22.702	-17.415	7.80498465e-11	1.761451853e-11	-1.761451853e-11
6210.602	41.469	-33.739	7.53892604e-11	1.260783529e-11	-1.260783529e-11
6467.837	38.520	-31.685	4.41223277e-11	1.000751807e-11	-1.000751807e-11
6531.953	19.536	-25.596	7.22288976e-11	1.59284338e-11	-1.59284338e-11
6572.792	16.306	-21.303	8.33205776e-11	1.874885346e-11	-1.874885346e-11
6622.417	24.350	-33.319	5.36243662e-11	1.208569522e-11	-1.208569522e-11
6682.629	19.298	-35.863	5.95324476e-11	1.306925454e-11	-1.306925454e-11
6735.875	31.243	-33.947	4.76616307e-11	1.072485409e-11	-1.072485409e-11
6792.049	27.722	-24.932	5.84477533e-11	1.319366443e-11	-1.319366443e-11
6844.703	27.721	-24.932	6.48054384e-11	1.387601723e-11	-1.387601723e-11
6891.347	16.180	-18.922	8.80434272e-11	1.974916137e-11	-1.974916137e-11
6932.713	22.452	-25.186	6.43872024e-11	1.448845338e-11	-1.448845338e-11
6981.977	23.335	-26.811	6.20198411e-11	1.397784161e-11	-1.397784161e-11
7020.600	19.814	-15.288	8.81135545e-11	1.973379158e-11	-1.973379158e-11
7055.702	14.800	-15.288	1.022319686e-10	2.304072465e-11	-2.304072465e-11
7097.648	20.492	-27.146	6.82903171e-11	1.49918839e-11	-1.49918839e-11
7158.890	52.018	-40.749	6.43922197e-11	1.041164818e-11	-1.041164818e-11
10846.490	18.433	-14.162	7.88474823e-11	1.771517859e-11	-1.771517859e-11
10889.485	28.092	-24.562	4.93121309e-11	1.107927463e-11	-1.107927463e-11
10960.807	34.497	-43.230	3.403196673e-11	7.64618136e-12	-7.64618136e-12
11029.380	26.099	-34.077	4.5910593e-11	1.009479611e-11	-1.009479611e-11
11078.963	21.648	-23.484	6.64073359e-11	1.390445115e-11	-1.390445115e-11
11128.594	27.178	-27.983	5.02401016e-11	1.097988613e-11	-1.097988613e-11
11192.229	28.734	-36.457	4.22420658e-11	9.28816747e-12	-9.28816747e-12
11251.167	22.449	-30.205	5.03555761e-11	1.127774906e-11	-1.127774906e-11
11315.341	36.002	-41.725	3.348727945e-11	7.55996423e-12	-7.55996423e-12
11381.482	20.007	-30.139	5.53347676e-11	1.211165113e-11	-1.211165113e-11
11423.545	30.598	-22.056	4.96388682e-11	1.120628892e-11	-1.120628892e-11
11491.965	27.368	-37.822	4.41833013e-11	9.48835391e-12	-9.48835391e-12
11543.767	25.712	-24.434	5.25801933e-11	1.181353159e-11	-1.181353159e-11
11606.448	33.237	-36.968	3.701914459e-11	8.31733141e-12	-8.31733141e-12
11667.005	25.333	-27.321	5.04902006e-11	1.134395827e-11	-1.134395827e-11
11720.438	32.076	-28.100	4.54117355e-11	9.96993045e-12	-9.96993045e-12
11773.941	28.718	-21.428	5.25486724e-11	1.184422138e-11	-1.184422138e-11
11840.996	36.883	-38.336	3.461731329e-11	7.76531351e-12	-7.76531351e-12
11920.786	32.313	-42.907	3.633516787e-11	7.97721209e-12	-7.97721209e-12
11985.548	32.741	-32.450	3.98620655e-11	8.97037322e-12	-8.97037322e-12
12054.628	26.344	-36.339	4.34092583e-11	9.57395824e-12	-9.57395824e-12
12110.669	27.971	-29.697	4.53810189e-11	1.024505084e-11	-1.024505084e-11
12168.585	37.752	-29.945	3.84744565e-11	8.64431e-12	-8.64431e-12
12232.406	29.092	-26.068	4.72995425e-11	1.064406407e-11	-1.064406407e-11
12284.113	30.038	-22.615	5.19940501e-11	1.143242744e-11	-1.143242744e-11
12348.583	30.758	-34.432	4.18896292e-11	9.19666494e-12	-9.19666494e-12
12419.262	32.792	-39.920	3.774427849e-11	8.27399496e-12	-8.27399496e-12
12477.119	22.574	-25.065	5.44378582e-11	1.227003695e-11	-1.227003695e-11
12541.295	31.110	-41.602	3.568671057e-11	8.09540206e-12	-8.09540206e-12
12599.724	32.856	-27.319	4.35713056e-11	9.77386892e-12	-9.77386892e-12
12667.545	25.211	-34.965	4.31711089e-11	9.73056311e-12	-9.73056311e-12
12726.218	29.220	-33.462	4.16214143e-11	9.3364676e-12	-9.3364676e-12
12783.628	42.015	-28.190	3.722557776e-11	8.43092155e-12	-8.43092155e-12
12863.869	31.978	-38.226	3.73313164e-11	8.37411882e-12	-8.37411882e-12
12923.570	27.426	-27.723	5.91756448e-11	1.188038041e-11	-1.188038041e-11
16276.671	22.990	-32.171	3.099599467e-11	6.80676409e-12	-6.80676409e-12
16325.981	28.842	-26.319	2.954450893e-11	6.62827843e-12	-6.62827843e-12
16386.028	28.970	-31.206	2.675930612e-11	6.01339874e-12	-6.01339874e-12
16442.324	15.299	-27.326	3.87213e-11	8.68708344e-12	-8.68708344e-12
16486.444	36.368	-28.822	2.716815479e-11	5.80974232e-12	-5.80974232e-12
16555.152	25.329	-32.339	2.811542486e-11	6.34980679e-12	-6.34980679e-12
16624.465	56.306	-43.984	3.137657794e-11	5.06724703e-12	-5.06724703e-12
17984.067	34.867	-47.875	3.161080925e-11	7.12909306e-12	-7.12909306e-12
18062.791	48.913	-43.857	2.793840992e-11	6.31170595e-12	-6.31170595e-12
18161.707	37.753	-50.003	2.976157035e-11	6.68906436e-12	-6.68906436e-12
18244.945	39.763	-45.486	3.041111154e-11	6.85852654e-12	-6.85852654e-12
18337.720	39.758	-53.012	2.833941475e-11	6.40229694e-12	-6.40229694e-12
18420.837	49.413	-43.358	2.820904921e-11	6.34012455e-12	-6.34012455e-12
18512.983	37.500	-42.734	3.26947567e-11	7.34831077e-12	-7.34831077e-12
18616.052	57.286	-65.569	3.489857317e-11	6.13840994e-12	-6.13840994e-12
22009.937	36.490	-31.207	2.461837825e-11	5.52210932e-12	-5.52210932e-12
22085.150	39.005	-38.722	2.209438527e-11	4.96374511e-12	-4.96374511e-12
22164.441	34.934	-40.286	2.402820206e-11	5.27481005e-12	-5.27481005e-12
22255.028	22.073	-55.654	2.191065251e-11	4.95359944e-12	-4.95359944e-12
22304.222	20.519	-27.121	3.98761216e-11	8.55024903e-12	-8.55024903e-12
22351.439	23.448	-26.699	3.322411632e-11	7.44077463e-12	-7.44077463e-12
22407.726	27.337	-32.839	2.892384594e-11	6.47770198e-12	-6.47770198e-12
22463.889	41.379	-28.826	2.390813922e-11	5.37967545e-12	-5.37967545e-12
22543.374	24.576	-38.107	2.788208977e-11	6.26401479e-12	-6.26401479e-12
22608.932	39.253	-40.981	2.114078038e-11	4.79470423e-12	-4.79470423e-12
22698.015	42.934	-49.830	2.688407603e-11	5.03022625e-12	-5.03022625e-12
27691.123	52.733	-42.545	1.489207027e-11	3.263767438e-12	-3.263767438e-12
27778.575	32.978	-34.719	2.589494406e-11	5.84265734e-12	-5.84265734e-12
27891.337	60.627	-79.784	3.325384095e-11	7.34496335e-12	-7.34496335e-12
28021.255	86.163	-69.291	2.847555976e-11	6.45568714e-12	-6.45568714e-12
28163.054	84.774	-55.636	3.169566673e-11	7.17805578e-12	-7.17805578e-12
28350.050	90.835	-102.222	2.771799725e-11	5.72319198e-12	-5.72319198e-12
29454.397	45.767	-34.467	2.14537833e-11	4.82008947e-12	-4.82008947e-12
29540.391	50.037	-40.227	1.867751588e-11	4.18137952e-12	-4.18137952e-12
29628.905	36.742	-38.477	2.193501514e-11	4.96371064e-12	-4.96371064e-12
29697.859	30.471	-32.212	2.634905567e-11	5.89182688e-12	-5.89182688e-12
29762.543	43.513	-34.214	2.125981295e-11	4.77082035e-12	-4.77082035e-12
29842.780	43.511	-36.723	2.062724632e-11	4.62336535e-12	-4.62336535e-12
29916.434	27.525	-30.143	3.030166163e-11	6.63485837e-12	-6.63485837e-12
29975.922	33.227	-31.964	2.567872524e-11	5.74875723e-12	-5.74875723e-12
30053.644	38.247	-44.495	2.041067514e-11	4.58027019e-12	-4.58027019e-12
30141.402	33.225	-49.511	2.828775188e-11	5.3640682e-12	-5.3640682e-12
33831.989	52.667	-42.612	1.287709961e-11	2.901496164e-12	-2.901496164e-12
33925.017	37.366	-40.361	1.422554686e-11	3.205331596e-12	-3.205331596e-12
34002.195	27.885	-39.813	1.746872575e-11	3.815941602e-12	-3.815941602e-12
34060.789	29.467	-30.709	1.837623276e-11	4.12700501e-12	-4.12700501e-12
34124.600	35.861	-34.344	1.574996729e-11	3.541055991e-12	-3.541055991e-12
34213.209	55.066	-52.749	1.118751809e-11	2.406601948e-12	-2.406601948e-12
34303.626	27.333	-35.350	1.748574627e-11	3.92701773e-12	-3.92701773e-12
34364.051	27.084	-33.092	1.82175865e-11	4.10482548e-12	-4.10482548e-12
34424.853	36.486	-33.718	1.554406266e-11	3.483335593e-12	-3.483335593e-12
34499.443	39.623	-38.104	1.414656077e-11	3.180563752e-12	-3.180563752e-12
34582.937	31.349	-43.871	1.525779697e-11	3.336436326e-12	-3.336436326e-12
34645.623	26.330	-31.338	1.901363668e-11	4.27015509e-12	-4.27015509e-12
34702.836	39.316	-30.882	1.704276847e-11	3.662499929e-12	-3.662499929e-12
39232.345	36.237	-38.983	2.167996012e-11	4.86967648e-12	-4.86967648e-12
39314.962	28.839	-46.381	2.152364633e-11	4.81824724e-12	-4.81824724e-12
39400.449	58.689	-56.648	1.383176158e-11	3.120931418e-12	-3.120931418e-12
39513.540	38.370	-54.401	1.736397908e-11	3.90464287e-12	-3.90464287e-12
39598.160	44.013	-46.251	1.792293694e-11	4.02578577e-12	-4.02578577e-12
39676.392	35.986	-34.219	2.293481366e-11	5.14572756e-12	-5.14572756e-12
39755.493	52.164	-43.115	1.694184797e-11	3.818346842e-12	-3.818346842e-12
39852.654	40.251	-44.998	1.890715502e-11	4.25165619e-12	-4.25165619e-12
39943.545	37.117	-50.640	1.820260737e-11	4.10249684e-12	-4.10249684e-12
40017.491	33.376	-36.829	2.402386267e-11	5.27063918e-12	-5.27063918e-12
40104.768	31.347	-53.902	1.889319084e-11	4.22940006e-12	-4.22940006e-12
40164.696	29.088	-28.580	2.82017454e-11	6.31319582e-12	-6.31319582e-12
40246.490	35.050	-52.706	1.944175408e-11	4.26995593e-12	-4.26995593e-12
40342.453	61.946	-60.913	1.300811242e-11	2.935087179e-12	-2.935087179e-12
40452.027	50.158	-47.628	1.60980645e-11	3.615889978e-12	-3.615889978e-12
40565.554	56.981	-63.369	1.234859408e-11	2.182943353e-12	-2.182943353e-12
45066.628	99.200	-108.908	1.799569545e-11	4.05759009e-12	-4.05759009e-12
45247.546	91.288	-81.718	2.162185136e-11	4.87519934e-12	-4.87519934e-12
45408.898	50.287	-70.065	3.113953158e-11	7.01387517e-12	-7.01387517e-12
45543.780	95.933	-84.595	2.071110417e-11	4.66984623e-12	-4.66984623e-12
45712.784	64.832	-73.071	2.426567355e-11	5.46025482e-12	-5.46025482e-12
45831.887	56.051	-54.272	1.036017681e-11	2.334558499e-12	-2.334558499e-12
45941.597	49.141	-53.659	1.960053439e-11	4.29943927e-12	-4.29943927e-12
46043.004	65.578	-52.266	2.117271492e-11	4.78552372e-12	-4.78552372e-12
46176.891	59.565	-68.309	1.580746325e-11	3.546030012e-12	-3.546030012e-12
46292.856	76.488	-56.400	1.872200516e-11	4.21239103e-12	-4.21239103e-12
46474.466	87.940	-105.122	1.727604228e-11	3.074474667e-12	-3.074474667e-12
80292.792	99.807	-80.720	7.80593066e-12	1.76656069e-12	-1.76656069e-12
80435.846	49.524	-43.246	1.330838059e-11	2.99536257e-12	-2.99536257e-12
80544.910	58.304	-59.540	1.035182741e-11	2.324838342e-12	-2.324838342e-12
80651.975	59.054	-48.761	1.132037313e-11	2.542356681e-12	-2.542356681e-12
80791.753	74.729	-80.725	7.7660144e-12	1.757527635e-12	-1.757527635e-12
80947.959	63.948	-81.476	8.9229042e-12	1.963382858e-12	-1.963382858e-12
81071.826	47.895	-59.920	1.125635468e-11	2.530739142e-12	-2.530739142e-12
81178.137	49.398	-58.416	1.135190552e-11	2.549438351e-12	-2.549438351e-12
81272.538	50.276	-45.002	1.261477142e-11	2.823815721e-12	-2.823815721e-12
81405.666	82.630	-82.853	7.36897362e-12	1.656748462e-12	-1.656748462e-12
81551.971	86.763	-63.676	8.24163529e-12	1.85497241e-12	-1.85497241e-12
81736.641	105.177	-97.906	1.101022739e-11	1.845056157e-12	-1.845056157e-12
85150.441	51.532	-66.312	1.370387405e-11	3.076737048e-12	-3.076737048e-12
85269.537	70.339	-67.564	1.03213521e-11	2.32704672e-12	-2.32704672e-12
85404.930	75.356	-65.055	1.495295195e-11	3.364124545e-12	-3.364124545e-12
85553.220	205.378	-72.934	7.90797718e-12	1.78102277e-12	-1.78102277e-12
85837.567	73.978	-78.969	6.24789049e-12	1.410228597e-12	-1.410228597e-12
85947.271	44.508	-35.726	1.195874604e-11	2.679613157e-12	-2.679613157e-12
86039.789	52.283	-48.010	9.47210322e-12	2.13128393e-12	-2.13128393e-12
86146.101	53.786	-54.029	8.88085846e-12	1.998250029e-12	-1.998250029e-12
86242.133	32.973	-42.246	1.263991537e-11	2.844061484e-12	-2.844061484e-12
86314.718	48.145	-39.612	1.090296441e-11	2.440507406e-12	-2.440507406e-12
86414.631	76.105	-51.768	7.45399579e-12	1.678947525e-12	-1.678947525e-12
86544.513	46.515	-53.777	9.54333356e-12	2.147310948e-12	-2.147310948e-12
86651.736	47.107	-60.708	9.24628259e-12	2.03174606e-12	-2.03174606e-12
86764.904	66.827	-66.060	7.16975617e-12	1.611559824e-12	-1.611559824e-12
86894.155	50.405	-62.424	8.45744047e-12	1.900994839e-12	-1.900994839e-12
86999.341	37.990	-54.781	1.026386763e-11	2.311847365e-12	-2.311847365e-12
87108.782	66.450	-71.452	6.9220356e-12	1.56239105e-12	-1.56239105e-12
87243.048	52.535	-67.815	8.23184198e-12	1.854151258e-12	-1.854151258e-12
87369.665	63.821	-74.081	1.253397757e-11	2.819808392e-12	-2.819808392e-12
87508.382	75.542	-74.896	9.62128938e-12	1.974049408e-12	-1.974049408e-12
90941.505	70.467	-69.943	1.052974623e-11	2.364479608e-12	-2.364479608e-12
91104.610	52.786	-92.639	7.57612683e-12	1.706754474e-12	-1.706754474e-12
91202.273	45.387	-44.876	1.089831862e-11	2.449983975e-12	-2.449983975e-12
91306.933	56.064	-59.272	9.01311985e-12	1.968821075e-12	-1.968821075e-12
91448.743	42.128	-85.746	7.67666433e-12	1.729446841e-12	-1.729446841e-12
91545.526	43.130	-54.655	1.010547415e-11	2.264476393e-12	-2.264476393e-12
91656.764	69.789	-68.108	8.61172819e-12	1.767271921e-12	-1.767271921e-12
125444.065	79.367	-91.131	6.65713748e-12	1.504632735e-12	-1.504632735e-12
125607.669	83.754	-84.237	6.77225196e-12	1.532302187e-12	-1.532302187e-12
125763.122	83.755	-71.699	7.26158808e-12	1.6306991e-12	-1.6306991e-12
125960.945	94.041	-114.068	5.41923552e-12	1.222208918e-12	-1.222208918e-12
126152.077	88.441	-97.091	6.55509479e-12	1.422378889e-12	-1.422378889e-12
160005.660	75.478	-115.079	4.93279105e-12	1.115432348e-12	-1.115432348e-12
160170.893	83.250	-89.756	5.43683437e-12	1.226339573e-12	-1.226339573e-12
160350.187	94.513	-96.043	5.16386644e-12	1.138932462e-12	-1.138932462e-12
160540.472	82.240	-95.772	5.24668253e-12	1.186411057e-12	-1.186411057e-12
165976.809	60.557	-89.882	6.30089386e-12	1.42307863e-12	-1.42307863e-12
166128.994	88.896	-91.628	5.45073344e-12	1.206593625e-12	-1.206593625e-12
182829.213	80.994	-92.011	5.43711779e-12	1.227060762e-12	-1.227060762e-12
182988.823	74.331	-78.615	6.35537178e-12	1.401861579e-12	-1.401861579e-12
183150.776	110.456	-87.622	4.66683202e-12	1.056488265e-12	-1.056488265e-12
183338.204	73.469	-76.971	6.22511731e-12	1.397691475e-12	-1.397691475e-12
183521.687	115.644	-110.015	4.32191754e-12	9.56144946e-13	-9.56144946e-13
183834.060	186.879	-196.729	4.74545043e-12	7.70784053e-13	-7.70784053e-13
211596.966	93.906	-91.636	4.97679009e-12	1.124068998e-12	-1.124068998e-12
211810.078	96.424	-119.206	4.50635885e-12	9.94932505e-13	-9.94932505e-13
212012.428	82.124	-105.926	4.92182193e-12	1.114150064e-12	-1.114150064e-12
212188.571	71.464	-94.020	5.68841558e-12	1.277639359e-12	-1.277639359e-12
212338.631	104.438	-78.596	5.05728137e-12	1.149980097e-12	-1.149980097e-12
212566.579	134.732	-123.510	3.097687914e-12	7.58227781e-13	-7.58227781e-13
217356.024	59.679	-103.298	5.8808118e-12	1.327019166e-12	-1.327019166e-12
217489.661	99.047	-73.959	5.48300885e-12	1.24293841e-12	-1.24293841e-12
217702.613	101.725	-113.905	3.327774781e-12	8.6314029e-13	-8.6314029e-13
217890.591	126.870	-86.253	4.6569736e-12	1.030693981e-12	-1.030693981e-12
218097.630	72.777	-80.170	6.57877568e-12	1.440269585e-12	-1.440269585e-12
218235.843	77.481	-65.436	6.63903307e-12	1.499828766e-12	-1.499828766e-12
218475.320	166.451	-161.995	2.430498467e-12	6.00692221e-13	-6.00692221e-13
223251.300	264.434	-309.743	1.635746657e-12	4.30613028e-13	-4.30613028e-13
223908.935	371.521	-393.201	2.029141277e-12	4.20272411e-13	-4.20272411e-13
228721.240	68.597	-84.350	6.26220703e-12	1.383206415e-12	-1.383206415e-12
228920.390	85.077	-130.553	4.43997346e-12	9.78537041e-13	-9.78537041e-13
229108.511	92.521	-103.044	3.498192546e-12	9.14457694e-13	-9.14457694e-13
291821.611	110.453	-80.104	4.72947933e-12	1.075969177e-12	-1.075969177e-12
292042.343	135.695	-110.280	4.26547483e-12	9.40665618e-13	-9.40665618e-13
292309.665	91.526	-131.626	3.369441734e-12	8.77101406e-13	-8.77101406e-13
292579.523	222.833	-178.333	4.0835077e-12	7.1642448e-13	-7.1642448e-13
297704.046	127.138	-201.322	2.131037278e-12	5.57584805e-13	-5.57584805e-13
297939.077	95.200	-107.893	3.459681513e-12	8.9967466e-13	-8.9967466e-13
298173.087	129.474	-138.810	2.594054404e-12	6.79431276e-13	-6.79431276e-13
298531.955	209.375	-229.393	3.94156024e-12	6.54176256e-13	-6.54176256e-13
303383.591	91.189	-121.934	3.504259649e-12	9.13943325e-13	-9.13943325e-13
303678.594	189.836	-203.815	1.880440378e-12	4.89986071e-13	-4.89986071e-13
304007.746	106.403	-139.315	3.034170428e-12	7.8699989e-13	-7.8699989e-13
304217.862	101.887	-103.714	3.605581916e-12	9.40369176e-13	-9.40369176e-13
304490.974	189.815	-171.225	2.043032687e-12	5.34807795e-13	-5.34807795e-13
309112.481	148.191	-82.483	3.082107091e-12	8.01783307e-13	-8.01783307e-13
309363.384	100.382	-102.711	3.489956514e-12	9.14762562e-13	-9.14762562e-13
309583.359	126.124	-119.593	2.869368975e-12	7.5128514e-13	-7.5128514e-13
309853.308	139.503	-143.825	2.52827109e-12	6.57001647e-13	-6.57001647e-13
310101.084	159.998	-108.273	2.859966708e-12	7.21485059e-13	-7.21485059e-13
412492.969	101.720	-204.173	2.406568627e-12	6.24968676e-13	-6.24968676e-13
412794.504	191.328	-199.815	1.896704856e-12	4.94946687e-13	-4.94946687e-13
413188.999	130.306	-203.167	2.206142812e-12	5.80191763e-13	-5.80191763e-13
413533.665	226.916	-214.359	2.454631297e-12	5.30261585e-13	-5.30261585e-13
418469.522	225.788	-315.794	1.361402991e-12	3.548161407e-13	-3.548161407e-13
418904.154	172.269	-208.844	1.956164074e-12	5.11026559e-13	-5.11026559e-13
419233.882	228.656	-157.460	2.945407114e-12	6.1956761e-13	-6.1956761e-13
424032.471	136.488	-139.317	2.998511213e-12	7.87123216e-13	-7.87123216e-13
424305.266	121.948	-136.307	3.284252193e-12	8.54587134e-13	-8.54587134e-13
424548.666	136.803	-121.452	3.71526469e-12	9.06486698e-13	-9.06486698e-13
424853.367	120.444	-167.899	2.908977303e-12	7.64369952e-13	-7.64369952e-13
425213.131	307.260	-239.321	2.580987593e-12	5.2780847e-13	-5.2780847e-13
515897.854	115.593	-162.720	2.87955869e-12	7.47149123e-13	-7.47149123e-13
516249.369	205.367	-235.922	1.791187973e-12	4.69361521e-13	-4.69361521e-13
516660.574	245.481	-205.837	1.751863831e-12	4.5779607e-13	-4.5779607e-13
517019.458	302.797	-113.403	1.904748239e-12	4.97747949e-13	-4.97747949e-13
521639.963	240.975	-262.997	1.507444338e-12	3.94044954e-13	-3.94044954e-13
522238.043	244.653	-357.105	1.239630056e-12	3.244041406e-13	-3.244041406e-13
522792.584	289.346	-309.887	2.421441283e-12	4.53172494e-13	-4.53172494e-13
527387.957	191.656	-249.632	1.670053499e-12	4.34561375e-13	-4.34561375e-13
527823.553	295.134	-243.941	1.362844603e-12	3.556115168e-13	-3.556115168e-13
528400.139	262.624	-281.451	1.532500581e-12	3.757085609e-13	-3.757085609e-13
544546.044	109.073	-124.108	3.197189399e-12	8.31307628e-13	-8.31307628e-13
544804.425	236.814	-149.308	2.421777557e-12	5.62170464e-13	-5.62170464e-13
550476.933	504.566	-357.946	1.814003283e-12	3.294412417e-13	-3.294412417e-13
567865.112	455.224	-572.769	1.377291363e-12	2.680109525e-13	-2.680109525e-13
574868.334	292.218	-289.476	2.217243684e-12	4.38673646e-13	-4.38673646e-13
579004.559	180.118	-145.835	2.974139008e-12	7.72074763e-13	-7.72074763e-13
579543.116	298.470	-358.439	1.655491073e-12	4.08894247e-13	-4.08894247e-13
585913.176	407.679	-374.598	1.563649971e-12	3.173716478e-13	-3.173716478e-13
640253.272	2707.477	-4110.413	1.172230865e-12	2.309270158e-13	-2.309270158e-13
654242.591	478.147	-544.831	1.780177489e-12	3.428858056e-13	-3.428858056e-13
660086.400	455.281	-635.395	1.705886596e-12	3.701196717e-13	-3.701196717e-13
764580.828	300.383	-369.066	1.501332041e-12	3.678237782e-13	-3.678237782e-13
770335.040	245.796	-363.478	1.749578853e-12	4.06443813e-13	-4.06443813e-13
783143.770	2798.571	-1693.658	1.392865675e-12	2.635549773e-13	-2.635549773e-13
803672.300	5429.229	-5027.607	8.92623247e-13	1.830193459e-13	-1.830193459e-13
814653.565	447.383	-407.607	1.520208196e-12	3.030177653e-13	-3.030177653e-13
872905.634	294.479	-530.431	9.27079459e-13	2.460618353e-13	-2.460618353e-13
873597.980	304.168	-397.867	1.569657709e-12	3.462942758e-13	-3.462942758e-13
878491.961	283.929	-262.668	1.420067484e-12	3.710962834e-13	-3.710962834e-13
878895.315	226.576	-119.426	2.258900296e-12	5.91604014e-13	-5.91604014e-13
942427.819	353.766	-315.683	1.257244992e-12	3.093900044e-13	-3.093900044e-13
947429.336	392.435	-397.372	1.119208345e-12	2.942434268e-13	-2.942434268e-13
948152.716	388.642	-330.945	1.244825068e-12	3.152122555e-13	-3.152122555e-13
953292.377	184.468	-316.997	1.455650099e-12	3.809597973e-13	-3.809597973e-13
953891.468	410.274	-414.623	1.475574525e-12	2.989444454e-13	-2.989444454e-13
959272.243	488.442	-837.920	6.53292292e-13	1.580404306e-13	-1.580404306e-13
996090.270	2252.271	-3204.751	1.1797166e-12	2.555572096e-13	-2.555572096e-13
1032830.236	490.231	-540.269	1.485815562e-12	3.287785751e-13	-3.287785751e-13
1038600.359	482.247	-575.833	1.420720116e-12	3.102475031e-13	-3.102475031e-13
1044456.956	685.409	-683.577	8.58530502e-13	1.790365672e-13	-1.790365672e-13
1096052.750	628.622	-587.418	1.039365867e-12	2.118840643e-13	-2.118840643e-13
1101407.837	258.015	-318.671	1.27686072e-12	3.352084174e-13	-3.352084174e-13
1101992.777	387.649	-326.925	1.298063983e-12	3.024339584e-13	-3.024339584e-13
1108820.031	460.272	-454.893	8.14553293e-13	2.161341387e-13	-2.161341387e-13
1113157.971	802.824	-548.611	8.40525289e-13	1.879738339e-13	-1.879738339e-13
1181689.540	232.440	-221.387	1.634939293e-12	4.24233397e-13	-4.24233397e-13
1182469.670	610.676	-547.690	9.34146575e-13	2.03497858e-13	-2.03497858e-13
1187583.680	234.108	-415.290	1.146022175e-12	2.997760533e-13	-2.997760533e-13
1190458.907	4082.667	-2641.120	7.49694158e-13	1.29049552e-13	-1.29049552e-13
1262778.342	5502.738	-5853.375	9.08450722e-13	1.785156872e-13	-1.785156872e-13
1273675.108	512.436	-309.970	9.05302462e-13	2.390292659e-13	-2.390292659e-13
1274503.177	439.053	-315.633	1.179260447e-12	2.827261572e-13	-2.827261572e-13
1282707.633	2914.017	-2095.638	6.85874102e-13	1.657765327e-13	-1.657765327e-13
1349739.480	383.129	-296.349	1.440948644e-12	3.269518949e-13	-3.269518949e-13
1360744.101	357.162	-535.437	9.2312958e-13	2.288439937e-13	-2.288439937e-13
1376030.592	25510.377	-10895.012	8.67843147e-13	1.358512873e-13	-1.358512873e-13
1472644.153	9716.905	-2697.982	5.35036829e-13	1.291057381e-13	-1.291057381e-13
1509245.191	717.296	-691.807	5.59719264e-13	1.449574953e-13	-1.449574953e-13
1517657.039	4123.994	-3343.698	5.16541376e-13	1.085013339e-13	-1.085013339e-13
1607199.628	681.193	-1026.278	5.19491242e-13	1.264703151e-13	-1.264703151e-13
1616110.026	3170.624	-4236.680	4.67605083e-13	9.31734824e-14	-9.31734824e-14
1696761.587	2619.851	-4491.458	5.9783619e-13	1.349667871e-13	-1.349667871e-13
1704267.861	6094.604	-498.127	4.64319326e-13	1.203866282e-13	-1.203866282e-13
1779387.629	693.447	-968.893	5.93794008e-13	1.438798099e-13	-1.438798099e-13
1786953.722	4214.909	-2792.404	6.54474996e-13	1.123084688e-13	-1.123084688e-13
1861753.214	21887.484	-24151.278	5.00928381e-13	8.15765871e-14	-8.15765871e-14
1970649.940	5332.099	-18483.207	4.64583979e-13	1.04510742e-13	-1.04510742e-13
2064485.020	14156.098	-10621.026	4.90528016e-13	8.5103749e-14	-8.5103749e-14
2218717.781	14964.623	-9801.814	3.645420044e-13	7.90383312e-14	-7.90383312e-14
2378807.768	9384.690	-8351.670	3.750908585e-13	7.3659709e-14	-7.3659709e-14
2592453.503	14728.984	-14973.940	2.861421342e-13	6.84176646e-14	-6.84176646e-14
2722672.777	43818.308	-24471.112	4.39988868e-13	7.88118633e-14	-7.88118633e-14
3015931.455	15090.576	-13676.290	3.708176892e-13	6.58328742e-14	-6.58328742e-14
3261513.041	5368.586	-7864.438	2.951456982e-13	5.80059245e-14	-5.80059245e-14
3548832.389	4968.266	-7904.861	1.965514253e-13	4.80218805e-14	-4.80218805e-14
3912126.022	123039.486	-130214.293	1.170907983e-13	2.782277839e-14	-2.782277839e-14
4272925.833	78995.228	-77522.085	1.222180193e-13	2.999658298e-14	-2.999658298e-14
4710480.007	88740.568	-107565.235	1.519499646e-13	3.087496667e-14	-3.087496667e-14
5236014.428	199867.471	-185368.842	1.879941712e-13	2.918286884e-14	-2.918286884e-14
6045667.458	400675.333	-384727.519	1.208445047e-13	2.49020089e-14	-2.49020089e-14
6992876.340	229025.245	-271617.189	1.120636552e-13	2.208864027e-14	-2.208864027e-14
7840106.111	340115.571	-389314.980	7.7821004e-14	1.810877237e-14	-1.810877237e-14
8926116.483	453684.656	-396840.354	5.92591388e-14	1.567303791e-14	-1.567303791e-14
10195340.357	160962.405	-489393.598	8.41015146e-14	1.977221031e-14	-1.977221031e-14
10619219.832	63061.543	-40374.845	7.37060903e-14	3.664148361e-14	-2.83968456e-14
NO	NO	NO	NO	NO
! PC upper limits
8719293.012	808.608	-552.856	4.074354e-13	0	0
