col1	col2	col3	col4	col5	col6	col7
87.9801323766659	0.806783657658727	-0.716170363047382	1.61565320853165e-09	2.42835981804079e-10	-2.4405626636976e-10 1
89.7553671574009	0.949478883904604	-0.968451123076292	1.2084299826188e-09	1.80676384102011e-10	-1.8112024386015e-10 1
91.3726938101455	0.87109921735852	-0.667847768839977	1.47075745317978e-09	2.19281287355223e-10	-2.19341704967024e-10 1
93.8083736089346	1.93403049434446	-1.56458058143065	1.0706690937832e-09	1.23634335554979e-10	-1.2365141821523e-10 1
104.692	1.585	-1.260	8.68576925e-10	1.2948367e-10	-1.294943575e-10 2
107.930	1.825	-1.653	7.00291075e-10	1.063900725e-10	-1.063970075e-10 2
111.308	1.468	-1.553	8.1794905e-10	1.219342575e-10	-1.219403375e-10 2
114.597	1.777	-1.821	6.860805e-10	1.02275765e-10	-1.0227985e-10 2
118.284	1.583	-1.911	7.059336e-10	1.052350625e-10	-1.05238245e-10 2
121.800	2.288	-1.932	5.761484e-10	8.75287725e-11	-8.75309575e-11 2
126.669	2.142	-2.581	4.9286475e-10	7.631977e-11	-7.63214325e-11 2
130.981	2.313	-2.170	5.33786e-10	7.95727125e-11	-7.95745175e-11 2
135.201	2.689	-1.906	5.20816125e-10	7.763932e-11	-7.7641125e-11 2
139.418	1.885	-1.528	4.5763381e-10	8.5964075e-11	-8.59653575e-11 2
143.611	1.894	-2.309	3.71607605e-10	6.98045275e-11	-6.98055725e-11 2
147.427	1.901	-1.922	4.173998375e-10	7.62068625e-11	-7.620805e-11 2
151.116	1.596	-1.788	4.71611445e-10	8.610458e-11	-8.61059575e-11 2
154.382	1.889	-1.670	4.485028375e-10	8.18854875e-11	-8.188677e-11 2
159.003	1.699	-2.733	3.37034635e-10	6.70967425e-11	-6.7097645e-11 2
162.968	1.736	-2.266	3.903791775e-10	7.33306425e-11	-7.33316875e-11 2
166.328	1.848	-1.625	4.74891035e-10	8.5293375e-11	-8.52947525e-11 2
170.466	1.660	-2.290	3.694087825e-10	7.5757655e-11	-7.57585575e-11 2
174.378	2.297	-2.253	3.3573361e-10	6.49109825e-11	-6.4911885e-11 2
178.595	1.770	-1.920	4.41770805e-10	8.06562825e-11	-8.0657565e-11 2
183.620	2.758	-3.256	2.618251775e-10	5.06214625e-11	-5.0622175e-11 2
188.424	2.662	-2.046	3.49295905e-10	6.37726925e-11	-6.37737375e-11 2
192.756	2.111	-1.670	4.347532025e-10	7.93750175e-11	-7.9376395e-11 2
197.374	1.967	-2.508	3.516141425e-10	6.7981335e-11	-6.7982475e-11 2
202.120	3.622	-2.779	2.387710525e-10	4.616417175e-11	-4.616496025e-11 2
207.903	2.013	-2.161	3.743849775e-10	7.0326125e-11	-7.0327455e-11 2
212.731	2.544	-2.815	2.8721312e-10	5.71782675e-11	-5.71792175e-11 2
217.953	1.969	-2.678	3.463442075e-10	6.505885e-11	-6.50601325e-11 2
223.078	2.511	-3.156	2.70571305e-10	5.23124625e-11	-5.2313365e-11 2
227.960	1.971	-2.372	3.67725715e-10	6.7137545e-11	-6.713897e-11 2
1120.534	1.330	-1.246	9.28941825e-10	1.384793625e-10	-1.384825925e-10 2
1123.686	1.242	-1.822	7.69983075e-10	1.16976255e-10	-1.169788675e-10 2
1126.395	1.431	-1.467	8.257267e-10	1.2309283e-10	-1.23095775e-10 2
1129.251	1.329	-1.425	8.6894505e-10	1.295354925e-10	-1.295386275e-10 2
1131.975	1.389	-1.395	8.472746e-10	1.287183975e-10	-1.287213425e-10 2
1134.737	0.798	-1.373	1.10260515e-09	1.643677175e-10	-1.6437166e-10 2
1137.128	1.291	-1.593	8.29842575e-10	1.2370634e-10	-1.237093325e-10 2
1139.947	1.464	-1.528	7.88395975e-10	1.1977353e-10	-1.197762375e-10 2
1142.630	1.066	-1.219	1.033017175e-09	1.56936485e-10	-1.569400475e-10 2
1144.817	1.236	-1.121	1.01552245e-09	1.5138611e-10	-1.5138972e-10 2
1147.181	1.361	-1.128	9.20657825e-10	1.453371275e-10	-1.453402625e-10 2
1149.718	1.087	-1.176	1.0427447e-09	1.584142575e-10	-1.584179625e-10 2
1152.102	1.274	-1.297	9.52320375e-10	1.4196439e-10	-1.4196781e-10 2
1154.852	1.632	-1.476	7.9267335e-10	1.181655125e-10	-1.18168315e-10 2
1157.944	1.447	-1.460	8.475026e-10	1.2633898e-10	-1.263419725e-10 2
1160.850	1.335	-1.459	8.78063625e-10	1.308948e-10	-1.30897935e-10 2
1163.643	1.261	-1.459	8.668655e-10	1.31694605e-10	-1.316975975e-10 2
1166.020	1.246	-1.115	1.0132795e-09	1.5105171e-10	-1.510552725e-10 2
1168.454	1.493	-1.189	8.5406425e-10	1.348245225e-10	-1.34827325e-10 2
1171.245	1.321	-1.298	9.134725e-10	1.361733325e-10	-1.361764675e-10 2
1173.797	1.184	-1.232	9.76208125e-10	1.483060675e-10	-1.48309345e-10 2
1176.261	1.359	-1.280	8.80990575e-10	1.36420855e-10	-1.364237525e-10 2
1178.752	1.066	-1.132	1.02682175e-09	1.6528062e-10	-1.652838975e-10 2
1180.873	0.908	-1.056	1.200808075e-09	1.8242736e-10	-1.82431445e-10 2
1183.085	1.056	-1.303	1.014217625e-09	1.5119155e-10	-1.511951125e-10 2
1185.385	0.944	-1.244	1.093354525e-09	1.629886975e-10	-1.62992545e-10 2
1187.756	1.140	-1.427	9.31963775e-10	1.389298525e-10	-1.3893313e-10 2
1190.122	1.186	-1.226	9.91758675e-10	1.478436075e-10	-1.47847075e-10 2
1192.369	0.977	-1.060	1.157765475e-09	1.7588832e-10	-1.758922625e-10 2
1194.415	1.093	-1.069	1.09151105e-09	1.6582288e-10	-1.658266325e-10 2
1196.637	1.017	-1.130	1.114789375e-09	1.661840225e-10	-1.6618806e-10 2
1198.662	1.195	-1.007	1.08688645e-09	1.620244e-10	-1.6202839e-10 2
1200.898	1.228	-1.041	1.0402747e-09	1.580390075e-10	-1.580427125e-10 2
1203.411	1.384	-1.285	8.9700425e-10	1.33718295e-10	-1.33721525e-10 2
1205.904	1.274	-1.110	1.003806575e-09	1.49639535e-10	-1.49643145e-10 2
1208.284	0.974	-1.106	1.1342487e-09	1.7231556e-10	-1.7231955e-10 2
1210.436	0.975	-1.178	1.095794125e-09	1.664735825e-10	-1.6647743e-10 2
1212.682	1.168	-1.271	9.67125175e-10	1.469260975e-10	-1.4692947e-10 2
1215.247	1.015	-1.397	9.7779415e-10	1.485469875e-10	-1.485504075e-10 2
1217.730	1.386	-1.467	8.26604025e-10	1.255780775e-10	-1.25580975e-10 2
1220.421	1.116	-1.305	9.882831e-10	1.4732543e-10	-1.47328945e-10 2
1222.780	1.164	-1.243	9.65765725e-10	1.495481925e-10	-1.495515175e-10 2
1225.481	1.211	-1.536	8.57048675e-10	1.327134325e-10	-1.327163775e-10 2
1227.973	1.219	-1.281	9.86155575e-10	1.4700832e-10	-1.470117875e-10 2
1230.225	1.463	-1.033	9.87548275e-10	1.47215895e-10	-1.472193625e-10 2
1232.910	1.134	-1.223	1.015855425e-09	1.573045625e-10	-1.57307935e-10 2
1235.710	1.194	-1.665	8.62174875e-10	1.2852626e-10	-1.285293e-10 2
1238.159	1.002	-1.255	1.04497435e-09	1.649620375e-10	-1.64965505e-10 2
1240.391	1.256	-1.229	9.916784e-10	1.478316375e-10	-1.478350575e-10 2
1242.644	1.017	-0.997	1.04923415e-09	1.906093775e-10	-1.9061237e-10 2
1244.875	1.149	-1.214	1.013438625e-09	1.569302625e-10	-1.569336825e-10 2
1247.461	1.284	-1.438	8.78683975e-10	1.334900575e-10	-1.334930975e-10 2
1249.589	0.764	-0.843	1.4682573e-09	2.230583375e-10	-2.230633725e-10 2
1251.510	1.048	-1.158	1.069223575e-09	1.62436985e-10	-1.624406425e-10 2
1254.359	1.458	-1.801	7.23711425e-10	1.09946635e-10	-1.099490575e-10 2
1256.613	0.790	-0.795	1.50955285e-09	2.250323425e-10	-2.2503752e-10 2
1258.834	1.695	-1.431	7.6589095e-10	1.14172995e-10	-1.14175655e-10 2
1261.718	1.229	-1.189	9.76164425e-10	1.4829937e-10	-1.48302885e-10 2
1264.676	1.465	-1.729	7.2836595e-10	1.127869925e-10	-1.1278951e-10 2
1267.271	1.091	-1.131	1.0775014e-09	1.6062543e-10	-1.6062923e-10 2
1269.234	0.945	-0.871	1.317351225e-09	1.963803425e-10	-1.9638495e-10 2
1271.569	1.150	-1.390	9.2839985e-10	1.410429375e-10	-1.4104612e-10 2
1273.779	0.979	-1.059	1.156856325e-09	1.757502375e-10	-1.7575418e-10 2
1275.746	1.028	-0.988	1.170124025e-09	1.777657575e-10	-1.777698425e-10 2
1278.350	1.521	-1.576	7.5042115e-10	1.162022425e-10	-1.162048075e-10 2
1281.021	1.145	-1.150	1.042351875e-09	1.553855625e-10	-1.553893625e-10 2
1283.167	0.890	-1.001	1.26492975e-09	1.885657375e-10	-1.885702975e-10 2
1285.326	1.228	-1.268	9.31050825e-10	1.441726175e-10	-1.441758e-10 2
1287.398	0.936	-0.845	1.343276725e-09	2.00245085e-10	-2.002497875e-10 2
1289.702	0.988	-1.368	9.722718e-10	1.534850875e-10	-1.5348827e-10 2
1291.738	1.105	-1.048	1.111650575e-09	1.65716195e-10	-1.65719995e-10 2
1293.937	0.753	-1.094	1.277376175e-09	1.9405973e-10	-1.940640525e-10 2
1295.737	1.464	-1.048	9.52622475e-10	1.42009515e-10	-1.420127925e-10 2
1298.292	1.045	-1.090	1.120916875e-09	1.670975425e-10	-1.6710139e-10 2
1300.498	1.388	-1.161	9.37000675e-10	1.423495675e-10	-1.423527975e-10 2
1303.335	1.279	-1.449	8.90877225e-10	1.3534251e-10	-1.35345645e-10 2
1305.701	1.136	-1.088	1.0767585e-09	1.667353075e-10	-1.66738965e-10 2
1307.962	1.024	-1.125	1.146923125e-09	1.70974255e-10	-1.709782925e-10 2
1309.868	0.962	-0.881	1.3373302e-09	1.993586875e-10	-1.9936339e-10 2
1311.593	0.961	-0.763	1.3838061e-09	2.102284925e-10	-2.102333375e-10 2
1313.612	0.891	-1.058	1.227216175e-09	1.82943685e-10	-1.82948055e-10 2
1315.967	1.075	-1.464	9.42549625e-10	1.405078975e-10	-1.4051127e-10 2
1318.162	1.197	-1.119	1.018315925e-09	1.547030825e-10	-1.547065975e-10 2
1320.332	1.137	-0.973	1.117902525e-09	1.69832355e-10	-1.69836155e-10 2
1323.205	1.507	-1.737	7.27292925e-10	1.104907e-10	-1.104932175e-10 2
1325.903	1.140	-1.191	1.012100075e-09	1.537587825e-10	-1.5376225e-10 2
1328.017	1.203	-0.975	1.083219925e-09	1.64563275e-10	-1.645670275e-10 2
1330.338	1.361	-1.117	9.38015275e-10	1.452510575e-10	-1.452542875e-10 2
1333.033	1.119	-1.334	9.3369895e-10	1.473958725e-10	-1.473990075e-10 2
1335.241	1.158	-1.089	1.034664475e-09	1.602170725e-10	-1.60220635e-10 2
1337.746	1.253	-1.346	8.8132165e-10	1.391274525e-10	-1.391303975e-10 2
1340.058	1.213	-1.059	1.05337615e-09	1.570289675e-10	-1.5703272e-10 2
1342.486	1.116	-1.216	1.026073625e-09	1.529589775e-10	-1.52962635e-10 2
1344.506	0.680	-0.904	1.51140345e-09	2.2530808e-10	-2.253134475e-10 2
1346.601	1.007	-1.415	9.6016025e-10	1.4868013e-10	-1.486834075e-10 2
1348.818	1.185	-1.210	9.70862475e-10	1.50337405e-10	-1.5034073e-10 2
1350.878	0.884	-0.876	1.36011025e-09	2.0275451e-10	-2.027594025e-10 2
1353.022	1.157	-1.261	9.89815925e-10	1.47554e-10	-1.47557515e-10 2
1355.396	0.983	-1.216	1.08818035e-09	1.622173925e-10	-1.62221145e-10 2
1357.467	0.889	-1.088	1.210624425e-09	1.804704075e-10	-1.804745875e-10 2
1359.234	0.881	-0.879	1.3599668e-09	2.027331825e-10	-2.027379325e-10 2
1361.272	1.230	-1.157	9.87937775e-10	1.500879825e-10	-1.500914025e-10 2
1363.607	1.027	-1.105	1.074657575e-09	1.696479125e-10	-1.69651475e-10 2
1365.511	0.720	-0.877	1.497530125e-09	2.23240025e-10	-2.232452975e-10 2
1367.211	1.016	-0.980	1.19857035e-09	1.78673435e-10	-1.786776625e-10 2
1369.569	1.190	-1.342	9.45037675e-10	1.408787775e-10	-1.40882055e-10 2
1371.782	1.012	-1.023	1.1755186e-09	1.752370475e-10	-1.752411325e-10 2
1373.667	1.072	-0.873	1.195255325e-09	1.850845575e-10	-1.850885e-10 2
1376.127	1.165	-1.388	9.103147e-10	1.40961665e-10	-1.40964705e-10 2
1378.456	0.818	-1.164	1.207028675e-09	1.7993437e-10	-1.7993855e-10 2
1380.800	1.010	-1.526	9.3014215e-10	1.413077025e-10	-1.41310885e-10 2
1382.773	1.201	-0.964	1.104879925e-09	1.647067725e-10	-1.647106675e-10 2
1384.993	1.004	-1.019	1.1657564e-09	1.771022775e-10	-1.77106315e-10 2
1386.746	0.726	-0.749	1.622447525e-09	2.41861735e-10	-2.418673875e-10 2
1388.367	0.857	-0.895	1.3459923e-09	2.044838425e-10	-2.0448845e-10 2
1390.204	0.964	-0.979	1.196542575e-09	1.852838675e-10	-1.852878575e-10 2
1392.204	0.851	-1.036	1.2495958e-09	1.898392125e-10	-1.8984344e-10 2
1394.409	1.086	-1.354	9.670335e-10	1.469122275e-10	-1.46915505e-10 2
1396.222	0.618	-0.727	1.779055975e-09	2.652076525e-10	-2.65213875e-10 2
1398.076	1.123	-1.236	1.014165375e-09	1.511838075e-10	-1.511873225e-10 2
1400.284	0.933	-1.086	1.184832875e-09	1.7662552e-10	-1.766297e-10 2
1402.095	0.832	-0.877	1.379399525e-09	2.095590275e-10	-2.09563825e-10 2
1404.030	0.851	-1.102	1.13738465e-09	1.867088675e-10	-1.86712525e-10 2
1405.930	0.853	-1.049	1.257980025e-09	1.875297625e-10	-1.8753418e-10 2
1407.982	1.082	-1.199	1.049101625e-09	1.56391755e-10	-1.5639546e-10 2
1410.122	1.113	-1.058	1.039535125e-09	1.67327015e-10	-1.6733034e-10 2
1412.275	1.210	-1.041	1.04807895e-09	1.59224655e-10	-1.592282175e-10 2
1414.612	0.880	-1.127	1.192361625e-09	1.7774785e-10	-1.777520775e-10 2
1416.229	0.912	-0.737	1.45093405e-09	2.16293815e-10	-2.162990875e-10 2
1418.041	0.799	-0.900	1.368384275e-09	2.118933675e-10	-2.11898165e-10 2
1419.538	0.971	-0.698	1.39335265e-09	2.157596775e-10	-2.157645225e-10 2
1421.609	0.811	-1.100	1.252666675e-09	1.867377e-10	-1.867422125e-10 2
1423.485	1.264	-1.065	9.98454275e-10	1.54609935e-10	-1.54613355e-10 2
1425.922	1.095	-1.174	1.055179725e-09	1.57297865e-10	-1.5730157e-10 2
1427.776	0.903	-0.759	1.419896125e-09	2.157113225e-10	-2.15716215e-10 2
1429.870	1.207	-1.192	9.8355305e-10	1.4942189e-10	-1.49425215e-10 2
1431.925	0.969	-0.848	1.317367375e-09	1.963828125e-10	-1.963873725e-10 2
1433.903	0.835	-1.010	1.2785214e-09	1.942336275e-10	-1.9423795e-10 2
1435.882	0.895	-1.143	1.156911425e-09	1.757585975e-10	-1.7576254e-10 2
1437.844	0.892	-1.066	1.204211925e-09	1.829444925e-10	-1.82948625e-10 2
1439.712	0.980	-0.976	1.206481e-09	1.832891525e-10	-1.83293285e-10 2
1441.919	1.171	-1.228	9.6943225e-10	1.5011596e-10	-1.501191425e-10 2
1444.074	0.871	-0.985	1.271320875e-09	1.9313975e-10	-1.93144025e-10 2
1445.793	1.127	-0.847	1.211858475e-09	1.80654375e-10	-1.806585075e-10 2
1448.072	0.896	-1.152	1.16871375e-09	1.74222685e-10	-1.742267225e-10 2
1450.036	1.369	-1.069	9.67890875e-10	1.4704252e-10	-1.470457975e-10 2
1452.313	0.810	-0.908	1.372727675e-09	2.0854552e-10	-2.08550175e-10 2
1454.378	1.352	-1.254	9.1825765e-10	1.3688664e-10	-1.368898225e-10 2
1456.826	1.483	-1.096	9.01284475e-10	1.395633125e-10	-1.39566305e-10 2
1459.604	1.186	-1.294	9.23702575e-10	1.458178275e-10	-1.4582082e-10 2
1461.820	1.022	-1.030	1.166132125e-09	1.73837745e-10	-1.7384183e-10 2
1464.005	0.994	-1.164	1.1084524e-09	1.652393425e-10	-1.6524319e-10 2
1465.673	0.947	-0.674	1.4758934e-09	2.20014585e-10	-2.200197625e-10 2
1467.934	1.300	-1.314	9.022245e-10	1.3706638e-10	-1.370694675e-10 2
1470.361	1.040	-1.127	1.1046429e-09	1.6467148e-10	-1.6467528e-10 2
1472.980	1.028	-1.580	9.449156e-10	1.40860585e-10	-1.408638625e-10 2
1475.162	1.437	-1.153	9.725454e-10	1.433949475e-10	-1.433983675e-10 2
1477.760	1.149	-1.161	1.0519939e-09	1.5981945e-10	-1.5982306e-10 2
1480.063	0.997	-1.154	1.1294227e-09	1.71582445e-10	-1.7158634e-10 2
1482.629	1.143	-1.570	8.6391195e-10	1.337761975e-10	-1.337791425e-10 2
1484.795	1.145	-1.022	1.0889679e-09	1.65436515e-10	-1.65440315e-10 2
1487.150	1.207	-1.211	9.90123725e-10	1.475998375e-10	-1.476033525e-10 2
1489.067	0.790	-0.709	1.5961596e-09	2.379429375e-10	-2.379485425e-10 2
1490.685	0.961	-0.827	1.33886445e-09	1.995874e-10	-1.99592055e-10 2
1492.563	0.927	-0.917	1.278803075e-09	1.94276425e-10	-1.942807475e-10 2
1494.721	1.144	-1.231	9.929362e-10	1.508474125e-10	-1.50850785e-10 2
1496.843	1.003	-0.978	1.20822805e-09	1.801131125e-10	-1.8011734e-10 2
1499.102	1.332	-1.257	9.24236e-10	1.377777875e-10	-1.37781065e-10 2
1501.406	1.079	-0.972	1.166304075e-09	1.738634425e-10	-1.738676225e-10 2
1503.737	1.036	-1.252	1.045907725e-09	1.559156625e-10	-1.559193675e-10 2
1505.902	1.071	-1.128	1.072779425e-09	1.62977155e-10	-1.629808125e-10 2
1508.243	1.263	-1.270	9.44639625e-10	1.4081945e-10	-1.408227275e-10 2
1510.570	0.874	-1.064	1.217589825e-09	1.849768275e-10	-1.8498096e-10 2
1512.594	0.988	-1.151	1.11909715e-09	1.66826175e-10	-1.6683007e-10 2
1514.445	0.955	-0.863	1.29738175e-09	1.97098875e-10	-1.971032925e-10 2
1516.322	1.058	-0.922	1.191271975e-09	1.809786575e-10	-1.80982695e-10 2
1518.447	0.926	-1.066	1.200969575e-09	1.790311575e-10	-1.7903529e-10 2
1520.612	0.919	-1.239	1.1088951e-09	1.653053675e-10	-1.65309215e-10 2
1522.661	0.941	-1.130	1.122591725e-09	1.73832615e-10	-1.738363675e-10 2
1524.528	0.972	-0.927	1.260656175e-09	1.879287625e-10	-1.879331325e-10 2
1526.644	0.848	-1.144	1.149604975e-09	1.81479355e-10	-1.814831075e-10 2
1528.603	1.226	-1.110	1.024478575e-09	1.5272124e-10	-1.527248025e-10 2
1530.786	1.169	-0.957	1.1256379e-09	1.67801255e-10	-1.6780515e-10 2
1533.025	0.926	-1.070	1.181762e-09	1.795338975e-10	-1.79537935e-10 2
1535.018	0.925	-1.068	1.183916125e-09	1.798610775e-10	-1.798651625e-10 2
1537.278	1.056	-1.335	9.86631525e-10	1.498895275e-10	-1.498929475e-10 2
1539.365	0.984	-1.030	1.171416975e-09	1.779622175e-10	-1.779662075e-10 2
1541.466	1.585	-1.118	8.729626e-10	1.3262095e-10	-1.32623895e-10 2
1543.984	0.898	-0.933	1.3073045e-09	1.948827625e-10	-1.948872275e-10 2
1546.059	0.981	-1.177	1.108725525e-09	1.652800975e-10	-1.652838975e-10 2
1548.380	0.927	-1.340	9.951573e-10	1.60183775e-10	-1.601869575e-10 2
1550.588	0.962	-1.282	1.066268125e-09	1.58950865e-10	-1.5895457e-10 2
1552.752	0.805	-1.202	1.17498755e-09	1.78504715e-10	-1.785087525e-10 2
1554.682	1.006	-1.125	1.090317375e-09	1.688349025e-10	-1.68838655e-10 2
1556.769	1.102	-1.081	1.080302e-09	1.64120005e-10	-1.641238525e-10 2
1558.989	1.013	-1.118	1.122593625e-09	1.673473925e-10	-1.673513825e-10 2
1561.074	0.754	-1.071	1.292104975e-09	1.962972175e-10	-1.96301635e-10 2
1563.171	1.076	-1.344	9.7477505e-10	1.4808828e-10	-1.48091605e-10 2
1565.429	0.964	-1.182	1.115157025e-09	1.6623879e-10	-1.662427325e-10 2
1567.307	1.120	-0.914	1.1597049e-09	1.761828675e-10	-1.761869525e-10 2
1570.052	1.152	-1.625	8.613327e-10	1.2840067e-10	-1.2840371e-10 2
1572.165	1.041	-0.961	1.10989545e-09	1.8219632e-10	-1.82199835e-10 2
1574.122	0.952	-0.916	1.243977025e-09	1.926289825e-10	-1.926331625e-10 2
1576.105	1.078	-1.032	1.11750305e-09	1.6977165e-10	-1.6977545e-10 2
1578.157	0.886	-0.973	1.28668095e-09	1.91808325e-10	-1.918127425e-10 2
1580.267	1.094	-1.224	1.031966475e-09	1.538374425e-10	-1.538410525e-10 2
1582.445	0.912	-1.084	1.1984478e-09	1.78655195e-10	-1.78659375e-10 2
1584.127	0.714	-0.770	1.612283475e-09	2.4034658e-10	-2.403521375e-10 2
1585.950	1.134	-1.109	1.066341275e-09	1.5896179e-10	-1.589654475e-10 2
1588.305	1.552	-1.220	8.5079815e-10	1.2925377e-10	-1.2925662e-10 2
1590.857	0.739	-1.001	1.375160625e-09	2.049980775e-10	-2.05002875e-10 2
1592.787	0.930	-1.191	1.128275575e-09	1.681944125e-10	-1.681984025e-10 2
1594.842	1.395	-1.125	9.36238775e-10	1.422338575e-10	-1.4223704e-10 2
1597.337	0.861	-1.101	1.1845284e-09	1.834234825e-10	-1.834273775e-10 2
1599.184	0.982	-0.985	1.1986682e-09	1.821023175e-10	-1.821064025e-10 2
1600.984	0.839	-0.818	1.382810975e-09	2.18293755e-10	-2.182982675e-10 2
1602.732	0.821	-0.910	1.382312225e-09	2.060642625e-10	-2.060690125e-10 2
1604.542	1.102	-0.988	1.12831595e-09	1.7141439e-10	-1.7141819e-10 2
1606.542	0.796	-0.898	1.412774925e-09	2.10605405e-10	-2.1061025e-10 2
1608.619	1.446	-1.281	8.39800475e-10	1.325728325e-10	-1.325755875e-10 2
1611.028	1.226	-0.963	1.0935412e-09	1.63016485e-10	-1.63020285e-10 2
1613.632	1.253	-1.379	8.70529175e-10	1.3742377e-10	-1.3742662e-10 2
1616.008	0.927	-1.123	1.15092975e-09	1.748498275e-10	-1.7485377e-10 2
1617.990	1.052	-1.056	1.118891e-09	1.69982455e-10	-1.699863025e-10 2
1619.983	0.787	-0.940	1.36548345e-09	2.07444945e-10	-2.074496e-10 2
1622.009	0.876	-1.239	1.130925125e-09	1.685894225e-10	-1.685933175e-10 2
1624.050	0.912	-1.164	1.13582095e-09	1.725545325e-10	-1.7255838e-10 2
1626.042	1.035	-1.081	1.098649825e-09	1.701251925e-10	-1.701288975e-10 2
1628.112	1.244	-1.035	1.049703925e-09	1.56481625e-10	-1.564852825e-10 2
1630.798	1.177	-1.442	9.135656e-10	1.36187155e-10	-1.361903375e-10 2
1633.033	0.915	-1.058	1.195521325e-09	1.816242775e-10	-1.81628315e-10 2
1635.168	0.887	-1.220	1.13601665e-09	1.69348425e-10	-1.693523675e-10 2
1637.267	1.032	-1.212	1.0666296e-09	1.590047775e-10	-1.590084825e-10 2
1639.281	0.896	-0.983	1.27370585e-09	1.89874125e-10	-1.89878495e-10 2
1641.398	1.234	-1.221	9.6075875e-10	1.4595895e-10	-1.4596218e-10 2
1643.666	1.005	-1.034	1.17368225e-09	1.749633525e-10	-1.7496739e-10 2
1645.534	0.770	-0.863	1.465197825e-09	2.184201525e-10	-2.184252825e-10 2
1647.160	1.055	-0.856	1.216642675e-09	1.88396305e-10	-1.884004375e-10 2
1649.147	0.904	-0.932	1.303333975e-09	1.9429077e-10	-1.942952825e-10 2
1651.249	0.957	-1.198	1.1195389e-09	1.68152565e-10	-1.681564125e-10 2
1653.338	1.269	-1.133	9.67664775e-10	1.498423125e-10	-1.49845495e-10 2
1655.685	1.155	-1.078	1.0713796e-09	1.597129075e-10	-1.597166125e-10 2
1657.937	1.008	-1.097	1.136587125e-09	1.6943345e-10	-1.694373925e-10 2
1660.116	1.106	-1.171	1.035465325e-09	1.573084575e-10	-1.57311925e-10 2
1662.554	1.542	-1.331	8.3262845e-10	1.241217275e-10	-1.24124625e-10 2
1664.841	0.727	-0.746	1.60146915e-09	2.432960925e-10	-2.433015075e-10 2
1667.040	1.033	-1.472	9.55410725e-10	1.42425235e-10	-1.42428465e-10 2
1669.331	1.155	-1.257	9.637427e-10	1.492349775e-10	-1.4923816e-10 2
1671.355	0.908	-0.869	1.346568475e-09	2.00735855e-10	-2.0074051e-10 2
1673.199	1.155	-0.936	1.112160725e-09	1.722173775e-10	-1.722210825e-10 2
1675.831	1.295	-1.477	8.38443875e-10	1.2983251e-10	-1.298353125e-10 2
1678.376	1.077	-1.250	9.9869795e-10	1.54647745e-10	-1.5465107e-10 2
1680.627	1.259	-1.175	9.829403e-10	1.465289975e-10	-1.465324175e-10 2
1682.757	0.832	-0.870	1.405086575e-09	2.0945923e-10	-2.0946417e-10 2
1684.740	1.261	-1.151	9.775481e-10	1.48509605e-10	-1.485129775e-10 2
1687.463	0.964	-1.461	9.7259195e-10	1.47756635e-10	-1.477600075e-10 2
1689.636	1.144	-1.210	1.0164905e-09	1.51530415e-10	-1.515339775e-10 2
1692.036	1.340	-1.256	8.95446725e-10	1.3865934e-10	-1.386623325e-10 2
1694.486	0.876	-1.110	1.187853875e-09	1.8045934e-10	-1.80463425e-10 2
1696.390	0.982	-1.029	1.173029125e-09	1.78207175e-10	-1.782112125e-10 2
1698.272	0.848	-0.900	1.36796865e-09	2.039260025e-10	-2.039308e-10 2
1699.875	0.743	-0.754	1.598919825e-09	2.38354335e-10	-2.38360035e-10 2
247.865	8.845	-13.721	2.927849175e-10	6.413697e-11	-6.413697e-11 4
266.219	10.549	-9.510	3.529202975e-10	7.58913675e-11	-7.58913675e-11 4
291.896	14.959	-15.129	2.18938615e-10	4.8083775e-11	-4.8083775e-11 4
315.600	8.807	-8.744	4.498193e-10	9.044969e-11	-9.044969e-11 4
336.079	10.893	-11.673	3.081082275e-10	6.5769165e-11	-6.5769165e-11 4
356.459	8.065	-9.486	3.619426375e-10	8.13699225e-11	-8.13699225e-11 4
370.177	9.390	-5.654	4.407913075e-10	9.63117125e-11	-9.63117125e-11 4
388.770	8.348	-9.203	3.97097815e-10	8.5181465e-11	-8.5181465e-11 4
405.257	9.413	-8.138	3.7840742e-10	8.2893295e-11	-8.2893295e-11 4
423.065	9.156	-8.395	3.979797e-10	8.526592e-11	-8.526592e-11 4
442.335	9.944	-10.114	3.180017175e-10	7.1202975e-11	-7.1202975e-11 4
462.720	9.618	-10.440	3.4764908e-10	7.43915075e-11	-7.43915075e-11 4
484.718	10.185	-12.381	3.06918875e-10	6.5675875e-11	-6.5675875e-11 4
506.029	8.933	-11.125	3.200377575e-10	7.18520625e-11	-7.18520625e-11 4
535.250	14.814	-20.288	1.896264125e-10	4.169984625e-11	-4.169984625e-11 4
570.050	17.624	-19.986	1.7703649e-10	3.888114875e-11	-3.888114875e-11 4
602.159	15.602	-14.486	2.083009425e-10	4.676590175e-11	-4.676590175e-11 4
631.925	15.924	-14.164	2.28593085e-10	4.93384875e-11	-4.93384875e-11 4
666.819	13.625	-18.970	2.048643175e-10	4.481970325e-11	-4.481970325e-11 4
694.563	10.955	-14.118	2.6354691e-10	5.79553675e-11	-5.79553675e-11 4
717.492	8.084	-11.975	3.27291435e-10	7.16040175e-11	-7.16040175e-11 4
738.433	12.216	-12.857	2.492749175e-10	5.64214025e-11	-5.64214025e-11 4
768.366	17.385	-17.717	1.78794845e-10	4.052386025e-11	-4.052386025e-11 4
800.463	12.868	-14.712	2.4015601e-10	5.267579e-11	-5.267579e-11 4
822.593	8.290	-9.262	3.60363025e-10	8.09055625e-11	-8.09055625e-11 4
840.425	13.023	-9.542	3.086364275e-10	6.60433825e-11	-6.60433825e-11 4
865.525	18.011	-12.077	2.211494075e-10	4.89472775e-11	-4.89472775e-11 4
892.183	8.905	-8.646	3.93800175e-10	8.41639675e-11	-8.41639675e-11 4
908.659	7.472	-7.572	4.438080325e-10	9.7219865e-11	-9.7219865e-11 4
925.145	8.538	-9.013	3.63011815e-10	8.15002625e-11	-8.15002625e-11 4
942.847	10.894	-9.164	4.939639e-10	8.88725475e-11	-8.88725475e-11 4
964.878	11.428	-11.137	2.782372825e-10	6.26363025e-11	-6.26363025e-11 4
986.686	9.679	-10.380	4.89365425e-10	8.8275045e-11	-8.8275045e-11 4
1005.809	8.107	-9.444	5.81083175e-10	1.01899945e-10	-1.01899945e-10 4
1023.514	7.954	-9.598	5.41699975e-10	9.952409e-11	-9.952409e-11 4
1041.400	7.618	-9.933	5.40865875e-10	9.90140825e-11	-9.90140825e-11 4
1057.396	6.666	-8.378	6.7042355e-10	1.19619535e-10	-1.19619535e-10 4
1072.411	6.695	-8.349	7.49990325e-10	1.259378425e-10	-1.259378425e-10 4
1088.704	7.954	-9.597	6.41281825e-10	1.079269825e-10	-1.079269825e-10 4
1108.247	8.467	-11.589	8.553477e-10	1.16014855e-10	-1.16014855e-10 4
4860.557	17.895	-14.700	5.817325e-10	1.07009995e-10	-1.07009995e-10 4
4895.956	17.599	-17.504	5.54755825e-10	1.0077201e-10	-1.0077201e-10 4
4938.866	14.805	-25.312	3.067543825e-10	7.04364675e-11	-7.04364675e-11 4
4969.635	16.631	-15.964	5.9658005e-10	1.079304025e-10	-1.079304025e-10 4
5007.091	11.771	-20.824	4.011888e-10	8.90266375e-11	-8.90266375e-11 4
5037.267	19.205	-18.405	4.32596465e-10	8.57438175e-11	-8.57438175e-11 4
5073.258	18.315	-16.787	5.33688625e-10	9.883439e-11	-9.883439e-11 4
5111.153	15.523	-19.579	5.705016e-10	1.0212481e-10	-1.0212481e-10 4
5139.248	12.501	-12.572	7.7975145e-10	1.40726825e-10	-1.40726825e-10 4
5168.155	13.683	-16.405	4.5698458e-10	9.86596375e-11	-9.86596375e-11 4
5198.210	18.729	-16.373	5.37041175e-10	9.870633e-11	-9.870633e-11 4
5230.095	14.425	-13.156	4.486874225e-10	1.022417075e-10	-1.022417075e-10 4
5261.725	12.883	-17.205	4.5831553e-10	9.89470125e-11	-9.89470125e-11 4
5289.808	22.410	-15.200	4.99891425e-10	9.226438e-11	-9.226438e-11 4
5328.506	13.799	-16.288	4.568716725e-10	9.863527e-11	-9.863527e-11 4
5360.204	19.711	-17.898	4.65125225e-10	8.90102975e-11	-8.90102975e-11 4
5397.923	14.587	-18.008	6.7506525e-10	1.148433625e-10	-1.148433625e-10 4
5431.566	21.061	-19.056	4.525388175e-10	8.4763275e-11	-8.4763275e-11 4
5471.297	16.432	-18.670	3.548798625e-10	8.05589075e-11	-8.05589075e-11 4
5511.416	16.430	-23.687	3.11096785e-10	7.04416925e-11	-7.04416925e-11 4
5541.626	21.323	-13.780	4.66032095e-10	9.1748435e-11	-9.1748435e-11 4
5578.428	19.624	-15.479	5.55246975e-10	1.006156875e-10	-1.006156875e-10 4
5616.926	21.243	-18.874	4.82803775e-10	8.77733025e-11	-8.77733025e-11 4
5649.195	16.554	-11.026	4.562770675e-10	1.02666785e-10	-1.02666785e-10 4
5683.232	15.112	-17.483	4.068297575e-10	8.9201295e-11	-8.9201295e-11 4
5717.055	18.898	-18.711	4.9922405e-10	9.19865525e-11	-9.19865525e-11 4
5747.570	18.471	-11.617	4.59319395e-10	9.85978875e-11	-9.85978875e-11 4
5790.786	17.880	-24.744	3.5216614e-10	7.286994e-11	-7.286994e-11 4
5825.923	20.353	-17.257	5.1788965e-10	9.36940825e-11	-9.36940825e-11 4
5864.949	18.936	-18.673	3.48520135e-10	7.69673375e-11	-7.69673375e-11 4
5905.427	16.068	-21.542	3.470469225e-10	7.701213e-11	-7.701213e-11 4
5938.144	13.438	-16.650	4.371045e-10	9.6298935e-11	-9.6298935e-11 4
5968.228	20.964	-16.646	3.47912515e-10	7.6925585e-11	-7.6925585e-11 4
6007.020	17.275	-17.828	5.505573e-10	9.95235675e-11	-9.95235675e-11 4
6040.471	16.419	-16.176	4.2023231e-10	9.0725095e-11	-9.0725095e-11 4
6083.438	31.120	-26.548	2.1371048e-10	4.907187e-11	-4.907187e-11 4
6131.848	17.812	-17.291	5.387754e-10	9.8777105e-11	-9.8777105e-11 4
6184.447	17.867	-34.787	2.47730075e-10	5.51061275e-11	-5.51061275e-11 4
6223.993	13.423	-21.679	3.555345075e-10	8.0707535e-11	-8.0707535e-11 4
6250.947	19.064	-13.531	3.8460047e-10	8.708517e-11	-8.708517e-11 4
6286.805	13.294	-16.794	4.172291225e-10	9.4116785e-11	-9.4116785e-11 4
6319.436	15.765	-19.338	4.112413675e-10	8.62172025e-11	-8.62172025e-11 4
6354.793	18.018	-19.592	3.65871695e-10	7.89890325e-11	-7.89890325e-11 4
6400.939	24.525	-28.129	2.585674375e-10	5.6209885e-11	-5.6209885e-11 4
6439.998	15.554	-14.534	4.14106425e-10	9.37661875e-11	-9.37661875e-11 4
6473.848	19.313	-18.297	3.33130895e-10	7.5526235e-11	-7.5526235e-11 4
6513.587	22.199	-20.425	2.93874995e-10	6.62078275e-11	-6.62078275e-11 4
6553.627	17.261	-17.841	3.743513475e-10	8.2671945e-11	-8.2671945e-11 4
6585.926	15.049	-15.038	4.191850775e-10	9.432075e-11	-9.432075e-11 4
6618.269	17.808	-17.294	3.5688669e-10	8.070801e-11	-8.070801e-11 4
6655.376	18.311	-19.298	3.339736875e-10	7.53363775e-11	-7.53363775e-11 4
6694.759	21.553	-21.072	3.2069492e-10	6.971575e-11	-6.971575e-11 4
6733.103	18.311	-16.791	3.56444655e-10	8.0811845e-11	-8.0811845e-11 4
6768.835	12.667	-17.420	4.187920625e-10	9.4232305e-11	-9.4232305e-11 4
6805.421	13.690	-23.919	3.810508425e-10	8.0857255e-11	-8.0857255e-11 4
6841.065	18.164	-21.953	3.587897775e-10	7.57159025e-11	-7.57159025e-11 4
6877.788	19.050	-18.559	3.502762575e-10	7.71696875e-11	-7.71696875e-11 4
6913.753	18.187	-16.915	3.5670163e-10	8.07680025e-11	-8.07680025e-11 4
6951.742	12.793	-19.802	3.87048905e-10	8.69806225e-11	-8.69806225e-11 4
6987.171	17.481	-22.636	5.03051125e-10	8.9345505e-11	-8.9345505e-11 4
7026.549	23.235	-21.896	2.9060766e-10	6.41779625e-11	-6.41779625e-11 4
7066.825	25.583	-17.041	2.948401e-10	6.62587475e-11	-6.62587475e-11 4
7108.072	14.424	-15.664	4.16832925e-10	9.40274375e-11	-9.40274375e-11 4
7150.116	17.511	-27.620	3.1642543e-10	6.71440525e-11	-6.71440525e-11 4
7188.097	17.141	-20.469	3.484289825e-10	7.70398225e-11	-7.70398225e-11 4
7225.466	17.381	-20.228	3.518326425e-10	7.723481e-11	-7.723481e-11 4
7267.911	17.560	-25.064	3.242254525e-10	6.975774e-11	-6.975774e-11 4
7304.519	18.562	-19.048	3.328468925e-10	7.51767775e-11	-7.51767775e-11 4
7345.387	22.826	-22.306	2.75108125e-10	6.24504825e-11	-6.24504825e-11 4
7401.576	34.322	-33.364	3.0377029e-10	5.36088325e-11	-5.36088325e-11 4
10731.280	8.902	-11.157	2.41099075e-10	5.39114075e-11	-5.39114075e-11 4
10759.985	17.807	-19.803	1.26106895e-10	2.8478758e-11	-2.8478758e-11 4
10794.562	18.333	-16.770	1.4330864e-10	3.1518815e-11	-3.1518815e-11 4
10828.187	12.289	-15.292	1.7093616e-10	3.860257075e-11	-3.860257075e-11 4
10853.763	9.278	-13.287	2.128707275e-10	4.7993145e-11	-4.7993145e-11 4
10880.290	12.839	-17.249	1.66662205e-10	3.682912025e-11	-3.682912025e-11 4
10906.792	13.918	-13.663	1.722141475e-10	3.882683725e-11	-3.882683725e-11 4
10937.877	20.442	-17.168	1.264147425e-10	2.850104975e-11	-2.850104975e-11 4
10977.575	13.339	-19.256	1.606152175e-10	3.45006275e-11	-3.45006275e-11 4
11002.878	13.109	-11.964	2.116039025e-10	4.5316938e-11	-4.5316938e-11 4
11029.775	11.285	-13.788	2.1233507e-10	4.5337629e-11	-4.5337629e-11 4
11055.920	17.735	-14.860	1.5532405e-10	3.394755175e-11	-3.394755175e-11 4
11088.875	14.869	-15.219	1.674510375e-10	3.67706905e-11	-3.67706905e-11 4
11115.738	20.600	-11.995	1.546900675e-10	3.3968504e-11	-3.3968504e-11 4
11159.079	14.869	-22.740	1.354944625e-10	2.9613609e-11	-2.9613609e-11 4
11191.039	15.504	-17.091	1.619017075e-10	3.482932275e-11	-3.482932275e-11 4
11218.450	15.674	-11.906	1.736127375e-10	3.9077509e-11	-3.9077509e-11 4
11250.168	11.536	-16.044	1.751103175e-10	3.941458325e-11	-3.941458325e-11 4
11274.694	12.083	-12.990	2.096340775e-10	4.503003325e-11	-4.503003325e-11 4
11296.930	9.905	-10.153	2.393667975e-10	5.387773e-11	-5.387773e-11 4
11321.194	10.715	-14.358	2.071936225e-10	4.437243375e-11	-4.437243375e-11 4
11357.101	17.433	-25.192	1.107871475e-10	2.48953295e-11	-2.48953295e-11 4
11388.320	16.301	-13.787	1.587045775e-10	3.56630095e-11	-3.56630095e-11 4
11417.406	12.288	-12.785	1.904238425e-10	4.29323335e-11	-4.29323335e-11 4
11448.747	13.543	-19.053	1.468310975e-10	3.3049379e-11	-3.3049379e-11 4
11480.211	22.196	-17.921	1.18812225e-10	2.7010419e-11	-2.7010419e-11 4
11534.615	22.952	-32.209	8.6558395e-11	1.957995125e-11	-1.957995125e-11 4
11583.883	26.337	-26.316	9.56657125e-11	2.1073584e-11	-2.1073584e-11 4
11628.454	9.348	-18.233	1.893442625e-10	4.073293625e-11	-4.073293625e-11 4
11656.602	13.794	-18.801	1.545072875e-10	3.376903725e-11	-3.376903725e-11 4
11680.925	14.545	-10.528	1.91141425e-10	4.316553475e-11	-4.316553475e-11 4
11706.625	16.425	-11.156	1.7441392e-10	3.919310025e-11	-3.919310025e-11 4
11737.708	12.922	-14.658	1.987495e-10	4.180002375e-11	-4.180002375e-11 4
11769.932	20.815	-19.302	1.191414475e-10	2.677264825e-11	-2.677264825e-11 4
11813.846	17.018	-23.099	1.251894325e-10	2.766444175e-11	-2.766444175e-11 4
11846.798	16.661	-15.934	1.5489693e-10	3.40675035e-11	-3.40675035e-11 4
11881.759	14.295	-18.300	1.471028925e-10	3.311055425e-11	-3.311055425e-11 4
11908.965	9.655	-12.911	2.13594105e-10	4.799742e-11	-4.799742e-11 4
11934.317	19.406	-15.697	1.42619225e-10	3.15160885e-11	-3.15160885e-11 4
11970.614	13.196	-16.892	1.684179e-10	3.68093365e-11	-3.68093365e-11 4
12001.106	17.806	-17.296	1.366059625e-10	3.07478615e-11	-3.07478615e-11 4
12041.097	17.932	-22.185	1.17423515e-10	2.6473916e-11	-2.6473916e-11 4
12086.879	22.289	-27.850	1.7275218e-10	2.897696175e-11	-2.897696175e-11 4
17621.225	20.688	-16.921	9.69148675e-11	2.176307975e-11	-2.176307975e-11 4
17669.112	20.441	-27.198	7.37537725e-11	1.660919675e-11	-1.660919675e-11 4
17709.983	19.687	-20.430	8.63660675e-11	1.958881e-11	-1.958881e-11 4
17754.613	20.189	-24.943	7.85775875e-11	1.7670361e-11	-1.7670361e-11 4
17795.358	17.053	-20.557	9.384746e-11	2.110421675e-11	-2.110421675e-11 4
17841.352	21.206	-28.941	7.7448655e-11	1.65759895e-11	-1.65759895e-11 4
17880.357	12.288	-17.800	1.17501605e-10	2.642351375e-11	-2.642351375e-11 4
17923.623	24.183	-30.978	6.68734925e-11	1.467197575e-11	-1.467197575e-11 4
17966.605	26.333	-18.799	8.24455125e-11	1.8088456e-11	-1.8088456e-11 4
18012.615	25.455	-19.677	7.91669675e-11	1.780290025e-11	-1.780290025e-11 4
18074.855	23.390	-36.786	6.790353e-11	1.421125425e-11	-1.421125425e-11 4
18130.327	30.601	-32.082	5.66361975e-11	1.27543485e-11	-1.27543485e-11 4
18191.236	24.853	-30.308	7.02243325e-11	1.50686625e-11	-1.50686625e-11 4
18246.792	34.487	-30.704	5.349222e-11	1.206350375e-11	-1.206350375e-11 4
18310.463	25.977	-29.184	6.62563725e-11	1.457601625e-11	-1.457601625e-11 4
18347.038	6.953	-10.599	2.207863175e-10	4.713235475e-11	-4.713235475e-11 4
18375.424	21.191	-21.433	8.27564e-11	1.853108e-11	-1.853108e-11 4
18411.532	12.664	-14.917	1.24091565e-10	2.78263645e-11	-2.78263645e-11 4
18441.240	23.073	-17.044	8.53583075e-11	1.91951965e-11	-1.91951965e-11 4
18484.906	14.509	-20.594	1.037954325e-10	2.27726115e-11	-2.27726115e-11 4
18526.307	20.747	-26.892	8.05810425e-11	1.735831925e-11	-1.735831925e-11 4
18565.481	16.675	-18.427	9.777362e-11	2.20184065e-11	-2.20184065e-11 4
18605.848	16.426	-23.691	8.745681e-11	1.955594e-11	-1.955594e-11 4
18638.695	16.174	-16.421	1.0463224e-10	2.359653225e-11	-2.359653225e-11 4
18677.727	27.288	-22.858	7.33001475e-11	1.610375875e-11	-1.610375875e-11 4
18731.337	23.824	-26.322	6.87650375e-11	1.546373425e-11	-1.546373425e-11 4
18785.057	35.295	-29.895	5.526644e-11	1.217481525e-11	-1.217481525e-11 4
18852.371	18.127	-32.019	7.579879e-11	1.630698275e-11	-1.630698275e-11 4
18892.046	18.561	-21.548	8.96537325e-11	1.9696578e-11	-1.9696578e-11 4
22794.529	32.772	-47.462	2.201547575e-11	4.632434175e-12	-4.632434175e-12 4
22870.445	47.120	-43.143	1.8152904e-11	4.005364825e-12	-4.005364825e-12 4
22962.549	62.830	-44.984	4.790945e-11	1.08473945e-11	-1.08473945e-11 4
23093.675	72.114	-68.295	6.3389225e-11	1.434515675e-11	-1.434515675e-11 4
23260.816	100.543	-95.028	4.7427173e-11	1.051851875e-11	-1.051851875e-11 4
23451.584	75.258	-90.225	5.33548025e-11	1.214755975e-11	-1.214755975e-11 4
23573.211	46.401	-46.369	9.61370075e-11	2.169068975e-11	-2.169068975e-11 4
23730.679	59.430	-111.067	5.47722975e-11	1.20894625e-11	-1.20894625e-11 4
23870.550	67.491	-80.441	5.9860165e-11	1.3519355e-11	-1.3519355e-11 4
24000.436	95.565	-62.395	5.5672375e-11	1.266241225e-11	-1.266241225e-11 4
24159.775	69.114	-63.773	6.65281675e-11	1.505550975e-11	-1.505550975e-11 4
24319.216	97.721	-90.327	4.691701825e-11	1.063882675e-11	-1.063882675e-11 4
24467.062	50.168	-50.125	8.8634525e-11	1.999796075e-11	-1.999796075e-11 4
24587.089	60.513	-69.859	8.1975975e-11	1.68728645e-11	-1.68728645e-11 4
27947.203	23.322	-29.332	3.918748575e-11	8.8663215e-12	-8.8663215e-12 4
27994.581	18.569	-24.056	5.14183225e-11	1.1251743e-11	-1.1251743e-11 4
28042.106	26.205	-28.956	3.734010625e-11	8.37399825e-12	-8.37399825e-12 4
28100.962	20.002	-32.652	4.0371941e-11	8.859244e-12	-8.859244e-12 4
28149.920	21.190	-28.956	4.05932055e-11	9.116922e-12	-9.116922e-12 4
28217.185	31.650	-46.074	4.347771425e-11	7.58868075e-12	-7.58868075e-12 4
30165.626	20.480	-37.188	3.674235675e-11	8.02983225e-12	-8.02983225e-12 4
30206.413	19.810	-20.307	5.07285275e-11	1.136106425e-11	-1.136106425e-11 4
30254.218	22.151	-27.995	4.149594775e-11	9.06870475e-12	-9.06870475e-12 4
30327.752	58.938	-51.382	2.837764e-11	5.0511595e-12	-5.0511595e-12 4
33700.400	39.110	-31.095	3.06845915e-11	6.773576e-12	-6.773576e-12 4
33772.853	26.833	-33.342	3.40232905e-11	7.72741875e-12	-7.72741875e-12 4
33831.260	36.124	-31.574	3.236389225e-11	7.1561315e-12	-7.1561315e-12 4
33913.160	36.963	-45.776	3.1489669e-11	6.350351e-12	-6.350351e-12 4
35846.409	26.581	-18.551	7.1867595e-11	1.61487745e-11	-1.61487745e-11 4
35922.469	48.307	-49.479	3.428542875e-11	7.55178275e-12	-7.55178275e-12 4
36037.471	86.249	-66.695	3.842190925e-11	6.41221975e-12	-6.41221975e-12 4
39461.514	39.623	-50.640	2.271047675e-11	5.11841e-12	-5.11841e-12 4
39532.223	29.090	-31.086	3.36870095e-11	7.5802685e-12	-7.5802685e-12 4
39587.387	26.580	-26.074	3.825856625e-11	8.5818345e-12	-8.5818345e-12 4
39643.926	27.710	-29.959	3.49537965e-11	7.82820425e-12	-7.82820425e-12 4
39706.912	27.407	-35.277	3.3639272e-11	7.3627185e-12	-7.3627185e-12 4
39783.455	36.113	-49.136	2.357485325e-11	5.31322175e-12	-5.31322175e-12 4
39846.370	18.329	-26.802	4.7303179e-11	1.033786675e-11	-1.033786675e-11 4
39911.794	30.632	-47.095	2.69782235e-11	5.9494225e-12	-5.9494225e-12 4
39977.398	32.720	-34.972	2.9700344e-11	6.6831835e-12	-6.6831835e-12 4
45093.345	84.647	-63.285	3.0455537e-11	6.9094925e-12	-6.9094925e-12 4
45278.386	62.582	-100.394	2.815226675e-11	6.36041625e-12	-6.36041625e-12 4
45466.412	102.723	-125.444	2.020754975e-11	4.579741475e-12	-4.579741475e-12 4
45647.835	96.813	-78.700	2.623083e-11	5.9140255e-12	-5.9140255e-12 4
45909.259	108.677	-164.611	2.775290575e-11	4.8797985e-12	-4.8797985e-12 4
86520.439	42.092	-53.186	1.44084695e-11	3.151315775e-12	-3.151315775e-12 4
86636.237	56.674	-73.706	1.5626854e-11	3.522966225e-12	-3.522966225e-12 4
86757.589	65.702	-64.678	1.5619197e-11	3.5212396e-12	-3.5212396e-12 4
86899.128	64.573	-75.837	1.436305e-11	3.230471675e-12	-3.230471675e-12 4
87032.521	74.097	-68.820	1.4637847e-11	3.219213225e-12	-3.219213225e-12 4
87186.218	50.780	-79.600	1.005839575e-11	2.259808225e-12	-2.259808225e-12 4
87278.844	28.359	-41.846	1.70139585e-11	3.721169475e-12	-3.721169475e-12 4
87360.104	32.348	-52.901	1.3261886e-11	2.986733025e-12	-2.986733025e-12 4
87441.341	36.360	-48.889	1.332527475e-11	2.986717825e-12	-2.986717825e-12 4
87527.968	47.518	-50.267	1.157805375e-11	2.604398875e-12	-2.604398875e-12 4
87613.845	39.368	-38.359	1.476538925e-11	3.313448475e-12	-3.313448475e-12 4
87699.593	61.430	-46.380	1.096715625e-11	2.42061045e-12	-2.42061045e-12 4
91339.668	1252.093	-116.777	1.249863225e-11	2.949594675e-12	-2.949594675e-12 4
92636.889	45.135	-45.129	1.827392925e-11	4.1066277e-12	-4.1066277e-12 4
92767.887	74.605	-85.863	1.29021305e-11	2.8963771e-12	-2.8963771e-12 4
92910.436	42.377	-67.945	1.09734215e-11	2.471067325e-12	-2.471067325e-12 4
93002.417	45.674	-49.604	1.281194225e-11	2.806547475e-12	-2.806547475e-12 4
93098.361	29.965	-50.269	1.451789525e-11	3.252843225e-12	-3.252843225e-12 4
93184.258	39.345	-55.933	1.285071175e-11	2.806943625e-12	-2.806943625e-12 4
93261.986	34.329	-38.383	1.68367645e-11	3.6776058e-12	-3.6776058e-12 4
93333.146	38.388	-36.831	1.625982e-11	3.554993575e-12	-3.554993575e-12 4
93420.421	66.446	-48.887	1.0988175e-11	2.3730582e-12	-2.3730582e-12 4
98367.495	58.676	-54.153	1.0325968e-11	2.313708375e-12	-2.313708375e-12 4
98469.588	54.368	-43.417	1.2991174e-11	2.790568e-12	-2.790568e-12 4
98564.698	31.971	-40.742	1.591329325e-11	3.580380425e-12	-3.580380425e-12 4
98667.366	59.683	-70.697	8.9125485e-12	1.9970083e-12	-1.9970083e-12 4
98776.565	43.254	-49.516	1.253605275e-11	2.806027825e-12	-2.806027825e-12 4
98863.819	36.234	-44.000	1.448309675e-11	3.245184325e-12	-3.245184325e-12 4
98936.281	44.006	-36.228	1.447155425e-11	3.24593815e-12	-3.24593815e-12 4
99044.844	63.316	-64.557	9.04306425e-12	2.0367316e-12	-2.0367316e-12 4
99157.481	76.040	-49.322	1.061633075e-11	2.227582325e-12	-2.227582325e-12 4
102825.446	57.171	-58.165	1.00556455e-11	2.287256575e-12	-2.287256575e-12 4
102938.650	66.826	-56.033	9.55899975e-12	2.158352025e-12	-2.158352025e-12 4
103059.503	56.295	-54.027	1.071609025e-11	2.402005175e-12	-2.402005175e-12 4
103174.595	51.524	-58.797	1.115210225e-11	2.4448592e-12	-2.4448592e-12 4
103280.023	43.881	-53.904	1.206852925e-11	2.70187505e-12	-2.70187505e-12 4
103379.473	79.826	-55.568	9.181788e-12	2.01524355e-12	-2.01524355e-12 4
103541.026	58.682	-81.727	8.481562e-12	1.915074125e-12	-1.915074125e-12 4
103699.047	91.212	-99.339	9.968578e-12	1.7689019e-12	-1.7689019e-12 4
104555.193	126.892	-88.737	5.98681925e-12	1.340452375e-12	-1.340452375e-12 4
106012.548	3381.533	-1330.462	5.8748285e-12	1.080636875e-12	-1.080636875e-12 4
166736.741	82.997	-52.398	8.6028675e-12	1.939463e-12	-1.939463e-12 4
166892.569	97.666	-72.831	6.81242625e-12	1.529536575e-12	-1.529536575e-12 4
167065.074	63.063	-74.839	8.421104e-12	1.8945945e-12	-1.8945945e-12 4
167241.855	46.749	-113.719	7.6352165e-12	1.675895e-12	-1.675895e-12 4
167395.785	65.824	-107.180	6.7542055e-12	1.518017825e-12	-1.518017825e-12 4
167507.872	56.537	-46.263	1.194859175e-11	2.625222875e-12	-2.625222875e-12 4
167637.993	91.899	-73.584	6.99038025e-12	1.569491675e-12	-1.569491675e-12 4
167796.579	71.214	-66.688	8.45908025e-12	1.899246175e-12	-1.899246175e-12 4
167977.895	103.014	-110.102	6.54445975e-12	1.3427205e-12	-1.3427205e-12 4
171427.152	101.223	-119.421	4.008806675e-12	1.0505632e-12	-1.0505632e-12 4
171649.843	96.669	-121.468	5.399249e-12	1.2134103e-12	-1.2134103e-12 4
171789.008	65.318	-42.496	1.09403425e-11	2.458697375e-12	-2.458697375e-12 4
171934.679	85.130	-80.353	7.111187e-12	1.6062619e-12	-1.6062619e-12 4
172104.296	91.024	-84.487	6.703599e-12	1.5080699e-12	-1.5080699e-12 4
172313.278	102.686	-117.957	5.32097375e-12	1.2018925e-12	-1.2018925e-12 4
172498.826	75.098	-82.863	7.443668e-12	1.6762541e-12	-1.6762541e-12 4
172680.103	76.855	-106.179	6.4185135e-12	1.446863775e-12	-1.446863775e-12 4
172878.427	91.652	-121.469	5.51353875e-12	1.24412475e-12	-1.24412475e-12 4
173042.368	63.106	-72.289	9.129215e-12	2.003672075e-12	-2.003672075e-12 4
173165.018	88.387	-59.544	7.96684725e-12	1.7977116e-12	-1.7977116e-12 4
173358.949	105.070	-105.544	5.57574475e-12	1.258161475e-12	-1.258161475e-12 4
173516.042	68.328	-52.023	9.9318985e-12	2.23658405e-12	-2.23658405e-12 4
173690.500	129.546	-106.131	7.53454025e-12	1.381168425e-12	-1.381168425e-12 4
178268.320	79.116	-123.976	7.24894175e-12	1.630228025e-12	-1.630228025e-12 4
178455.318	127.805	-107.882	4.62387515e-12	1.203045325e-12	-1.203045325e-12 4
178700.078	111.209	-116.956	6.33775875e-12	1.426334275e-12	-1.426334275e-12 4
178996.301	223.674	-185.013	5.825951e-12	1.023919025e-12	-1.023919025e-12 4
258413.161	102.056	-133.631	3.690653575e-12	9.647535e-13	-9.647535e-13 4
258619.096	91.690	-103.880	4.476190525e-12	1.165274275e-12	-1.165274275e-12 4
258846.086	115.431	-135.300	3.494858575e-12	9.1262795e-13	-9.1262795e-13 4
259088.968	103.222	-127.451	3.797615025e-12	9.85576075e-13	-9.85576075e-13 4
259290.551	114.761	-98.361	4.080487025e-12	1.0666581e-12	-1.0666581e-12 4
259496.322	87.009	-91.011	6.52255275e-12	1.474307375e-12	-1.474307375e-12 4
259741.803	132.369	-158.472	4.775213e-12	9.8862795e-13	-9.8862795e-13 4
264637.441	110.156	-150.604	6.0654175e-12	1.32991735e-12	-1.32991735e-12 4
264886.742	129.138	-139.145	3.97262735e-12	1.041604225e-12	-1.041604225e-12 4
265250.465	349.613	-234.586	2.962083375e-12	6.185754e-13	-6.185754e-13 4
269175.140	135.488	-100.200	3.7648994e-12	9.822202e-13	-9.822202e-13 4
269475.685	98.212	-165.056	3.325276925e-12	8.72983975e-13	-8.72983975e-13 4
269725.414	119.273	-151.517	3.236356925e-12	8.469763e-13	-8.469763e-13 4
269961.396	63.817	-116.709	6.519185e-12	1.466809025e-12	-1.466809025e-12 4
270126.900	118.957	-101.687	4.504762725e-12	1.106660225e-12	-1.106660225e-12 4
270339.500	104.435	-93.643	5.9429625e-12	1.3371592e-12	-1.3371592e-12 4
270553.589	141.077	-109.654	4.94131575e-12	1.0838721e-12	-1.0838721e-12 4
270814.070	98.732	-119.404	4.313776625e-12	1.0857911e-12	-1.0857911e-12 4
271083.698	255.335	-170.896	3.3022114e-12	6.8241635e-13	-6.8241635e-13 4
275431.445	120.985	-102.166	5.2864555e-12	1.19215215e-12	-1.19215215e-12 4
275678.873	104.230	-126.443	3.822543975e-12	1.000110125e-12	-1.000110125e-12 4
276028.015	201.385	-244.912	3.421158525e-12	6.7717425e-13	-6.7717425e-13 4
287807.903	111.709	-106.427	5.49704675e-12	1.23982695e-12	-1.23982695e-12 4
288187.747	163.120	-268.135	4.036576125e-12	7.593882e-13	-7.593882e-13 4
315688.724	117.269	-118.419	3.80106495e-12	9.883743e-13	-9.883743e-13 4
315898.506	125.624	-92.513	4.08451265e-12	1.063152125e-12	-1.063152125e-12 4
316208.517	221.793	-184.387	3.08848895e-12	6.76875e-13	-6.76875e-13 4
327816.142	135.325	-120.421	3.46045575e-12	9.08410425e-13	-9.08410425e-13 4
328101.983	97.708	-150.516	3.5240554e-12	9.24141475e-13	-9.24141475e-13 4
328321.277	229.433	-121.587	3.823721975e-12	8.130917e-13	-8.130917e-13 4
343900.009	116.430	-101.706	4.0116467e-12	1.0444319e-12	-1.0444319e-12 4
344183.495	168.924	-167.056	2.591404775e-12	6.79625725e-13	-6.79625725e-13 4
344628.982	182.270	-276.563	2.6713962e-12	5.90791225e-13	-5.90791225e-13 4
356037.389	231.938	-199.318	3.718353675e-12	7.55624775e-13	-7.55624775e-13 4
368055.501	393.855	-335.769	2.37709475e-12	4.617185725e-13	-4.617185725e-13 4
373173.088	191.993	-204.163	2.22741275e-12	5.87338925e-13	-5.87338925e-13 4
373500.221	82.996	-135.140	4.055164775e-12	1.052515925e-12	-1.052515925e-12 4
373732.553	196.673	-149.336	2.541445225e-12	6.63796825e-13	-6.63796825e-13 4
374039.403	110.461	-110.177	4.799856e-12	1.142233925e-12	-1.142233925e-12 4
378933.480	93.195	-205.176	2.957947075e-12	7.773755e-13	-7.773755e-13 4
379119.692	125.119	-93.017	4.094187925e-12	1.06480655e-12	-1.06480655e-12 4
379599.173	310.070	-354.362	2.32271485e-12	4.638052e-13	-4.638052e-13 4
418968.439	342.275	-241.928	1.760494875e-12	4.596042525e-13	-4.596042525e-13 4
419644.916	405.450	-334.201	2.4337252e-12	4.81466175e-13	-4.81466175e-13 4
442671.035	360.283	-316.688	1.557446625e-12	3.848686075e-13	-3.848686075e-13 4
510135.588	252.516	-261.484	1.802725225e-12	4.695705125e-13	-4.695705125e-13 4
510698.062	289.291	-309.957	1.531875e-12	4.00123565e-13	-4.00123565e-13 4
511262.857	228.457	-275.504	2.192700225e-12	5.21099225e-13	-5.21099225e-13 4
515893.840	203.699	-282.720	1.910230075e-12	4.98288775e-13	-4.98288775e-13 4
516293.680	217.565	-196.141	2.256887925e-12	5.872064e-13	-5.872064e-13 4
516905.930	344.964	-394.685	2.343953525e-12	4.46371465e-13	-4.46371465e-13 4
527422.624	316.873	-317.478	1.44386605e-12	3.784439e-13	-3.784439e-13 4
528034.539	316.735	-295.041	1.590472425e-12	4.03480295e-13	-4.03480295e-13 4
539698.555	411.478	-423.453	1.967245275e-12	3.833488925e-13	-3.833488925e-13 4
551752.960	296.409	-405.635	1.56601895e-12	3.849563875e-13	-3.849563875e-13 4
591974.528	455.511	-487.234	1.730539475e-12	3.440696225e-13	-3.440696225e-13 4
603520.098	369.856	-357.261	1.914563025e-12	4.0464167e-13	-4.0464167e-13 4
612106.829	7263.769	-3362.122	1.466008175e-12	2.859881425e-13	-2.859881425e-13 4
647144.775	24727.207	-10765.465	1.092023575e-12	2.88767985e-13	-2.88767985e-13 4
672383.422	325.998	-511.440	1.181695975e-12	3.00675855e-13	-3.00675855e-13 4
680583.667	3465.588	-2998.738	1.09125645e-12	2.0773118e-13	-2.0773118e-13 4
711460.682	254.669	-206.677	2.001384e-12	5.20391e-13	-5.20391e-13 4
712144.469	526.160	-429.118	1.345380975e-12	2.962972575e-13	-2.962972575e-13 4
764031.587	478.442	-642.321	1.094192425e-12	2.50046555e-13	-2.50046555e-13 4
785983.785	726.331	-793.093	1.189725375e-12	2.2364482e-13	-2.2364482e-13 4
804078.315	390.535	-374.192	1.271732225e-12	3.2365246e-13	-3.2365246e-13 4
843674.544	575.646	-688.033	1.040314125e-12	2.328630975e-13	-2.328630975e-13 4
866618.249	611.115	-690.174	1.225179375e-12	2.48851835e-13	-2.48851835e-13 4
952542.456	728.031	-874.133	8.9026115e-13	1.900338675e-13	-1.900338675e-13 4
958799.650	4659.696	-1331.325	5.80526475e-13	1.542382475e-13	-1.542382475e-13 4
963856.387	573.284	-397.041	9.69539125e-13	2.54890415e-13	-2.54890415e-13 4
1004813.651	5937.376	-29541.599	8.89577625e-13	1.746469075e-13	-1.746469075e-13 4
1124565.041	604.812	-706.506	7.28562125e-13	1.8567997e-13	-1.8567997e-13 4
1141615.235	28976.012	-5996.549	7.068589e-13	1.31877765e-13	-1.31877765e-13 4
1211695.098	9673.171	-7274.791	4.83173325e-13	1.28473345e-13	-1.28473345e-13 4
1222777.419	5653.617	-1409.151	5.258041e-13	1.257259925e-13	-1.257259925e-13 4
1316908.322	72802.035	-48803.256	5.2544405e-13	7.79811775e-14	-7.79811775e-14 4
1514122.685	18806.929	-40200.619	5.8733085e-13	1.427486625e-13	-1.427486625e-13 4
1555127.426	11763.337	-6074.083	3.827443125e-13	9.911312e-14	-9.911312e-14 4
1807957.603	17291.778	-18436.093	3.979026075e-13	8.06746175e-14	-8.06746175e-14 4
1979219.957	18649.163	-22342.053	3.058466575e-13	6.8197365e-14	-6.8197365e-14 4
2165034.111	4615.682	-8325.584	3.740363275e-13	8.445899e-14	-8.445899e-14 4
2307571.626	22817.556	-18742.079	3.095049175e-13	7.1174855e-14	-7.1174855e-14 4
2506574.449	13176.298	-6053.104	2.821362725e-13	6.62543775e-14	-6.62543775e-14 4
2988567.420	247882.757	-269989.298	2.316613e-13	4.141854175e-14	-4.141854175e-14 4
3710794.742	225615.748	-183403.044	1.2890949e-13	2.6838412e-14	-2.6838412e-14 4
4417134.406	345475.459	-216930.861	1.238395775e-13	2.8857751e-14	-2.8857751e-14 4
5496034.149	471976.328	-465090.895	7.737446e-14	1.942695375e-14	-1.942695375e-14 4
6896646.721	253123.502	-659703.243	6.3284155e-14	1.817863475e-14	-1.817863475e-14 4
7850196.464	768073.852	-443980.161	5.48734725e-14	1.96624445e-14	-1.6188988e-14 4
10177132.967	345117.036	-230085.842	1.0413634e-13	4.5785193e-14	-3.6086149e-14 4
