 5110.000000  3.792757e-18
 5112.590000  3.164431e-18
 5115.180000  2.275522e-18
 5117.770000  2.654740e-18
 5120.360000  6.860367e-18
 5122.950000  6.545231e-18
 5125.539999  5.694157e-18
 5128.129999  2.858035e-18
 5130.719999  4.504065e-18
 5133.309999  9.414786e-19
 5135.899999  2.570766e-18
 5138.489999  4.509891e-18
 5141.079999  7.049023e-18
 5143.669999  2.257125e-19
 5146.259999  8.677876e-19
 5148.849999  1.568453e-18
 5151.439999  4.293723e-18
 5154.029999  4.815782e-18
 5156.619998  3.848040e-18
 5159.209998  2.027248e-18
 5161.799998  5.744099e-18
 5164.389998  3.080404e-18
 5166.979998  5.919877e-19
 5169.569998  7.450172e-18
 5172.159998  7.050337e-18
 5174.749998  3.017897e-18
 5177.339998  2.148229e-18
 5179.929998  7.261582e-18
 5182.519998  4.906447e-18
 5185.109998  3.901486e-18
 5187.699997  4.843962e-18
 5190.289997  4.242103e-18
 5192.879997  5.357619e-19
 5195.469997  3.007324e-18
 5198.059997  3.816370e-18
 5200.649997  5.930648e-18
 5203.239997  4.421634e-18
 5205.829997  1.758837e-18
 5208.419997  2.949415e-18
 5211.009997  2.878508e-18
 5213.599997  3.796201e-18
 5216.189996  5.127131e-18
 5218.779996  5.097753e-18
 5221.369996  5.185305e-18
 5223.959996  7.895126e-18
 5226.549996  3.279656e-18
 5229.139996  3.464992e-18
 5231.729996  9.190327e-18
 5234.319996  7.090084e-18
 5236.909996  3.457245e-18
 5239.499996  3.008437e-18
 5242.089996  1.572771e-18
 5244.679996  -1.151244e-18
 5247.269995  3.374250e-18
 5249.859995  4.879524e-18
 5252.449995  4.899868e-18
 5255.039995  -1.656701e-18
 5257.629995  4.673829e-18
 5260.219995  5.529117e-18
 5262.809995  1.121742e-18
 5265.399995  3.962774e-18
 5267.989995  5.170594e-18
 5270.579995  1.764066e-18
 5273.169995  1.068402e-18
 5275.759995  2.816565e-18
 5278.349994  3.216557e-18
 5280.939994  5.931987e-18
 5283.529994  3.250620e-18
 5286.119994  1.492231e-18
 5288.709994  6.581156e-18
 5291.299994  2.465571e-18
 5293.889994  1.048613e-18
 5296.479994  3.467073e-18
 5299.069994  1.276296e-18
 5301.659994  3.405154e-18
 5304.249994  5.013770e-18
 5306.839993  2.618665e-18
 5309.429993  4.288067e-18
 5312.019993  4.599675e-18
 5314.609993  1.650317e-18
 5317.199993  6.431061e-18
 5319.789993  3.203482e-18
 5322.379993  7.358488e-18
 5324.969993  2.247519e-18
 5327.559993  4.286914e-18
 5330.149993  2.236774e-18
 5332.739993  8.666569e-18
 5335.329993  4.239758e-18
 5337.919992  3.598139e-18
 5340.509992  3.502816e-18
 5343.099992  1.509487e-18
 5345.689992  2.259287e-18
 5348.279992  2.332859e-18
 5350.869992  4.286030e-18
 5353.459992  5.567279e-18
 5356.049992  3.015564e-18
 5358.639992  3.106963e-18
 5361.229992  4.860644e-18
 5363.819992  1.976926e-18
 5366.409992  2.951459e-18
 5368.999991  2.637947e-18
 5371.589991  2.815585e-18
 5374.179991  3.477124e-18
 5376.769991  4.435503e-18
 5379.359991  3.175502e-18
 5381.949991  3.414788e-18
 5384.539991  2.446603e-18
 5387.129991  1.993181e-18
 5389.719991  2.754614e-18
 5392.309991  2.923210e-18
 5394.899991  5.806102e-18
 5397.489990  3.160737e-18
 5400.079990  4.852506e-18
 5402.669990  1.041807e-18
 5405.259990  5.142289e-18
 5407.849990  2.086394e-18
 5410.439990  2.079488e-18
 5413.029990  2.869096e-18
 5415.619990  4.062095e-18
 5418.209990  4.054763e-18
 5420.799990  8.045701e-19
 5423.389990  2.320620e-18
 5425.979990  1.149378e-18
 5428.569989  3.318092e-18
 5431.159989  4.971002e-18
 5433.749989  3.266223e-18
 5436.339989  3.739006e-18
 5438.929989  3.439420e-18
 5441.519989  1.578244e-18
 5444.109989  2.945836e-18
 5446.699989  4.845138e-18
 5449.289989  4.933510e-18
 5451.879989  3.105995e-18
 5454.469989  6.369807e-18
 5457.059988  4.508404e-18
 5459.649988  1.085353e-18
 5462.239988  6.112568e-18
 5464.829988  3.667170e-18
 5467.419988  2.922742e-18
 5470.009988  3.424766e-18
 5472.599988  4.719292e-18
 5475.189988  4.599465e-18
 5477.779988  2.999489e-18
 5480.369988  3.741381e-18
 5482.959988  2.492322e-18
 5485.549988  2.765831e-18
 5488.139987  3.692310e-18
 5490.729987  3.587903e-18
 5493.319987  3.839078e-18
 5495.909987  2.199052e-18
 5498.499987  4.101095e-18
 5501.089987  4.002099e-18
 5503.679987  2.277137e-18
 5506.269987  2.489024e-18
 5508.859987  3.385533e-18
 5511.449987  3.026407e-18
 5514.039987  2.103693e-18
 5516.629987  3.308657e-18
 5519.219986  2.666105e-18
 5521.809986  7.609993e-18
 5524.399986  1.509571e-18
 5526.989986  5.209442e-18
 5529.579986  3.810296e-18
 5532.169986  3.240102e-18
 5534.759986  1.556735e-18
 5537.349986  3.142880e-18
 5539.939986  2.714683e-18
 5542.529986  2.470563e-18
 5545.119986  3.727082e-18
 5547.709985  3.921108e-18
 5550.299985  2.837143e-18
 5552.889985  2.008997e-18
 5555.479985  3.948133e-18
 5558.069985  4.211103e-18
 5560.659985  3.839875e-18
 5563.249985  1.460737e-18
 5565.839985  4.295365e-18
 5568.429985  4.965616e-18
 5571.019985  8.481459e-18
 5573.609985  4.657807e-19
 5576.199985  2.980838e-18
 5578.789984  1.305387e-18
 5581.379984  9.220607e-18
 5583.969984  4.135668e-19
 5586.559984  2.303351e-18
 5589.149984  2.112815e-18
 5591.739984  2.944108e-18
 5594.329984  1.694006e-18
 5596.919984  5.216141e-18
 5599.509984  5.718622e-18
 5602.099984  2.120889e-18
 5604.689984  4.025142e-18
 5607.279984  1.917932e-18
 5609.869983  3.395334e-18
 5612.459983  3.166016e-18
 5615.049983  4.742036e-18
 5617.639983  4.895532e-18
 5620.229983  3.662750e-18
 5622.819983  3.587572e-18
 5625.409983  1.039215e-18
 5627.999983  2.276473e-18
 5630.589983  3.886695e-18
 5633.179983  3.649156e-18
 5635.769983  2.924292e-18
 5638.359982  5.345581e-18
 5640.949982  4.080432e-18
 5643.539982  1.713473e-18
 5646.129982  3.792194e-18
 5648.719982  2.626916e-18
 5651.309982  4.076507e-18
 5653.899982  2.809265e-18
 5656.489982  4.190558e-18
 5659.079982  3.954884e-18
 5661.669982  2.612183e-18
 5664.259982  4.048519e-18
 5666.849982  5.867072e-18
 5669.439981  4.502232e-18
 5672.029981  3.620124e-18
 5674.619981  4.091934e-18
 5677.209981  2.666245e-18
 5679.799981  2.580513e-18
 5682.389981  5.992065e-18
 5684.979981  2.353319e-18
 5687.569981  3.474190e-18
 5690.159981  3.267573e-18
 5692.749981  3.716279e-18
 5695.339981  4.680867e-18
 5697.929981  2.576913e-18
 5700.519980  5.361198e-18
 5703.109980  2.485373e-18
 5705.699980  3.549139e-18
 5708.289980  2.759772e-18
 5710.879980  3.508471e-18
 5713.469980  3.105288e-18
 5716.059980  3.218955e-18
 5718.649980  3.458537e-18
 5721.239980  1.754894e-18
 5723.829980  2.735819e-18
 5726.419980  3.923902e-18
 5729.009979  2.887151e-18
 5731.599979  5.302693e-18
 5734.189979  3.113910e-18
 5736.779979  2.964239e-18
 5739.369979  8.121783e-19
 5741.959979  3.764604e-18
 5744.549979  3.140386e-18
 5747.139979  -3.212024e-19
 5749.729979  4.010949e-18
 5752.319979  2.070104e-18
 5754.909979  3.435359e-18
 5757.499979  3.546812e-18
 5760.089978  3.005327e-18
 5762.679978  2.364407e-18
 5765.269978  4.165889e-18
 5767.859978  3.519828e-18
 5770.449978  4.117885e-18
 5773.039978  5.577626e-18
 5775.629978  3.849297e-18
 5778.219978  4.167022e-18
 5780.809978  4.504426e-18
 5783.399978  3.171023e-18
 5785.989978  2.420113e-18
 5788.579978  3.149545e-18
 5791.169977  1.913478e-18
 5793.759977  1.593150e-18
 5796.349977  5.472984e-18
 5798.939977  3.639355e-18
 5801.529977  2.149683e-18
 5804.119977  1.467280e-18
 5806.709977  2.799204e-18
 5809.299977  5.368791e-18
 5811.889977  2.890370e-18
 5814.479977  3.872493e-18
 5817.069977  3.432603e-18
 5819.659976  2.817245e-18
 5822.249976  3.526355e-18
 5824.839976  3.819570e-18
 5827.429976  4.619468e-18
 5830.019976  3.551708e-18
 5832.609976  2.265456e-18
 5835.199976  4.828451e-18
 5837.789976  3.064352e-18
 5840.379976  5.127780e-18
 5842.969976  3.021141e-18
 5845.559976  4.872797e-18
 5848.149976  3.733236e-18
 5850.739975  2.905227e-18
 5853.329975  3.038917e-18
 5855.919975  1.759376e-18
 5858.509975  3.247439e-18
 5861.099975  5.566096e-18
 5863.689975  2.711585e-18
 5866.279975  3.081445e-18
 5868.869975  2.191830e-18
 5871.459975  4.022339e-18
 5874.049975  2.836704e-18
 5876.639975  3.783692e-18
 5879.229975  3.565523e-18
 5881.819974  4.212551e-18
 5884.409974  7.015326e-18
 5886.999974  2.545453e-18
 5889.589974  2.233360e-18
 5892.179974  6.384715e-18
 5894.769974  6.433653e-18
 5897.359974  2.032718e-18
 5899.949974  3.172841e-18
 5902.539974  5.572064e-18
 5905.129974  4.615251e-18
 5907.719974  3.315330e-18
 5910.309973  2.003712e-18
 5912.899973  5.664830e-18
 5915.489973  2.778929e-18
 5918.079973  6.659596e-18
 5920.669973  4.387308e-18
 5923.259973  3.067608e-18
 5925.849973  2.048087e-18
 5928.439973  4.952313e-18
 5931.029973  6.934470e-19
 5933.619973  4.141336e-18
 5936.209973  3.822691e-18
 5938.799973  3.327477e-18
 5941.389972  2.021383e-18
 5943.979972  2.988749e-18
 5946.569972  3.836543e-18
 5949.159972  3.763238e-18
 5951.749972  3.886900e-18
 5954.339972  2.839971e-18
 5956.929972  4.207892e-18
 5959.519972  4.661756e-18
 5962.109972  4.130421e-18
 5964.699972  3.567841e-18
 5967.289972  4.241778e-18
 5969.879972  5.335880e-18
 5972.469971  3.123663e-18
 5975.059971  4.628153e-18
 5977.649971  2.172136e-18
 5980.239971  3.957822e-18
 5982.829971  4.065331e-18
 5985.419971  3.137311e-18
 5988.009971  3.675506e-18
 5990.599971  1.881966e-18
 5993.189971  2.165061e-18
 5995.779971  3.740505e-18
 5998.369971  3.980597e-18
 6000.959970  2.456125e-18
 6003.549970  2.023974e-18
 6006.139970  2.743766e-18
 6008.729970  3.322841e-18
 6011.319970  2.875342e-18
 6013.909970  1.484256e-18
 6016.499970  1.996450e-18
 6019.089970  2.228837e-18
 6021.679970  5.028334e-18
 6024.269970  5.960526e-18
 6026.859970  2.161250e-18
 6029.449970  2.846431e-18
 6032.039969  2.440950e-18
 6034.629969  3.415202e-18
 6037.219969  3.282595e-18
 6039.809969  3.449173e-18
 6042.399969  4.190869e-18
 6044.989969  2.988453e-18
 6047.579969  4.638608e-18
 6050.169969  4.383609e-18
 6052.759969  4.248394e-18
 6055.349969  3.086671e-18
 6057.939969  4.501320e-18
 6060.529969  2.797451e-18
 6063.119968  2.679176e-18
 6065.709968  2.014729e-18
 6068.299968  3.544380e-18
 6070.889968  3.398931e-18
 6073.479968  2.660873e-18
 6076.069968  4.491958e-18
 6078.659968  3.608228e-18
 6081.249968  3.800364e-18
 6083.839968  3.843708e-18
 6086.429968  2.958600e-18
 6089.019968  5.426747e-18
 6091.609967  5.034433e-18
 6094.199967  3.938765e-18
 6096.789967  3.874899e-18
 6099.379967  3.099551e-18
 6101.969967  3.631160e-18
 6104.559967  2.206161e-18
 6107.149967  2.913094e-18
 6109.739967  2.882782e-18
 6112.329967  1.078536e-18
 6114.919967  5.225489e-18
 6117.509967  3.758325e-18
 6120.099967  3.940736e-18
 6122.689966  3.901321e-18
 6125.279966  3.103295e-18
 6127.869966  1.254776e-18
 6130.459966  3.179948e-18
 6133.049966  1.834904e-18
 6135.639966  4.643793e-18
 6138.229966  3.091856e-18
 6140.819966  3.677470e-18
 6143.409966  4.975185e-18
 6145.999966  4.652795e-18
 6148.589966  2.127445e-18
 6151.179965  2.928097e-18
 6153.769965  3.762051e-18
 6156.359965  5.606445e-18
 6158.949965  3.234367e-18
 6161.539965  4.681224e-18
 6164.129965  3.998171e-18
 6166.719965  1.615966e-18
 6169.309965  1.018529e-18
 6171.899965  3.875433e-18
 6174.489965  2.899048e-18
 6177.079965  3.636618e-18
 6179.669965  3.488343e-18
 6182.259964  4.398472e-18
 6184.849964  3.872187e-18
 6187.439964  2.735285e-18
 6190.029964  3.732602e-18
 6192.619964  4.859915e-18
 6195.209964  3.933181e-18
 6197.799964  3.225467e-18
 6200.389964  3.078460e-18
 6202.979964  2.929537e-18
 6205.569964  2.916557e-18
 6208.159964  4.426485e-18
 6210.749964  2.924963e-18
 6213.339963  4.140638e-18
 6215.929963  2.632806e-18
 6218.519963  4.950361e-18
 6221.109963  4.125699e-18
 6223.699963  4.010412e-18
 6226.289963  4.636109e-18
 6228.879963  4.761260e-18
 6231.469963  1.703141e-18
 6234.059963  1.707476e-18
 6236.649963  4.495810e-18
 6239.239963  3.807543e-18
 6241.829962  2.903892e-18
 6244.419962  2.849377e-18
 6247.009962  3.260829e-18
 6249.599962  5.151375e-18
 6252.189962  3.470121e-18
 6254.779962  2.226325e-18
 6257.369962  3.677561e-18
 6259.959962  1.798474e-18
 6262.549962  4.894334e-18
 6265.139962  5.769025e-18
 6267.729962  5.246219e-18
 6270.319962  5.893078e-18
 6272.909961  3.389500e-18
 6275.499961  4.011326e-18
 6278.089961  2.191457e-18
 6280.679961  3.642458e-18
 6283.269961  2.965850e-18
 6285.859961  2.610764e-18
 6288.449961  2.469088e-18
 6291.039961  3.521791e-18
 6293.629961  5.046312e-18
 6296.219961  4.222681e-18
 6298.809961  3.166125e-18
 6301.399961  2.357911e-18
 6303.989960  4.512800e-18
 6306.579960  2.391200e-18
 6309.169960  1.594617e-18
 6311.759960  3.739562e-18
 6314.349960  4.000135e-18
 6316.939960  3.119039e-18
 6319.529960  4.409551e-18
 6322.119960  2.866532e-18
 6324.709960  3.951053e-18
 6327.299960  2.960796e-18
 6329.889960  2.874146e-18
 6332.479959  2.801043e-18
 6335.069959  4.519888e-18
 6337.659959  2.824333e-18
 6340.249959  5.172243e-18
 6342.839959  3.421914e-18
 6345.429959  5.322590e-18
 6348.019959  4.664375e-18
 6350.609959  2.387523e-18
 6353.199959  2.607920e-18
 6355.789959  2.759864e-18
 6358.379959  3.968528e-18
 6360.969959  4.157999e-18
 6363.559958  4.787869e-18
 6366.149958  2.081391e-18
 6368.739958  1.213538e-18
 6371.329958  4.673386e-18
 6373.919958  3.557303e-18
 6376.509958  3.512960e-18
 6379.099958  2.504572e-18
 6381.689958  3.143641e-18
 6384.279958  3.986633e-18
 6386.869958  3.353258e-18
 6389.459958  4.047300e-18
 6392.049958  3.704868e-18
 6394.639957  1.964057e-18
 6397.229957  4.322799e-18
 6399.819957  4.624280e-18
 6402.409957  2.078933e-18
 6404.999957  3.229809e-18
 6407.589957  2.814581e-18
 6410.179957  1.890235e-18
 6412.769957  3.558631e-18
 6415.359957  2.173040e-18
 6417.949957  4.236313e-18
 6420.539957  2.996969e-18
 6423.129956  3.456456e-18
 6425.719956  3.206061e-18
 6428.309956  4.341969e-18
 6430.899956  5.450450e-18
 6433.489956  3.344408e-18
 6436.079956  6.597969e-18
 6438.669956  5.760341e-18
 6441.259956  3.478658e-18
 6443.849956  2.832078e-18
 6446.439956  2.306141e-18
 6449.029956  5.302657e-18
 6451.619956  2.942045e-18
 6454.209955  3.682510e-18
 6456.799955  4.612121e-18
 6459.389955  4.701379e-18
 6461.979955  1.413391e-18
 6464.569955  3.724722e-18
 6467.159955  4.570828e-18
 6469.749955  4.044555e-18
 6472.339955  2.447928e-18
 6474.929955  2.407946e-18
 6477.519955  1.090409e-18
 6480.109955  3.295055e-18
 6482.699955  3.835687e-18
 6485.289954  1.821743e-18
 6487.879954  3.798564e-18
 6490.469954  1.952610e-18
 6493.059954  1.716693e-18
 6495.649954  3.396816e-18
 6498.239954  6.841436e-19
 6500.829954  3.087966e-18
 6503.419954  5.530412e-18
 6506.009954  4.685970e-18
 6508.599954  3.667942e-18
 6511.189954  3.785927e-18
 6513.779953  2.201158e-18
 6516.369953  4.731660e-18
 6518.959953  3.178184e-18
 6521.549953  4.879463e-18
 6524.139953  4.008085e-18
 6526.729953  3.553300e-18
 6529.319953  4.096244e-18
 6531.909953  9.438948e-19
 6534.499953  5.378652e-18
 6537.089953  5.691354e-18
 6539.679953  1.613378e-18
 6542.269953  5.383714e-18
 6544.859952  6.329722e-18
 6547.449952  3.154017e-18
 6550.039952  2.129039e-18
 6552.629952  3.915876e-18
 6555.219952  4.601135e-18
 6557.809952  5.444839e-18
 6560.399952  4.428204e-18
 6562.989952  1.879784e-18
 6565.579952  2.986206e-18
 6568.169952  4.408751e-18
 6570.759952  1.716159e-18
 6573.349952  2.871232e-18
 6575.939951  4.328503e-18
 6578.529951  4.231815e-18
 6581.119951  2.609642e-18
 6583.709951  4.858407e-18
 6586.299951  4.405071e-18
 6588.889951  2.605104e-18
 6591.479951  3.838378e-18
 6594.069951  4.452295e-18
 6596.659951  3.539604e-18
 6599.249951  6.077252e-18
 6601.839951  4.161323e-18
 6604.429950  3.159033e-18
 6607.019950  4.447656e-18
 6609.609950  3.728677e-18
 6612.199950  5.568863e-18
 6614.789950  4.968239e-18
 6617.379950  3.511951e-18
 6619.969950  4.224603e-18
 6622.559950  3.974779e-18
 6625.149950  5.032094e-18
 6627.739950  4.088393e-18
 6630.329950  5.914863e-18
 6632.919950  2.605765e-18
 6635.509949  4.868384e-18
 6638.099949  4.952163e-18
 6640.689949  4.024015e-18
 6643.279949  1.466668e-18
 6645.869949  4.055740e-18
 6648.459949  6.310056e-18
 6651.049949  4.906234e-18
 6653.639949  4.093468e-18
 6656.229949  4.207387e-18
 6658.819949  3.598505e-18
 6661.409949  1.764611e-18
 6663.999949  2.037342e-18
 6666.589948  4.705537e-18
 6669.179948  3.211598e-18
 6671.769948  4.293689e-18
 6674.359948  5.815927e-18
 6676.949948  3.167572e-18
 6679.539948  2.972049e-18
 6682.129948  4.390197e-18
 6684.719948  3.636566e-18
 6687.309948  3.670280e-18
 6689.899948  2.438758e-18
 6692.489948  4.109940e-18
 6695.079947  6.691858e-18
 6697.669947  5.992917e-19
 6700.259947  2.990886e-18
 6702.849947  3.271160e-18
 6705.439947  2.847542e-18
 6708.029947  5.414459e-18
 6710.619947  4.145608e-18
 6713.209947  4.841787e-18
 6715.799947  4.841737e-18
 6718.389947  3.201097e-18
 6720.979947  4.907428e-18
 6723.569947  6.271156e-18
 6726.159946  3.600262e-18
 6728.749946  4.942223e-18
 6731.339946  4.581686e-18
 6733.929946  4.914103e-18
 6736.519946  3.622940e-18
 6739.109946  3.842407e-18
 6741.699946  7.537990e-18
 6744.289946  4.020521e-18
 6746.879946  4.570212e-18
 6749.469946  3.238818e-18
 6752.059946  2.866946e-18
 6754.649945  3.825294e-18
 6757.239945  4.811944e-18
 6759.829945  6.171813e-18
 6762.419945  4.507590e-18
 6765.009945  4.973633e-18
 6767.599945  3.105990e-18
 6770.189945  4.136010e-18
 6772.779945  6.133651e-18
 6775.369945  2.899952e-18
 6777.959945  3.031760e-18
 6780.549945  2.923065e-18
 6783.139945  3.756412e-18
 6785.729944  6.030057e-18
 6788.319944  6.010091e-18
 6790.909944  3.642439e-18
 6793.499944  5.463598e-18
 6796.089944  4.875572e-18
 6798.679944  6.247272e-18
 6801.269944  4.202289e-18
 6803.859944  4.854615e-18
 6806.449944  -6.339131e-19
 6809.039944  3.228378e-18
 6811.629944  5.799688e-18
 6814.219944  5.465263e-18
 6816.809943  2.472939e-18
 6819.399943  3.944283e-18
 6821.989943  6.260809e-18
 6824.579943  4.409108e-19
 6827.169943  3.187724e-18
 6829.759943  5.688758e-18
 6832.349943  4.174272e-18
 6834.939943  2.798804e-18
 6837.529943  2.250516e-19
 6840.119943  -9.140600e-18
 6842.709943  1.778936e-19
 6845.299942  5.696224e-18
 6847.889942  3.971337e-18
 6850.479942  5.049718e-18
 6853.069942  3.145784e-18
 6855.659942  5.265980e-18
 6858.249942  5.466009e-18
 6860.839942  3.082018e-18
 6863.429942  5.904409e-18
 6866.019942  4.814112e-18
 6868.609942  2.358721e-18
 6871.199942  2.949913e-18
 6873.789942  1.498075e-18
 6876.379941  2.268855e-18
 6878.969941  4.104116e-18
 6881.559941  2.763638e-18
 6884.149941  3.748164e-18
 6886.739941  3.572950e-18
 6889.329941  3.361176e-18
 6891.919941  3.260299e-18
 6894.509941  3.573676e-18
 6897.099941  2.561730e-18
 6899.689941  1.972718e-18
 6902.279941  1.495368e-18
 6904.869941  4.449040e-18
 6907.459940  3.450297e-18
 6910.049940  2.039501e-18
 6912.639940  2.063108e-18
 6915.229940  3.683713e-18
 6917.819940  4.338219e-18
 6920.409940  5.276705e-18
 6922.999940  4.660563e-18
 6925.589940  4.886718e-18
 6928.179940  2.985684e-18
 6930.769940  5.105508e-18
 6933.359940  5.197010e-18
 6935.949939  4.032195e-18
 6938.539939  4.609672e-18
 6941.129939  5.623809e-18
 6943.719939  4.412020e-18
 6946.309939  3.586659e-18
 6948.899939  6.342798e-18
 6951.489939  6.120246e-18
 6954.079939  7.113276e-18
 6956.669939  3.941315e-18
 6959.259939  3.855562e-18
 6961.849939  4.754137e-18
 6964.439939  2.468437e-18
 6967.029938  3.507969e-18
 6969.619938  3.367099e-18
 6972.209938  4.759554e-18
 6974.799938  3.694764e-18
 6977.389938  5.738672e-18
 6979.979938  6.199865e-18
 6982.569938  2.436597e-18
 6985.159938  2.531714e-18
 6987.749938  5.812980e-18
 6990.339938  1.740533e-18
 6992.929938  3.108773e-18
 6995.519938  1.351699e-18
 6998.109937  1.236407e-18
 7000.699937  3.792949e-18
 7003.289937  4.054663e-18
 7005.879937  3.058598e-18
 7008.469937  3.157752e-18
 7011.059937  2.560393e-18
 7013.649937  3.990217e-18
 7016.239937  5.374188e-18
 7018.829937  6.131937e-18
 7021.419937  4.709443e-18
 7024.009937  1.903823e-18
 7026.599936  7.445016e-18
 7029.189936  1.608682e-18
 7031.779936  4.055941e-18
 7034.369936  2.822610e-18
 7036.959936  2.263537e-19
 7039.549936  3.534852e-18
 7042.139936  4.062670e-18
 7044.729936  4.755441e-18
 7047.319936  3.882180e-18
 7049.909936  5.385070e-18
 7052.499936  3.885280e-18
 7055.089936  6.321433e-18
 7057.679935  4.921042e-18
 7060.269935  2.652901e-18
 7062.859935  5.063361e-18
 7065.449935  4.883515e-18
 7068.039935  5.333726e-18
 7070.629935  4.138919e-18
 7073.219935  7.843624e-18
 7075.809935  4.818387e-18
 7078.399935  5.798814e-18
 7080.989935  6.641471e-18
 7083.579935  4.837447e-18
 7086.169935  2.641375e-18
 7088.759934  1.117411e-18
 7091.349934  4.283161e-18
 7093.939934  2.872200e-18
 7096.529934  5.220130e-18
 7099.119934  4.353364e-18
 7101.709934  1.039027e-18
 7104.299934  2.418096e-18
 7106.889934  2.045729e-18
 7109.479934  5.322349e-18
 7112.069934  4.684095e-18
 7114.659934  3.482257e-18
 7117.249933  5.400953e-18
 7119.839933  5.037484e-18
 7122.429933  5.455928e-18
 7125.019933  5.302290e-18
 7127.609933  4.553893e-18
 7130.199933  2.242128e-18
 7132.789933  3.872024e-18
 7135.379933  3.994217e-18
 7137.969933  3.757309e-18
 7140.559933  2.216496e-18
 7143.149933  3.507404e-18
 7145.739933  6.417203e-18
 7148.329932  6.239613e-18
 7150.919932  4.132226e-18
 7153.509932  1.773102e-18
 7156.099932  2.241444e-18
 7158.689932  5.142472e-18
 7161.279932  1.759071e-18
 7163.869932  8.711394e-19
 7166.459932  3.702859e-18
 7169.049932  3.868144e-18
 7171.639932  3.793235e-18
 7174.229932  3.130365e-18
 7176.819932  4.170789e-18
 7179.409931  3.462878e-18
 7181.999931  2.334786e-18
 7184.589931  3.102599e-18
 7187.179931  3.111562e-18
 7189.769931  2.875879e-18
 7192.359931  5.038483e-18
 7194.949931  4.049052e-18
 7197.539931  2.240622e-18
 7200.129931  3.506963e-18
 7202.719931  3.212816e-18
 7205.309931  4.658277e-18
 7207.899930  5.790992e-18
 7210.489930  3.419831e-18
 7213.079930  4.208711e-18
 7215.669930  3.387309e-18
 7218.259930  3.902244e-18
 7220.849930  3.998606e-18
 7223.439930  4.162516e-18
 7226.029930  5.725123e-18
 7228.619930  4.611194e-18
 7231.209930  6.045846e-18
 7233.799930  3.449393e-18
 7236.389930  2.595707e-18
 7238.979929  3.774806e-18
 7241.569929  4.234548e-18
 7244.159929  4.507328e-18
 7246.749929  5.033222e-18
 7249.339929  2.941320e-18
 7251.929929  8.636328e-19
 7254.519929  2.971523e-18
 7257.109929  3.127551e-18
 7259.699929  1.986376e-18
 7262.289929  3.947047e-18
 7264.879929  2.718423e-18
 7267.469929  1.036608e-18
 7270.059928  3.131987e-18
 7272.649928  2.828203e-18
 7275.239928  4.069765e-18
 7277.829928  2.830362e-18
 7280.419928  1.270529e-18
 7283.009928  4.336690e-18
 7285.599928  4.193119e-18
 7288.189928  2.629696e-18
 7290.779928  2.075901e-18
 7293.369928  1.914165e-18
 7295.959928  3.874800e-18
 7298.549927  5.437743e-18
 7301.139927  3.338113e-18
 7303.729927  7.470702e-19
 7306.319927  4.342963e-18
 7308.909927  2.824228e-18
 7311.499927  4.013218e-18
 7314.089927  6.487223e-18
 7316.679927  3.688557e-18
 7319.269927  2.542098e-18
 7321.859927  6.514382e-18
 7324.449927  5.226923e-18
 7327.039927  2.980866e-18
 7329.629926  2.650483e-18
 7332.219926  2.429465e-18
 7334.809926  3.148299e-18
 7337.399926  2.057704e-18
 7339.989926  5.345670e-18
 7342.579926  4.721978e-18
 7345.169926  5.352664e-18
 7347.759926  3.313462e-18
 7350.349926  2.767854e-18
 7352.939926  3.947798e-18
 7355.529926  4.129971e-18
 7358.119925  4.485788e-18
 7360.709925  3.489868e-18
 7363.299925  4.456939e-18
 7365.889925  4.547312e-18
 7368.479925  5.328982e-18
 7371.069925  4.741981e-18
 7373.659925  3.122983e-18
 7376.249925  3.899098e-18
 7378.839925  6.054088e-18
 7381.429925  4.227556e-18
 7384.019925  8.331100e-19
 7386.609925  6.661339e-19
 7389.199924  2.150307e-18
 7391.789924  3.567195e-18
 7394.379924  1.026468e-18
 7396.969924  2.865231e-18
 7399.559924  3.938844e-18
 7402.149924  4.011907e-19
 7404.739924  4.764773e-18
 7407.329924  4.169332e-18
 7409.919924  4.731011e-18
 7412.509924  5.483276e-18
 7415.099924  5.286326e-18
 7417.689924  3.898449e-18
 7420.279923  6.778684e-18
 7422.869923  5.108805e-18
 7425.459923  5.268457e-19
 7428.049923  2.869808e-18
 7430.639923  3.768117e-18
 7433.229923  5.446522e-18
 7435.819923  2.281810e-18
 7438.409923  5.354716e-18
 7440.999923  5.155973e-18
 7443.589923  4.693620e-18
 7446.179923  2.787170e-18
 7448.769922  9.732725e-19
 7451.359922  3.326503e-18
 7453.949922  4.523328e-18
 7456.539922  4.379239e-18
 7459.129922  8.065032e-18
 7461.719922  2.899281e-18
 7464.309922  3.935874e-18
 7466.899922  6.230834e-18
 7469.489922  4.373589e-18
 7472.079922  2.971572e-18
 7474.669922  3.584319e-18
 7477.259922  1.112485e-19
 7479.849921  2.347689e-18
 7482.439921  3.345721e-18
 7485.029921  6.849410e-18
 7487.619921  4.402418e-18
 7490.209921  6.188883e-18
 7492.799921  3.679581e-18
 7495.389921  3.060464e-18
 7497.979921  2.595860e-18
 7500.569921  3.548315e-18
 7503.159921  6.010612e-18
 7505.749921  3.754183e-18
 7508.339921  1.825012e-18
 7510.929920  3.617894e-18
 7513.519920  5.152784e-18
 7516.109920  1.489531e-18
 7518.699920  1.636858e-18
 7521.289920  1.848452e-18
 7523.879920  3.892536e-18
 7526.469920  2.632156e-18
 7529.059920  3.274308e-18
 7531.649920  3.047398e-18
 7534.239920  5.813421e-18
 7536.829920  4.291526e-18
 7539.419919  3.349462e-18
 7542.009919  3.008654e-18
 7544.599919  4.409499e-18
 7547.189919  4.476599e-18
 7549.779919  -2.735887e-19
 7552.369919  1.671902e-18
 7554.959919  5.944701e-18
 7557.549919  5.487008e-18
 7560.139919  4.275211e-18
 7562.729919  2.980004e-18
 7565.319919  2.059880e-18
 7567.909919  6.082531e-18
 7570.499918  5.862176e-18
 7573.089918  2.786639e-18
 7575.679918  2.751456e-18
 7578.269918  3.660776e-18
 7580.859918  4.247642e-18
 7583.449918  3.487990e-18
 7586.039918  3.082926e-18
 7588.629918  4.210766e-18
 7591.219918  4.154925e-18
 7593.809918  3.470411e-18
 7596.399918  1.052256e-18
 7598.989918  1.146051e-18
 7601.579917  1.146078e-18
 7604.169917  9.853916e-19
 7606.759917  1.114665e-18
 7609.349917  1.104432e-18
 7611.939917  3.653205e-19
 7614.529917  2.139409e-18
 7617.119917  2.840962e-18
 7619.709917  2.337949e-18
 7622.299917  1.754231e-18
 7624.889917  1.979236e-18
 7627.479917  6.277127e-19
 7630.069916  5.681957e-19
 7632.659916  1.152563e-18
 7635.249916  1.937815e-18
 7637.839916  2.003923e-18
 7640.429916  2.452623e-18
 7643.019916  1.922868e-18
 7645.609916  1.108010e-18
 7648.199916  1.351404e-18
 7650.789916  1.369966e-18
 7653.379916  2.532085e-18
 7655.969916  3.437385e-18
 7658.559916  1.647711e-18
 7661.149915  1.916959e-18
 7663.739915  1.693298e-18
 7666.329915  2.330431e-18
 7668.919915  3.613535e-18
 7671.509915  3.032504e-18
 7674.099915  2.404339e-18
 7676.689915  2.802141e-18
 7679.279915  2.330558e-18
 7681.869915  3.964938e-18
 7684.459915  4.819998e-18
 7687.049915  3.584504e-18
 7689.639915  1.501347e-18
 7692.229914  3.748000e-18
 7694.819914  3.356036e-18
 7697.409914  2.181120e-18
 7699.999914  3.259434e-18
 7702.589914  2.981355e-18
 7705.179914  1.211395e-18
 7707.769914  4.655882e-18
 7710.359914  6.328260e-18
 7712.949914  1.709741e-18
 7715.539914  4.741221e-18
 7718.129914  1.701226e-18
 7720.719913  8.350585e-19
 7723.309913  3.776982e-18
 7725.899913  4.103880e-18
 7728.489913  4.910688e-18
 7731.079913  4.979782e-18
 7733.669913  4.742624e-18
 7736.259913  5.463337e-18
 7738.849913  2.140839e-18
 7741.439913  2.946763e-18
 7744.029913  6.031276e-18
 7746.619913  2.443265e-18
 7749.209913  6.133403e-18
 7751.799912  3.555468e-18
 7754.389912  1.038460e-18
 7756.979912  3.266079e-18
 7759.569912  3.418510e-18
 7762.159912  3.126278e-18
 7764.749912  2.027484e-18
 7767.339912  1.947249e-18
 7769.929912  3.473002e-18
 7772.519912  2.494882e-18
 7775.109912  1.247980e-18
 7777.699912  5.936304e-18
 7780.289912  2.178157e-18
 7782.879911  6.339183e-18
 7785.469911  2.943796e-18
 7788.059911  1.894865e-19
 7790.649911  3.796422e-18
 7793.239911  7.898704e-18
 7795.829911  3.744791e-18
 7798.419911  3.150099e-18
 7801.009911  4.632449e-18
 7803.599911  4.367940e-18
 7806.189911  3.695400e-18
 7808.779911  4.208989e-18
 7811.369910  3.425360e-18
 7813.959910  5.877818e-18
 7816.549910  1.919529e-18
 7819.139910  2.857657e-18
 7821.729910  4.885029e-18
 7824.319910  1.570850e-18
 7826.909910  4.305762e-18
 7829.499910  4.123234e-18
 7832.089910  5.713029e-18
 7834.679910  4.530609e-18
 7837.269910  5.851424e-18
 7839.859910  6.058796e-18
 7842.449909  4.405803e-18
 7845.039909  4.403716e-18
 7847.629909  3.140894e-18
 7850.219909  7.321967e-18
 7852.809909  4.503401e-18
 7855.399909  3.260335e-18
 7857.989909  6.224054e-18
 7860.579909  4.536878e-18
 7863.169909  4.097724e-18
 7865.759909  2.276287e-18
 7868.349909  4.417412e-18
 7870.939909  3.864037e-18
 7873.529908  3.891958e-18
 7876.119908  2.757085e-18
 7878.709908  3.116346e-18
 7881.299908  2.023572e-18
 7883.889908  2.071831e-18
 7886.479908  2.523860e-18
 7889.069908  5.418813e-18
 7891.659908  4.826712e-18
 7894.249908  1.408239e-18
 7896.839908  2.838798e-18
 7899.429908  5.883369e-18
 7902.019907  6.754061e-18
 7904.609907  3.625624e-18
 7907.199907  2.824216e-18
 7909.789907  5.002098e-18
 7912.379907  4.022025e-18
 7914.969907  1.917492e-18
 7917.559907  8.931534e-18
 7920.149907  -5.870224e-19
 7922.739907  3.104632e-18
 7925.329907  5.123597e-18
 7927.919907  7.257674e-18
 7930.509907  2.171425e-18
 7933.099906  4.755035e-18
 7935.689906  7.801213e-18
 7938.279906  5.850854e-18
 7940.869906  1.479641e-18
 7943.459906  5.757374e-18
 7946.049906  2.873574e-18
 7948.639906  1.883579e-18
 7951.229906  3.856804e-18
 7953.819906  6.201647e-18
 7956.409906  4.920652e-18
 7958.999906  3.269770e-18
 7961.589906  4.518777e-18
 7964.179905  3.228833e-18
 7966.769905  2.608659e-18
 7969.359905  6.189273e-18
 7971.949905  4.008889e-18
 7974.539905  3.264890e-18
 7977.129905  2.116824e-18
 7979.719905  7.192850e-19
 7982.309905  5.272881e-18
 7984.899905  6.339922e-18
 7987.489905  5.979542e-18
 7990.079905  3.179049e-18
 7992.669904  3.575813e-18
 7995.259904  5.581643e-18
 7997.849904  3.764713e-18
 8000.439904  5.644296e-18
 8003.029904  2.868599e-18
 8005.619904  2.938423e-18
 8008.209904  1.578025e-18
 8010.799904  3.115492e-18
 8013.389904  5.811413e-18
 8015.979904  4.980416e-18
 8018.569904  3.635650e-18
 8021.159904  -2.133827e-18
 8023.749903  -4.863941e-20
 8026.339903  2.042034e-18
 8028.929903  5.806463e-18
 8031.519903  4.299388e-18
 8034.109903  5.140510e-18
 8036.699903  3.959666e-18
 8039.289903  5.119850e-18
 8041.879903  5.535536e-18
 8044.469903  3.422375e-18
 8047.059903  3.356594e-18
 8049.649903  3.354943e-18
 8052.239902  3.839522e-18
 8054.829902  5.392304e-18
 8057.419902  5.392564e-18
 8060.009902  6.967704e-19
 8062.599902  8.356461e-19
 8065.189902  3.130707e-18
 8067.779902  7.277264e-18
 8070.369902  5.309189e-18
 8072.959902  5.133026e-18
 8075.549902  7.443920e-18
 8078.139902  6.000243e-18
 8080.729902  3.284189e-18
 8083.319901  3.832391e-18
 8085.909901  5.946658e-18
 8088.499901  4.129458e-18
 8091.089901  5.275996e-18
 8093.679901  3.860009e-18
 8096.269901  2.209157e-18
 8098.859901  7.768429e-19
 8101.449901  1.004182e-18
 8104.039901  1.965050e-18
 8106.629901  4.366742e-18
 8109.219901  2.804786e-18
 8111.809901  5.561252e-18
 8114.399900  4.121145e-18
 8116.989900  5.573423e-18
 8119.579900  2.869441e-18
 8122.169900  -7.413735e-20
 8124.759900  4.708015e-19
 8127.349900  2.330605e-18
 8129.939900  2.770984e-18
 8132.529900  3.139107e-18
 8135.119900  6.580341e-18
 8137.709900  4.186389e-18
 8140.299900  2.107297e-18
 8142.889899  5.952866e-18
 8145.479899  3.003480e-18
 8148.069899  4.421986e-18
 8150.659899  4.997744e-18
 8153.249899  3.682756e-18
 8155.839899  4.111808e-18
 8158.429899  2.896123e-18
 8161.019899  3.106829e-18
 8163.609899  4.047712e-18
 8166.199899  2.848448e-18
 8168.789899  1.938433e-18
 8171.379899  4.599171e-18
 8173.969898  5.080831e-18
 8176.559898  3.449894e-18
 8179.149898  5.837030e-18
 8181.739898  3.040100e-18
 8184.329898  1.537270e-18
 8186.919898  2.905362e-18
 8189.509898  3.259355e-18
 8192.099898  4.417720e-18
 8194.689898  2.525566e-18
 8197.279898  2.835409e-18
 8199.869898  5.945584e-18
 8202.459898  3.731295e-18
 8205.049897  3.488473e-18
 8207.639897  3.432784e-18
 8210.229897  7.980884e-19
 8212.819897  3.617492e-18
 8215.409897  1.525541e-18
 8217.999897  2.516816e-18
 8220.589897  4.487239e-18
 8223.179897  3.441487e-18
 8225.769897  3.886430e-18
 8228.359897  4.167908e-18
 8230.949897  4.519227e-18
 8233.539896  3.878343e-18
 8236.129896  3.338183e-18
 8238.719896  5.061735e-18
 8241.309896  4.898698e-18
 8243.899896  3.991716e-18
 8246.489896  2.820234e-18
 8249.079896  4.099005e-18
 8251.669896  5.046269e-18
 8254.259896  6.387954e-18
 8256.849896  2.944444e-18
 8259.439896  2.999897e-18
 8262.029896  6.656765e-18
 8264.619895  3.137547e-18
 8267.209895  2.323658e-18
 8269.799895  2.937201e-18
 8272.389895  2.902095e-18
 8274.979895  5.085290e-18
 8277.569895  3.859549e-18
 8280.159895  2.878485e-18
 8282.749895  1.308199e-18
 8285.339895  4.266029e-18
 8287.929895  5.851562e-18
 8290.519895  6.202367e-18
 8293.109895  6.924489e-18
 8295.699894  4.773916e-18
 8298.289894  4.171275e-18
 8300.879894  5.029544e-18
 8303.469894  3.032264e-18
 8306.059894  4.144863e-18
 8308.649894  3.850489e-18
 8311.239894  2.715656e-18
 8313.829894  5.005135e-18
 8316.419894  4.811961e-18
 8319.009894  3.421265e-18
 8321.599894  3.722654e-18
 8324.189893  3.990787e-18
 8326.779893  4.051405e-18
 8329.369893  3.886828e-18
 8331.959893  5.303098e-18
 8334.549893  3.489001e-18
 8337.139893  1.572956e-18
 8339.729893  6.525904e-18
 8342.319893  8.644252e-19
 8344.909893  6.965862e-18
 8347.499893  8.342473e-18
 8350.089893  4.103535e-18
 8352.679893  3.722520e-18
 8355.269892  2.184663e-18
 8357.859892  3.156937e-18
 8360.449892  4.282343e-18
 8363.039892  5.391322e-18
 8365.629892  6.041604e-18
 8368.219892  6.025562e-18
 8370.809892  2.520854e-18
 8373.399892  2.794370e-18
 8375.989892  2.770660e-18
 8378.579892  5.607394e-18
 8381.169892  5.187188e-18
 8383.759892  7.020863e-18
 8386.349891  7.768521e-18
 8388.939891  7.106249e-18
 8391.529891  2.928443e-18
 8394.119891  5.135686e-18
 8396.709891  4.249289e-18
 8399.299891  8.622213e-18
 8401.889891  5.367321e-18
 8404.479891  8.587897e-18
 8407.069891  2.610095e-18
 8409.659891  4.920791e-18
 8412.249891  7.807998e-18
 8414.839890  4.529655e-18
 8417.429890  4.838151e-18
 8420.019890  4.901247e-18
 8422.609890  3.489452e-18
 8425.199890  7.996123e-18
 8427.789890  9.456161e-19
 8430.379890  3.196322e-18
 8432.969890  1.761263e-18
 8435.559890  6.276195e-18
 8438.149890  4.483208e-18
 8440.739890  2.715066e-18
 8443.329890  4.076038e-18
 8445.919889  5.690418e-18
 8448.509889  1.713215e-18
 8451.099889  1.164439e-18
 8453.689889  2.037264e-18
 8456.279889  5.429164e-18
 8458.869889  2.928767e-18
 8461.459889  5.691001e-18
 8464.049889  7.893971e-19
 8466.639889  4.269107e-18
 8469.229889  1.529804e-18
 8471.819889  7.319841e-18
 8474.409889  4.252297e-18
 8476.999888  4.487780e-18
 8479.589888  4.848292e-18
 8482.179888  4.511198e-18
 8484.769888  1.484951e-18
 8487.359888  4.982654e-18
 8489.949888  7.407411e-18
 8492.539888  7.087818e-18
 8495.129888  5.684276e-18
 8497.719888  4.899947e-18
 8500.309888  1.394793e-18
 8502.899888  3.151414e-18
 8505.489887  3.998221e-18
 8508.079887  2.773800e-18
 8510.669887  5.731886e-18
 8513.259887  5.070067e-18
 8515.849887  4.226813e-18
 8518.439887  4.038664e-18
 8521.029887  3.714753e-18
 8523.619887  5.172611e-18
 8526.209887  5.964958e-18
 8528.799887  2.788396e-18
 8531.389887  4.022045e-18
 8533.979887  4.770627e-18
 8536.569886  4.372922e-18
 8539.159886  3.111493e-18
 8541.749886  2.773061e-18
 8544.339886  3.930243e-18
 8546.929886  2.073406e-18
 8549.519886  4.672213e-18
 8552.109886  6.406682e-18
 8554.699886  3.993184e-18
 8557.289886  3.438263e-18
 8559.879886  5.547304e-18
 8562.469886  5.046305e-18
 8565.059886  5.175894e-18
 8567.649885  6.497208e-18
 8570.239885  3.146888e-18
 8572.829885  1.268241e-18
 8575.419885  6.410662e-18
 8578.009885  6.416338e-18
 8580.599885  7.176992e-18
 8583.189885  3.961594e-18
 8585.779885  2.716810e-18
 8588.369885  5.889838e-18
 8590.959885  5.699858e-18
 8593.549885  5.729405e-19
 8596.139884  3.958180e-18
 8598.729884  6.559730e-18
 8601.319884  7.726991e-18
 8603.909884  7.281602e-18
 8606.499884  6.101599e-18
 8609.089884  4.557472e-18
 8611.679884  3.918217e-18
 8614.269884  4.144853e-18
 8616.859884  6.190338e-18
 8619.449884  6.550648e-18
 8622.039884  5.679466e-18
 8624.629884  6.886999e-18
 8627.219883  4.988272e-18
 8629.809883  5.622015e-18
 8632.399883  5.034457e-18
 8634.989883  5.066608e-18
 8637.579883  4.062733e-18
 8640.169883  4.330348e-18
 8642.759883  4.657415e-18
 8645.349883  1.149198e-18
 8647.939883  9.982908e-19
 8650.529883  2.902799e-18
 8653.119883  6.198097e-18
 8655.709882  5.499745e-18
 8658.299882  -2.365072e-19
 8660.889882  5.763332e-18
 8663.479882  4.173742e-18
 8666.069882  4.280021e-18
 8668.659882  6.755172e-18
 8671.249882  6.290670e-18
 8673.839882  5.131822e-18
 8676.429882  5.640464e-18
 8679.019882  3.514970e-18
 8681.609882  5.456631e-19
 8684.199882  4.025683e-18
 8686.789881  6.433255e-18
 8689.379881  2.049774e-18
 8691.969881  2.827889e-18
 8694.559881  4.377985e-18
 8697.149881  4.369061e-18
 8699.739881  5.767649e-18
 8702.329881  4.453439e-18
 8704.919881  4.024863e-18
 8707.509881  4.450272e-18
 8710.099881  4.396345e-18
 8712.689881  2.936319e-18
 8715.279881  2.093626e-18
 8717.869880  4.804351e-18
 8720.459880  5.478225e-18
 8723.049880  -1.787187e-18
 8725.639880  3.352243e-18
 8728.229880  1.474916e-18
 8730.819880  2.878838e-18
 8733.409880  1.700457e-18
 8735.999880  5.416272e-18
 8738.589880  3.811080e-18
 8741.179880  3.695848e-18
 8743.769880  4.266964e-18
 8746.359879  3.089798e-18
 8748.949879  4.686105e-18
 8751.539879  5.584930e-18
 8754.129879  3.599026e-18
 8756.719879  5.082609e-18
 8759.309879  5.074269e-18
 8761.899879  7.809611e-18
 8764.489879  6.075921e-18
 8767.079879  3.493796e-18
 8769.669879  -2.802703e-18
 8772.259879  4.426910e-18
 8774.849879  8.609494e-18
 8777.439878  5.667703e-18
 8780.029878  3.493251e-18
 8782.619878  8.559221e-18
 8785.209878  3.171374e-18
 8787.799878  8.759938e-18
 8790.389878  1.390981e-18
 8792.979878  4.239359e-18
 8795.569878  8.795540e-18
 8798.159878  1.112102e-17
 8800.749878  6.010497e-18
 8803.339878  3.431038e-18
 8805.929878  2.797946e-18
 8808.519877  2.602346e-18
 8811.109877  4.138431e-18
 8813.699877  5.495734e-18
 8816.289877  3.744109e-18
 8818.879877  8.138448e-18
 8821.469877  6.721643e-18
 8824.059877  6.814731e-18
 8826.649877  3.319942e-18
 8829.239877  4.738361e-18
 8831.829877  5.284742e-18
 8834.419877  2.618008e-18
 8837.009876  -2.903010e-19
 8839.599876  2.519161e-18
 8842.189876  7.339766e-18
 8844.779876  3.249132e-18
 8847.369876  2.618374e-18
 8849.959876  4.545831e-18
 8852.549876  2.811278e-18
 8855.139876  4.903525e-18
 8857.729876  8.337890e-18
 8860.319876  6.165724e-18
 8862.909876  2.294611e-18
 8865.499876  1.666039e-19
 8868.089875  3.361386e-18
 8870.679875  7.193482e-20
 8873.269875  4.673514e-18
 8875.859875  7.297696e-18
 8878.449875  6.803975e-18
 8881.039875  2.070448e-18
 8883.629875  6.152729e-18
 8886.219875  1.844571e-19
 8888.809875  9.313897e-18
 8891.399875  1.998437e-18
 8893.989875  8.100169e-18
 8896.579875  2.411428e-18
 8899.169874  3.822665e-18
 8901.759874  4.355534e-18
 8904.349874  1.906396e-18
 8906.939874  3.193383e-18
 8909.529874  3.839410e-18
 8912.119874  5.862923e-18
 8914.709874  -7.990263e-19
 8917.299874  -4.868410e-19
 8919.889874  -2.320032e-18
 8922.479874  1.572708e-18
 8925.069874  1.351147e-18
 8927.659873  7.641262e-18
 8930.249873  3.254864e-18
 8932.839873  3.809344e-18
 8935.429873  3.824413e-18
 8938.019873  5.257254e-18
 8940.609873  6.286634e-18
 8943.199873  4.969046e-18
 8945.789873  3.941566e-18
 8948.379873  6.684454e-18
 8950.969873  4.366415e-18
 8953.559873  4.844742e-18
 8956.149873  1.287310e-18
 8958.739872  1.025934e-17
 8961.329872  7.359390e-18
 8963.919872  8.539270e-18
 8966.509872  3.254883e-18
 8969.099872  2.805444e-18
 8971.689872  1.115823e-18
 8974.279872  2.537467e-18
 8976.869872  5.252745e-18
 8979.459872  6.380743e-18
 8982.049872  4.386168e-18
 8984.639872  4.195470e-18
 8987.229872  4.013379e-18
 8989.819871  6.277508e-18
 8992.409871  8.388065e-19
 8994.999871  6.991602e-18
 8997.589871  3.276066e-18
 9000.179871  5.873106e-18
 9002.769871  7.416171e-18
 9005.359871  8.627490e-18
 9007.949871  4.404611e-18
 9010.539871  3.858755e-18
 9013.129871  5.586611e-18
 9015.719871  3.959398e-18
 9018.309870  1.889177e-18
 9020.899870  9.217547e-19
 9023.489870  4.925294e-18
 9026.079870  4.280225e-18
 9028.669870  2.901612e-18
 9031.259870  7.450348e-18
 9033.849870  5.163513e-18
 9036.439870  4.008356e-18
 9039.029870  2.019105e-18
 9041.619870  3.401508e-18
 9044.209870  7.793519e-19
 9046.799870  -3.144712e-19
 9049.389869  1.954288e-18
 9051.979869  3.711612e-18
 9054.569869  6.061984e-18
 9057.159869  4.822016e-18
 9059.749869  5.123401e-18
 9062.339869  5.071758e-18
 9064.929869  4.381005e-18
 9067.519869  4.345852e-18
 9070.109869  2.547975e-18
 9072.699869  2.821389e-18
 9075.289869  1.882859e-18
 9077.879869  3.242056e-18
 9080.469868  5.070392e-18
 9083.059868  2.750378e-18
 9085.649868  1.908267e-18
 9088.239868  5.988295e-18
 9090.829868  4.093004e-18
 9093.419868  3.610796e-18
 9096.009868  5.097763e-18
 9098.599868  1.635147e-18
 9101.189868  3.606650e-18
 9103.779868  2.698612e-18
 9106.369868  4.264219e-18
 9108.959867  3.252718e-18
 9111.549867  3.839059e-18
 9114.139867  7.176860e-18
 9116.729867  3.153251e-18
 9119.319867  7.986295e-19
 9121.909867  1.933783e-18
 9124.499867  3.472130e-18
 9127.089867  4.854964e-18
 9129.679867  4.394485e-18
 9132.269867  3.716791e-18
 9134.859867  2.295088e-18
 9137.449867  1.786234e-18
 9140.039866  1.029293e-18
 9142.629866  2.368343e-18
 9145.219866  3.023655e-18
 9147.809866  5.763959e-18
 9150.399866  5.066695e-18
 9152.989866  2.026987e-18
 9155.579866  2.185504e-18
 9158.169866  4.876827e-18
 9160.759866  5.636779e-18
 9163.349866  4.470488e-18
 9165.939866  3.210753e-18
 9168.529866  6.161981e-18
 9171.119865  4.231636e-18
 9173.709865  2.862497e-18
 9176.299865  5.512162e-19
 9178.889865  3.175168e-18
 9181.479865  4.155642e-18
 9184.069865  3.188262e-18
 9186.659865  4.141015e-18
 9189.249865  4.065317e-18
 9191.839865  1.417442e-18
 9194.429865  2.501863e-18
 9197.019865  2.381203e-18
 9199.609864  5.436997e-18
 9202.199864  5.545933e-18
 9204.789864  5.019076e-18
 9207.379864  2.575972e-18
 9209.969864  2.001775e-18
 9212.559864  3.282724e-18
 9215.149864  3.165699e-18
 9217.739864  3.253000e-18
 9220.329864  4.459972e-18
 9222.919864  4.311290e-18
 9225.509864  5.270079e-18
 9228.099864  1.008404e-18
 9230.689863  6.004579e-18
 9233.279863  1.746646e-18
 9235.869863  1.715963e-18
 9238.459863  4.351787e-18
 9241.049863  5.458820e-18
 9243.639863  6.089266e-18
 9246.229863  3.061171e-18
 9248.819863  3.278247e-18
 9251.409863  3.437521e-18
 9253.999863  6.503983e-18
 9256.589863  5.485868e-18
 9259.179862  3.658843e-18
 9261.769862  1.983971e-18
 9264.359862  3.394364e-18
 9266.949862  4.611738e-18
 9269.539862  4.624550e-18
 9272.129862  4.631558e-18
 9274.719862  3.566050e-18
 9277.309862  4.116297e-18
 9279.899862  1.559475e-18
 9282.489862  4.207148e-18
 9285.079862  6.881870e-18
 9287.669862  3.618609e-18
 9290.259861  2.845225e-18
 9292.849861  3.700589e-18
 9295.439861  2.105440e-18
 9298.029861  2.085651e-18
 9300.619861  1.979845e-18
 9303.209861  4.394166e-18
 9305.799861  -1.973956e-18
 9308.389861  4.372224e-19
 9310.979861  1.110585e-18
 9313.569861  2.537093e-18
 9316.159861  1.381462e-18
 9318.749861  6.232320e-18
 9321.339860  9.347579e-18
 9323.929860  8.344475e-18
 9326.519860  2.913043e-18
 9329.109860  4.382488e-19
 9331.699860  4.264672e-18
 9334.289860  3.856336e-18
 9336.879860  3.167021e-18
 9339.469860  2.262379e-18
 9342.059860  3.152333e-18
 9344.649860  3.891461e-18
 9347.239860  3.151839e-18
 9349.829859  1.052579e-18
 9352.419859  8.742047e-20
 9355.009859  5.598185e-19
 9357.599859  2.289410e-18
 9360.189859  1.466634e-18
 9362.779859  2.924386e-18
 9365.369859  4.285411e-18
 9367.959859  2.964908e-18
 9370.549859  7.650630e-18
 9373.139859  9.345488e-18
 9375.729859  8.323633e-18
 9378.319859  8.868293e-18
 9380.909858  1.206022e-17
 9383.499858  6.172017e-18
 9386.089858  3.240298e-18
 9388.679858  3.395041e-18
 9391.269858  3.174964e-18
 9393.859858  5.480287e-19
 9396.449858  1.441532e-18
 9399.039858  -8.957781e-20
 9401.629858  3.526258e-18
 9404.219858  3.021470e-18
 9406.809858  2.182434e-18
 9409.399858  3.330303e-18
 9411.989857  1.790497e-18
 9414.579857  2.034829e-18
 9417.169857  6.318867e-18
 9419.759857  4.955628e-18
 9422.349857  3.335903e-18
 9424.939857  6.361153e-18
 9427.529857  4.616374e-18
 9430.119857  2.715903e-18
 9432.709857  3.076733e-18
 9435.299857  5.632104e-18
 9437.889857  4.104854e-18
 9440.479856  4.578553e-19
 9443.069856  3.087029e-18
 9445.659856  2.649839e-18
 9448.249856  5.828225e-18
 9450.839856  3.257548e-18
 9453.429856  -6.256001e-19
 9456.019856  -2.301157e-18
 9458.609856  -1.176523e-18
 9461.199856  5.114062e-18
 9463.789856  5.121278e-18
 9466.379856  3.483785e-18
 9468.969856  2.016184e-18
 9471.559855  1.716719e-18
 9474.149855  -1.437247e-18
 9476.739855  7.568502e-18
 9479.329855  5.307787e-18
 9481.919855  8.332745e-18
 9484.509855  5.786094e-18
 9487.099855  3.962040e-19
 9489.689855  -3.233488e-20
 9492.279855  2.493149e-18
 9494.869855  1.862933e-18
 9497.459855  5.726641e-19
 9500.049855  -1.608746e-18
 9502.639854  5.861225e-18
 9505.229854  4.819654e-18
 9507.819854  3.185459e-18
 9510.409854  9.175368e-19
 9512.999854  1.979580e-18
 9515.589854  3.854476e-18
 9518.179854  -1.443137e-18
 9520.769854  9.082086e-19
 9523.359854  1.361274e-18
 9525.949854  4.733121e-18
 9528.539854  2.875627e-18
 9531.129853  7.950129e-19
 9533.719853  2.784027e-18
 9536.309853  3.034772e-18
 9538.899853  1.703755e-18
 9541.489853  2.546741e-18
 9544.079853  2.513632e-18
 9546.669853  2.549320e-18
 9549.259853  4.979021e-18
 9551.849853  3.828286e-19
 9554.439853  2.358575e-18
 9557.029853  1.898438e-18
 9559.619853  5.211575e-19
 9562.209852  -3.062724e-19
 9564.799852  1.765073e-18
 9567.389852  1.022665e-18
 9569.979852  2.023721e-18
 9572.569852  1.517764e-18
 9575.159852  3.814233e-18
 9577.749852  8.510029e-19
 9580.339852  3.836084e-18
 9582.929852  4.443228e-18
 9585.519852  4.842469e-18
 9588.109852  2.915010e-18
 9590.699852  1.261023e-18
 9593.289851  1.944321e-18
 9595.879851  4.058465e-18
 9598.469851  3.513971e-18
 9601.059851  1.838115e-18
 9603.649851  4.739318e-18
 9606.239851  4.783033e-18
 9608.829851  3.779434e-18
 9611.419851  4.857253e-18
 9614.009851  3.195030e-18
 9616.599851  1.166386e-18
 9619.189851  2.500438e-18
 9621.779850  5.263105e-18
 9624.369850  5.453936e-18
 9626.959850  4.189061e-18
 9629.549850  5.857317e-18
 9632.139850  3.603053e-18
 9634.729850  4.301031e-18
 9637.319850  2.857218e-18
 9639.909850  -4.406117e-19
 9642.499850  6.703076e-19
 9645.089850  1.210254e-18
 9647.679850  9.340408e-19
 9650.269850  2.809771e-18
 9652.859849  1.842856e-18
 9655.449849  3.404625e-18
 9658.039849  2.184728e-18
 9660.629849  8.876295e-19
 9663.219849  2.505711e-18
 9665.809849  3.958945e-18
 9668.399849  -6.033802e-19
 9670.989849  1.145839e-18
 9673.579849  2.782698e-18
 9676.169849  3.557182e-18
 9678.759849  1.270066e-18
 9681.349849  1.152308e-18
 9683.939848  4.314701e-18
 9686.529848  3.861244e-18
 9689.119848  4.413958e-18
 9691.709848  3.527880e-18
 9694.299848  2.074557e-18
 9696.889848  1.381680e-18
 9699.479848  1.701820e-18
 9702.069848  7.392883e-19
 9704.659848  2.501526e-18
 9707.249848  3.334346e-18
 9709.839848  2.380252e-18
 9712.429847  3.631667e-18
 9715.019847  2.185034e-17
 9717.609847  2.510059e-17
 9720.199847  9.010310e-19
 9722.789847  3.552679e-18
 9725.379847  2.922434e-18
 9727.969847  -1.027141e-18
 9730.559847  1.498751e-18
 9733.149847  -3.443953e-19
 9735.739847  1.659520e-18
 9738.329847  5.442726e-18
 9740.919847  4.126755e-18
 9743.509846  2.085586e-18
 9746.099846  3.731979e-18
 9748.689846  8.419905e-19
 9751.279846  7.778314e-19
 9753.869846  1.541490e-18
 9756.459846  1.173579e-18
 9759.049846  4.364907e-19
 9761.639846  1.675357e-18
 9764.229846  3.196484e-18
 9766.819846  3.477826e-18
 9769.409846  1.923759e-18
 9771.999846  -3.710764e-20
 9774.589845  4.741841e-19
 9777.179845  -2.246211e-19
 9779.769845  8.519231e-19
 9782.359845  1.716499e-18
 9784.949845  -9.094408e-19
 9787.539845  2.160676e-18
 9790.129845  3.958668e-18
 9792.719845  3.198545e-18
 9795.309845  1.746137e-18
 9797.899845  -4.288793e-18
 9800.489845  6.113919e-19
 9803.079844  -1.944465e-18
 9805.669844  2.840774e-18
 9808.259844  9.384494e-19
 9810.849844  1.979235e-18
 9813.439844  5.858486e-18
 9816.029844  7.584456e-18
 9818.619844  2.375629e-18
 9821.209844  -8.039582e-19
 9823.799844  6.224644e-20
 9826.389844  3.050297e-18
 9828.979844  2.512641e-18
 9831.569844  -3.235417e-19
 9834.159843  2.094583e-18
 9836.749843  6.539383e-18
 9839.339843  3.994619e-18
 9841.929843  2.701943e-18
 9844.519843  5.714824e-18
 9847.109843  1.732046e-18
 9849.699843  -1.977750e-18
 9852.289843  -2.871310e-18
 9854.879843  4.635546e-18
 9857.469843  4.040532e-18
 9860.059843  9.725727e-19
 9862.649843  2.219716e-18
 9865.239842  3.506400e-18
 9867.829842  2.954514e-18
 9870.419842  -5.487826e-18
 9873.009842  -6.285529e-18
 9875.599842  -5.138159e-18
 9878.189842  1.451759e-18
 9880.779842  1.672290e-18
 9883.369842  3.381321e-18
 9885.959842  5.894841e-18
 9888.549842  1.866201e-18
 9891.139842  -1.617894e-18
 9893.729841  -5.319311e-19
 9896.319841  -3.285005e-18
 9898.909841  -1.059003e-18
 9901.499841  2.435050e-18
 9904.089841  2.167184e-18
 9906.679841  3.322409e-18
 9909.269841  3.472118e-18
 9911.859841  4.195597e-18
 9914.449841  1.675988e-18
 9917.039841  2.627002e-18
 9919.629841  4.060731e-18
 9922.219841  -8.511373e-19
 9924.809840  -2.382954e-18
 9927.399840  -8.385491e-19
 9929.989840  4.551631e-19
 9932.579840  2.373484e-18
 9935.169840  1.820140e-18
 9937.759840  -7.658886e-19
 9940.349840  -3.022257e-18
 9942.939840  -5.081634e-18
 9945.529840  -4.082023e-18
 9948.119840  -4.078900e-18
 9950.709840  -1.057952e-18
 9953.299839  3.484489e-18
 9955.889839  5.304631e-18
 9958.479839  2.056559e-18
 9961.069839  1.232823e-18
 9963.659839  -1.566263e-18
 9966.249839  1.446146e-19
 9968.839839  -5.642771e-19
 9971.429839  3.700662e-18
 9974.019839  4.441468e-18
 9976.609839  3.470756e-18
 9979.199839  1.351789e-18
 9981.789839  -1.423964e-20
 9984.379838  7.017781e-19
 9986.969838  -1.603582e-18
 9989.559838  5.860627e-19
 9992.149838  1.228958e-19
 9994.739838  2.360552e-18
 9997.329838  1.553303e-18
 9999.919838  3.754741e-18
10002.509838  3.339988e-18
10005.099838  2.011558e-18
10007.689838  3.756326e-18
10010.279838  5.037055e-18
10012.869838  7.459319e-18
10015.459837  6.391706e-18
10018.049837  3.406860e-18
10020.639837  3.370374e-18
10023.229837  2.300620e-18
10025.819837  -2.168723e-18
10028.409837  -1.687280e-18
10030.999837  4.417968e-19
10033.589837  -1.340692e-18
10036.179837  2.984266e-18
10038.769837  3.548139e-18
10041.359837  1.162840e-18
10043.949836  8.088279e-19
10046.539836  5.206162e-19
10049.129836  -1.222609e-18
10051.719836  -4.202433e-19
10054.309836  1.754918e-18
10056.899836  2.360532e-18
10059.489836  3.344520e-18
10062.079836  2.177606e-18
10064.669836  2.014583e-18
10067.259836  1.488271e-18
10069.849836  1.231365e-19
10072.439836  -4.956096e-19
10075.029835  1.745233e-18
10077.619835  2.528654e-18
10080.209835  2.619426e-19
10082.799835  2.489978e-18
10085.389835  8.041467e-19
10087.979835  -9.687992e-20
10090.569835  -2.464693e-19
10093.159835  -8.832566e-20
10095.749835  7.895894e-19
10098.339835  1.631134e-18
10100.929835  1.564387e-18
10103.519835  4.002677e-18
10106.109834  2.875476e-18
10108.699834  2.154718e-18
10111.289834  -2.330016e-19
10113.879834  7.072880e-19
10116.469834  2.056904e-18
10119.059834  2.029450e-18
10121.649834  8.842805e-19
10124.239834  1.890530e-18
10126.829834  1.393462e-18
10129.419834  3.306462e-18
10132.009834  1.454304e-18
10134.599833  1.232559e-18
10137.189833  6.119779e-19
10139.779833  6.804351e-19
10142.369833  2.358189e-18
10144.959833  1.256821e-18
10147.549833  -9.313637e-19
10150.139833  -2.368109e-18
10152.729833  -1.901924e-18
10155.319833  -1.010316e-19
10157.909833  1.631570e-18
10160.499833  2.991216e-19
10163.089833  7.147757e-19
10165.679832  8.967295e-19
10168.269832  1.521492e-18
10170.859832  2.077592e-18
10173.449832  1.044407e-18
10176.039832  -2.670293e-18
10178.629832  -6.483591e-19
10181.219832  1.289358e-18
10183.809832  1.354238e-18
10186.399832  1.012105e-18
10188.989832  -8.860635e-19
10191.579832  -6.673333e-19
10194.169832  1.570756e-18
10196.759831  -1.634775e-19
10199.349831  5.696985e-19
10201.939831  2.297576e-18
10204.529831  5.769200e-19
10207.119831  -6.708382e-19
10209.709831  5.026131e-19
10212.299831  1.218895e-18
10214.889831  2.287679e-18
10217.479831  2.213928e-18
10220.069831  8.504928e-19
10222.659831  1.907676e-18
