 5110.000000  1.589015e-08
 5112.590000  1.740334e-08
 5115.180000  1.511055e-08
 5117.770000  2.091852e-08
 5120.360000  2.151754e-08
 5122.950000  1.884653e-08
 5125.539999  1.905716e-08
 5128.129999  2.205497e-08
 5130.719999  2.040976e-08
 5133.309999  1.801464e-08
 5135.899999  1.358267e-08
 5138.489999  1.583467e-08
 5141.079999  1.785367e-08
 5143.669999  1.840815e-08
 5146.259999  2.450202e-08
 5148.849999  1.662937e-08
 5151.439999  2.065245e-08
 5154.029999  1.924215e-08
 5156.619998  1.398822e-08
 5159.209998  1.789749e-08
 5161.799998  1.080102e-08
 5164.389998  1.622098e-08
 5166.979998  2.041074e-08
 5169.569998  1.954527e-08
 5172.159998  2.060254e-08
 5174.749998  2.027210e-08
 5177.339998  2.179607e-08
 5179.929998  1.393862e-08
 5182.519998  1.836459e-08
 5185.109998  1.140578e-08
 5187.699997  1.806975e-08
 5190.289997  1.771458e-08
 5192.879997  2.149315e-08
 5195.469997  9.974071e-09
 5198.059997  1.489048e-08
 5200.649997  1.646090e-08
 5203.239997  1.362056e-08
 5205.829997  1.264780e-08
 5208.419997  1.391353e-08
 5211.009997  1.361758e-08
 5213.599997  1.292152e-08
 5216.189996  1.813779e-08
 5218.779996  1.947458e-08
 5221.369996  1.658920e-08
 5223.959996  1.309372e-08
 5226.549996  1.452531e-08
 5229.139996  1.968425e-08
 5231.729996  1.749468e-08
 5234.319996  1.112616e-08
 5236.909996  1.464062e-08
 5239.499996  2.168266e-08
 5242.089996  1.982814e-08
 5244.679996  2.318077e-08
 5247.269995  1.275496e-08
 5249.859995  1.147184e-08
 5252.449995  1.505976e-08
 5255.039995  1.680307e-08
 5257.629995  2.050586e-08
 5260.219995  1.614488e-08
 5262.809995  1.572413e-08
 5265.399995  1.519956e-08
 5267.989995  2.077649e-08
 5270.579995  1.952763e-08
 5273.169995  1.500484e-08
 5275.759995  1.566734e-08
 5278.349994  1.839176e-08
 5280.939994  2.119223e-08
 5283.529994  1.982823e-08
 5286.119994  1.819353e-08
 5288.709994  1.761004e-08
 5291.299994  1.847095e-08
 5293.889994  1.706930e-08
 5296.479994  2.277234e-08
 5299.069994  1.985904e-08
 5301.659994  1.406903e-08
 5304.249994  1.760838e-08
 5306.839993  1.227643e-08
 5309.429993  2.168114e-08
 5312.019993  1.647188e-08
 5314.609993  1.619191e-08
 5317.199993  1.697848e-08
 5319.789993  1.847190e-08
 5322.379993  1.793087e-08
 5324.969993  1.945402e-08
 5327.559993  1.643269e-08
 5330.149993  1.971401e-08
 5332.739993  1.674338e-08
 5335.329993  2.105780e-08
 5337.919992  1.421860e-08
 5340.509992  1.725843e-08
 5343.099992  1.721001e-08
 5345.689992  2.603032e-08
 5348.279992  1.887893e-08
 5350.869992  1.793935e-08
 5353.459992  1.307278e-08
 5356.049992  1.699195e-08
 5358.639992  2.258323e-08
 5361.229992  1.873454e-08
 5363.819992  1.978555e-08
 5366.409992  1.879081e-08
 5368.999991  1.737563e-08
 5371.589991  2.138870e-08
 5374.179991  1.570434e-08
 5376.769991  1.489835e-08
 5379.359991  1.581506e-08
 5381.949991  1.895601e-08
 5384.539991  1.738901e-08
 5387.129991  1.377454e-08
 5389.719991  1.981071e-08
 5392.309991  1.428497e-08
 5394.899991  1.811104e-08
 5397.489990  1.607355e-08
 5400.079990  1.753466e-08
 5402.669990  1.591447e-08
 5405.259990  1.074605e-08
 5407.849990  1.599187e-08
 5410.439990  1.875402e-08
 5413.029990  1.149014e-08
 5415.619990  1.310986e-08
 5418.209990  1.958655e-08
 5420.799990  1.325640e-08
 5423.389990  1.762997e-08
 5425.979990  1.465191e-08
 5428.569989  1.763422e-08
 5431.159989  1.889893e-08
 5433.749989  1.533809e-08
 5436.339989  2.164120e-08
 5438.929989  1.397157e-08
 5441.519989  1.777848e-08
 5444.109989  1.733227e-08
 5446.699989  1.819787e-08
 5449.289989  1.682029e-08
 5451.879989  1.517405e-08
 5454.469989  1.745605e-08
 5457.059988  2.260361e-08
 5459.649988  2.043415e-08
 5462.239988  1.730201e-08
 5464.829988  1.862953e-08
 5467.419988  2.140548e-08
 5470.009988  1.828243e-08
 5472.599988  1.788553e-08
 5475.189988  1.476945e-08
 5477.779988  2.215084e-08
 5480.369988  2.093275e-08
 5482.959988  1.879847e-08
 5485.549988  2.192188e-08
 5488.139987  2.241369e-08
 5490.729987  1.720366e-08
 5493.319987  1.724848e-08
 5495.909987  1.914706e-08
 5498.499987  1.688163e-08
 5501.089987  2.010133e-08
 5503.679987  1.846299e-08
 5506.269987  1.713142e-08
 5508.859987  1.714537e-08
 5511.449987  1.817866e-08
 5514.039987  1.753977e-08
 5516.629987  2.367232e-08
 5519.219986  1.707652e-08
 5521.809986  1.448974e-08
 5524.399986  1.875353e-08
 5526.989986  2.084251e-08
 5529.579986  1.884695e-08
 5532.169986  1.913252e-08
 5534.759986  1.970095e-08
 5537.349986  2.073602e-08
 5539.939986  1.507539e-08
 5542.529986  1.899740e-08
 5545.119986  1.777294e-08
 5547.709985  1.460262e-08
 5550.299985  2.048052e-08
 5552.889985  1.789848e-08
 5555.479985  1.057256e-08
 5558.069985  2.124130e-08
 5560.659985  2.025446e-08
 5563.249985  1.728484e-08
 5565.839985  1.623549e-08
 5568.429985  1.831408e-08
 5571.019985  2.535322e-08
 5573.609985  8.340599e-09
 5576.199985  2.886554e-09
 5578.789984  2.758786e-08
 5581.379984  1.488309e-08
 5583.969984  1.561290e-08
 5586.559984  1.524294e-08
 5589.149984  1.557025e-08
 5591.739984  1.330849e-08
 5594.329984  1.648157e-08
 5596.919984  1.608449e-08
 5599.509984  1.821004e-08
 5602.099984  1.347040e-08
 5604.689984  2.098493e-08
 5607.279984  2.351083e-08
 5609.869983  1.279494e-08
 5612.459983  1.721977e-08
 5615.049983  1.388977e-08
 5617.639983  1.436334e-08
 5620.229983  2.100254e-08
 5622.819983  1.496843e-08
 5625.409983  1.736394e-08
 5627.999983  1.909919e-08
 5630.589983  2.051379e-08
 5633.179983  1.964562e-08
 5635.769983  1.819120e-08
 5638.359982  2.021754e-08
 5640.949982  2.234928e-08
 5643.539982  2.408774e-08
 5646.129982  2.276102e-08
 5648.719982  1.342344e-08
 5651.309982  1.782588e-08
 5653.899982  1.930724e-08
 5656.489982  2.078207e-08
 5659.079982  1.804962e-08
 5661.669982  1.915156e-08
 5664.259982  1.923026e-08
 5666.849982  1.387403e-08
 5669.439981  1.585354e-08
 5672.029981  1.543156e-08
 5674.619981  1.620496e-08
 5677.209981  2.087016e-08
 5679.799981  2.252742e-08
 5682.389981  1.910968e-08
 5684.979981  1.854279e-08
 5687.569981  2.204541e-08
 5690.159981  1.770383e-08
 5692.749981  2.330285e-08
 5695.339981  2.079021e-08
 5697.929981  1.622871e-08
 5700.519980  2.198420e-08
 5703.109980  2.192268e-08
 5705.699980  1.973936e-08
 5708.289980  1.739379e-08
 5710.879980  1.543363e-08
 5713.469980  2.125079e-08
 5716.059980  1.998147e-08
 5718.649980  1.751610e-08
 5721.239980  2.356494e-08
 5723.829980  2.096331e-08
 5726.419980  2.175277e-08
 5729.009979  1.902779e-08
 5731.599979  1.944358e-08
 5734.189979  1.834960e-08
 5736.779979  2.108473e-08
 5739.369979  1.876833e-08
 5741.959979  2.006724e-08
 5744.549979  1.821299e-08
 5747.139979  1.586076e-08
 5749.729979  2.196636e-08
 5752.319979  1.974731e-08
 5754.909979  1.789823e-08
 5757.499979  1.800445e-08
 5760.089978  1.781793e-08
 5762.679978  1.817189e-08
 5765.269978  1.687938e-08
 5767.859978  2.128593e-08
 5770.449978  2.136294e-08
 5773.039978  1.950960e-08
 5775.629978  1.995141e-08
 5778.219978  1.795594e-08
 5780.809978  1.541667e-08
 5783.399978  1.799474e-08
 5785.989978  1.817769e-08
 5788.579978  1.917812e-08
 5791.169977  1.806087e-08
 5793.759977  1.814180e-08
 5796.349977  2.032353e-08
 5798.939977  1.822979e-08
 5801.529977  1.997384e-08
 5804.119977  1.637871e-08
 5806.709977  2.384503e-08
 5809.299977  2.114544e-08
 5811.889977  2.244695e-08
 5814.479977  2.178571e-08
 5817.069977  2.152322e-08
 5819.659976  1.949964e-08
 5822.249976  1.703753e-08
 5824.839976  2.118884e-08
 5827.429976  1.935017e-08
 5830.019976  1.644379e-08
 5832.609976  1.665031e-08
 5835.199976  2.087893e-08
 5837.789976  2.805435e-08
 5840.379976  2.081966e-08
 5842.969976  2.136166e-08
 5845.559976  2.245808e-08
 5848.149976  1.853955e-08
 5850.739975  2.337421e-08
 5853.329975  2.495932e-08
 5855.919975  1.916212e-08
 5858.509975  2.004246e-08
 5861.099975  1.734217e-08
 5863.689975  2.061701e-08
 5866.279975  2.747657e-08
 5868.869975  2.470190e-08
 5871.459975  2.452680e-08
 5874.049975  1.813113e-08
 5876.639975  1.845749e-08
 5879.229975  1.906891e-08
 5881.819974  1.783073e-08
 5884.409974  2.596133e-08
 5886.999974  1.285735e-08
 5889.589974  1.525672e-10
 5892.179974  1.479690e-08
 5894.769974  6.467683e-09
 5897.359974  3.490007e-09
 5899.949974  1.425440e-08
 5902.539974  1.600981e-08
 5905.129974  2.111470e-08
 5907.719974  2.150515e-08
 5910.309973  1.449713e-08
 5912.899973  2.105909e-08
 5915.489973  1.870747e-08
 5918.079973  1.737764e-08
 5920.669973  1.317366e-08
 5923.259973  1.834079e-08
 5925.849973  2.328768e-08
 5928.439973  2.434813e-08
 5931.029973  1.942408e-08
 5933.619973  2.240476e-08
 5936.209973  1.940279e-08
 5938.799973  1.855964e-08
 5941.389972  2.054695e-08
 5943.979972  2.044973e-08
 5946.569972  1.975534e-08
 5949.159972  2.481362e-08
 5951.749972  2.171732e-08
 5954.339972  2.563055e-08
 5956.929972  2.102886e-08
 5959.519972  2.140031e-08
 5962.109972  1.782816e-08
 5964.699972  1.727574e-08
 5967.289972  2.356893e-08
 5969.879972  1.652266e-08
 5972.469971  2.389013e-08
 5975.059971  1.652887e-08
 5977.649971  2.096226e-08
 5980.239971  1.365452e-08
 5982.829971  2.268082e-08
 5985.419971  2.044931e-08
 5988.009971  2.171335e-08
 5990.599971  1.993830e-08
 5993.189971  2.126073e-08
 5995.779971  1.748228e-08
 5998.369971  1.896874e-08
 6000.959970  2.002522e-08
 6003.549970  2.145498e-08
 6006.139970  1.718093e-08
 6008.729970  1.504187e-08
 6011.319970  1.996905e-08
 6013.909970  2.050955e-08
 6016.499970  2.456570e-08
 6019.089970  2.847740e-08
 6021.679970  2.234014e-08
 6024.269970  1.390928e-08
 6026.859970  2.259486e-08
 6029.449970  2.508607e-08
 6032.039969  2.009031e-08
 6034.629969  2.092831e-08
 6037.219969  1.462547e-08
 6039.809969  1.852148e-08
 6042.399969  2.120697e-08
 6044.989969  2.468331e-08
 6047.579969  1.810953e-08
 6050.169969  2.243255e-08
 6052.759969  2.300197e-08
 6055.349969  2.449056e-08
 6057.939969  1.670721e-08
 6060.529969  2.131192e-08
 6063.119968  2.490976e-08
 6065.709968  2.404419e-08
 6068.299968  2.048081e-08
 6070.889968  2.307614e-08
 6073.479968  2.329381e-08
 6076.069968  1.696498e-08
 6078.659968  2.376919e-08
 6081.249968  2.054389e-08
 6083.839968  2.188971e-08
 6086.429968  1.932651e-08
 6089.019968  2.158787e-08
 6091.609967  2.388539e-08
 6094.199967  2.318779e-08
 6096.789967  2.222164e-08
 6099.379967  2.387363e-08
 6101.969967  1.761660e-08
 6104.559967  1.902793e-08
 6107.149967  2.298862e-08
 6109.739967  1.894414e-08
 6112.329967  2.148317e-08
 6114.919967  2.606327e-08
 6117.509967  2.159597e-08
 6120.099967  1.848766e-08
 6122.689966  2.144405e-08
 6125.279966  1.896087e-08
 6127.869966  2.107027e-08
 6130.459966  2.556122e-08
 6133.049966  2.019404e-08
 6135.639966  1.790329e-08
 6138.229966  2.095919e-08
 6140.819966  2.214149e-08
 6143.409966  1.947499e-08
 6145.999966  1.898509e-08
 6148.589966  2.196403e-08
 6151.179965  2.032064e-08
 6153.769965  2.019877e-08
 6156.359965  1.893629e-08
 6158.949965  2.247599e-08
 6161.539965  2.004803e-08
 6164.129965  1.992554e-08
 6166.719965  2.676486e-08
 6169.309965  2.429470e-08
 6171.899965  2.056490e-08
 6174.489965  2.237145e-08
 6177.079965  2.118937e-08
 6179.669965  2.016996e-08
 6182.259964  2.502832e-08
 6184.849964  2.070880e-08
 6187.439964  1.856045e-08
 6190.029964  2.743463e-08
 6192.619964  2.503747e-08
 6195.209964  1.783082e-08
 6197.799964  2.369216e-08
 6200.389964  2.110444e-08
 6202.979964  2.246366e-08
 6205.569964  2.511919e-08
 6208.159964  2.312220e-08
 6210.749964  2.213788e-08
 6213.339963  1.590948e-08
 6215.929963  1.869019e-08
 6218.519963  2.530738e-08
 6221.109963  2.316186e-08
 6223.699963  2.148680e-08
 6226.289963  1.818882e-08
 6228.879963  1.997626e-08
 6231.469963  2.436500e-08
 6234.059963  1.981228e-08
 6236.649963  2.324621e-08
 6239.239963  1.910779e-08
 6241.829962  2.088520e-08
 6244.419962  1.975037e-08
 6247.009962  2.081771e-08
 6249.599962  1.945724e-08
 6252.189962  1.725678e-08
 6254.779962  2.419240e-08
 6257.369962  2.079102e-08
 6259.959962  1.671680e-08
 6262.549962  1.747221e-08
 6265.139962  1.819452e-08
 6267.729962  2.222341e-08
 6270.319962  2.229310e-08
 6272.909961  1.954380e-08
 6275.499961  1.729262e-08
 6278.089961  2.395923e-08
 6280.679961  2.097168e-08
 6283.269961  1.893590e-08
 6285.859961  2.135728e-08
 6288.449961  2.278913e-08
 6291.039961  1.562564e-08
 6293.629961  2.133451e-08
 6296.219961  1.756947e-08
 6298.809961  1.887832e-08
 6301.399961  2.463957e-08
 6303.989960  1.572428e-08
 6306.579960  1.860411e-08
 6309.169960  2.706998e-08
 6311.759960  1.678468e-08
 6314.349960  2.239229e-08
 6316.939960  2.508035e-08
 6319.529960  2.055238e-08
 6322.119960  2.190554e-08
 6324.709960  2.171817e-08
 6327.299960  2.036322e-08
 6329.889960  2.134546e-08
 6332.479959  1.892376e-08
 6335.069959  2.278630e-08
 6337.659959  1.977895e-08
 6340.249959  2.016237e-08
 6342.839959  1.978540e-08
 6345.429959  2.669050e-08
 6348.019959  2.006703e-08
 6350.609959  1.955359e-08
 6353.199959  2.068576e-08
 6355.789959  1.832445e-08
 6358.379959  1.850023e-08
 6360.969959  1.987841e-08
 6363.559958  2.116671e-08
 6366.149958  2.320943e-08
 6368.739958  2.237618e-08
 6371.329958  2.396291e-08
 6373.919958  2.357974e-08
 6376.509958  2.188707e-08
 6379.099958  2.345596e-08
 6381.689958  1.752929e-08
 6384.279958  2.303077e-08
 6386.869958  2.039634e-08
 6389.459958  1.776310e-08
 6392.049958  2.475845e-08
 6394.639957  2.561295e-08
 6397.229957  2.354452e-08
 6399.819957  2.251305e-08
 6402.409957  2.156661e-08
 6404.999957  2.319411e-08
 6407.589957  2.257861e-08
 6410.179957  2.097921e-08
 6412.769957  2.726564e-08
 6415.359957  2.285920e-08
 6417.949957  2.072941e-08
 6420.539957  2.536330e-08
 6423.129956  2.299190e-08
 6425.719956  1.964667e-08
 6428.309956  2.686746e-08
 6430.899956  2.451574e-08
 6433.489956  2.001534e-08
 6436.079956  1.914150e-08
 6438.669956  2.029135e-08
 6441.259956  2.052568e-08
 6443.849956  2.644926e-08
 6446.439956  2.524541e-08
 6449.029956  2.021239e-08
 6451.619956  2.137888e-08
 6454.209955  2.487234e-08
 6456.799955  2.224994e-08
 6459.389955  2.527716e-08
 6461.979955  2.108981e-08
 6464.569955  2.351247e-08
 6467.159955  2.309274e-08
 6469.749955  2.181303e-08
 6472.339955  2.294275e-08
 6474.929955  1.898171e-08
 6477.519955  1.895333e-08
 6480.109955  1.675500e-08
 6482.699955  2.048715e-08
 6485.289954  2.084855e-08
 6487.879954  2.243239e-08
 6490.469954  2.213791e-08
 6493.059954  1.927542e-08
 6495.649954  2.438454e-08
 6498.239954  2.179915e-08
 6500.829954  2.010678e-08
 6503.419954  1.792284e-08
 6506.009954  2.436490e-08
 6508.599954  2.271305e-08
 6511.189954  2.050722e-08
 6513.779953  2.143592e-08
 6516.369953  2.401037e-08
 6518.959953  2.226031e-08
 6521.549953  2.234725e-08
 6524.139953  2.118759e-08
 6526.729953  2.192031e-08
 6529.319953  1.738425e-08
 6531.909953  2.196823e-08
 6534.499953  2.250655e-08
 6537.089953  2.369513e-08
 6539.679953  2.622397e-08
 6542.269953  2.175855e-08
 6544.859952  1.662476e-08
 6547.449952  1.896455e-08
 6550.039952  2.157701e-08
 6552.629952  2.233650e-08
 6555.219952  2.347408e-08
 6557.809952  2.079313e-08
 6560.399952  2.344697e-08
 6562.989952  2.716302e-08
 6565.579952  2.371228e-08
 6568.169952  1.977258e-08
 6570.759952  2.468296e-08
 6573.349952  2.062407e-08
 6575.939951  2.288269e-08
 6578.529951  2.190289e-08
 6581.119951  2.801595e-08
 6583.709951  2.387185e-08
 6586.299951  2.336574e-08
 6588.889951  2.205705e-08
 6591.479951  2.600366e-08
 6594.069951  2.359055e-08
 6596.659951  2.224444e-08
 6599.249951  2.038344e-08
 6601.839951  2.009596e-08
 6604.429950  2.227685e-08
 6607.019950  2.778577e-08
 6609.609950  2.374776e-08
 6612.199950  2.252401e-08
 6614.789950  2.387781e-08
 6617.379950  2.213378e-08
 6619.969950  2.457070e-08
 6622.559950  2.490527e-08
 6625.149950  2.494768e-08
 6627.739950  2.320945e-08
 6630.329950  2.353118e-08
 6632.919950  2.317135e-08
 6635.509949  2.945029e-08
 6638.099949  2.236429e-08
 6640.689949  2.079737e-08
 6643.279949  2.637083e-08
 6645.869949  2.369532e-08
 6648.459949  2.687642e-08
 6651.049949  2.362626e-08
 6653.639949  2.146390e-08
 6656.229949  2.318047e-08
 6658.819949  2.567578e-08
 6661.409949  2.838116e-08
 6663.999949  1.933079e-08
 6666.589948  2.203193e-08
 6669.179948  2.488141e-08
 6671.769948  2.500892e-08
 6674.359948  2.450941e-08
 6676.949948  1.956623e-08
 6679.539948  2.529095e-08
 6682.129948  2.110390e-08
 6684.719948  2.519989e-08
 6687.309948  2.159090e-08
 6689.899948  2.140176e-08
 6692.489948  2.242441e-08
 6695.079947  2.395694e-08
 6697.669947  2.297813e-08
 6700.259947  2.120555e-08
 6702.849947  2.440725e-08
 6705.439947  2.171141e-08
 6708.029947  2.201375e-08
 6710.619947  2.407658e-08
 6713.209947  2.520565e-08
 6715.799947  2.849445e-08
 6718.389947  2.535150e-08
 6720.979947  2.272928e-08
 6723.569947  2.660201e-08
 6726.159946  2.284966e-08
 6728.749946  2.270339e-08
 6731.339946  2.311730e-08
 6733.929946  2.464976e-08
 6736.519946  2.271739e-08
 6739.109946  2.131379e-08
 6741.699946  2.445513e-08
 6744.289946  2.207974e-08
 6746.879946  2.473069e-08
 6749.469946  2.436390e-08
 6752.059946  2.455167e-08
 6754.649945  2.887212e-08
 6757.239945  2.374602e-08
 6759.829945  2.499519e-08
 6762.419945  2.212084e-08
 6765.009945  2.052675e-08
 6767.599945  2.269677e-08
 6770.189945  2.411172e-08
 6772.779945  2.212191e-08
 6775.369945  2.273574e-08
 6777.959945  2.323216e-08
 6780.549945  2.453579e-08
 6783.139945  2.256903e-08
 6785.729944  2.439134e-08
 6788.319944  2.393413e-08
 6790.909944  2.723781e-08
 6793.499944  2.326623e-08
 6796.089944  2.217288e-08
 6798.679944  2.727591e-08
 6801.269944  2.392187e-08
 6803.859944  2.143840e-08
 6806.449944  2.069475e-08
 6809.039944  2.191837e-08
 6811.629944  2.181218e-08
 6814.219944  2.124185e-08
 6816.809943  2.243930e-08
 6819.399943  2.558934e-08
 6821.989943  2.295835e-08
 6824.579943  1.955737e-08
 6827.169943  1.883630e-08
 6829.759943  2.476735e-08
 6832.349943  2.198092e-08
 6834.939943  1.996211e-08
 6837.529943  2.236853e-08
 6840.119943  1.556695e-08
 6842.709943  1.838336e-08
 6845.299942  2.368694e-08
 6847.889942  2.499947e-08
 6850.479942  2.669410e-08
 6853.069942  2.665178e-08
 6855.659942  2.217311e-08
 6858.249942  1.844968e-08
 6860.839942  1.648157e-08
 6863.429942  1.881713e-08
 6866.019942  1.374680e-08
 6868.609942  1.437398e-08
 6871.199942  1.996227e-08
 6873.789942  1.865113e-08
 6876.379941  1.791768e-08
 6878.969941  2.357752e-08
 6881.559941  2.319599e-08
 6884.149941  2.207682e-08
 6886.739941  2.060891e-08
 6889.329941  2.102035e-08
 6891.919941  2.147193e-08
 6894.509941  2.213909e-08
 6897.099941  1.918805e-08
 6899.689941  2.257756e-08
 6902.279941  2.264206e-08
 6904.869941  2.408862e-08
 6907.459940  1.902155e-08
 6910.049940  2.106135e-08
 6912.639940  2.104533e-08
 6915.229940  2.657567e-08
 6917.819940  2.604088e-08
 6920.409940  2.380572e-08
 6922.999940  2.372816e-08
 6925.589940  2.635290e-08
 6928.179940  2.204973e-08
 6930.769940  2.254338e-08
 6933.359940  2.254891e-08
 6935.949939  2.520008e-08
 6938.539939  2.398618e-08
 6941.129939  2.459697e-08
 6943.719939  2.604533e-08
 6946.309939  2.427809e-08
 6948.899939  2.177432e-08
 6951.489939  2.190367e-08
 6954.079939  2.183440e-08
 6956.669939  2.243953e-08
 6959.259939  2.249454e-08
 6961.849939  2.253649e-08
 6964.439939  2.349670e-08
 6967.029938  2.476767e-08
 6969.619938  2.743245e-08
 6972.209938  2.830752e-08
 6974.799938  2.211764e-08
 6977.389938  2.551955e-08
 6979.979938  2.737139e-08
 6982.569938  2.013415e-08
 6985.159938  2.530672e-08
 6987.749938  2.664181e-08
 6990.339938  2.509167e-08
 6992.929938  2.389462e-08
 6995.519938  2.470499e-08
 6998.109937  2.237043e-08
 7000.699937  2.351174e-08
 7003.289937  2.617683e-08
 7005.879937  2.401152e-08
 7008.469937  1.992987e-08
 7011.059937  2.504465e-08
 7013.649937  2.718420e-08
 7016.239937  2.484232e-08
 7018.829937  2.504363e-08
 7021.419937  2.317576e-08
 7024.009937  2.566020e-08
 7026.599936  2.601599e-08
 7029.189936  2.750597e-08
 7031.779936  2.481706e-08
 7034.369936  2.341113e-08
 7036.959936  2.400980e-08
 7039.549936  2.517323e-08
 7042.139936  2.571347e-08
 7044.729936  2.826151e-08
 7047.319936  2.500583e-08
 7049.909936  2.017811e-08
 7052.499936  2.646969e-08
 7055.089936  2.555614e-08
 7057.679935  2.545248e-08
 7060.269935  2.803876e-08
 7062.859935  2.834536e-08
 7065.449935  2.520806e-08
 7068.039935  2.409948e-08
 7070.629935  2.696442e-08
 7073.219935  3.774049e-08
 7075.809935  4.427495e-08
 7078.399935  3.957081e-08
 7080.989935  2.728603e-08
 7083.579935  1.994255e-08
 7086.169935  1.943628e-08
 7088.759934  2.038019e-08
 7091.349934  2.478112e-08
 7093.939934  3.142031e-08
 7096.529934  3.554841e-08
 7099.119934  3.239784e-08
 7101.709934  2.837611e-08
 7104.299934  2.653002e-08
 7106.889934  1.938631e-08
 7109.479934  2.407969e-08
 7112.069934  2.607050e-08
 7114.659934  2.537982e-08
 7117.249933  2.533785e-08
 7119.839933  2.323758e-08
 7122.429933  2.481887e-08
 7125.019933  2.414625e-08
 7127.609933  2.645166e-08
 7130.199933  2.618160e-08
 7132.789933  2.337524e-08
 7135.379933  2.763240e-08
 7137.969933  2.382371e-08
 7140.559933  2.421201e-08
 7143.149933  2.533242e-08
 7145.739933  2.136286e-08
 7148.329932  2.469445e-08
 7150.919932  2.714962e-08
 7153.509932  2.805270e-08
 7156.099932  2.733923e-08
 7158.689932  2.451927e-08
 7161.279932  2.600351e-08
 7163.869932  2.603432e-08
 7166.459932  2.390772e-08
 7169.049932  2.268349e-08
 7171.639932  2.117390e-08
 7174.229932  2.268217e-08
 7176.819932  2.302521e-08
 7179.409931  2.118339e-08
 7181.999931  1.874715e-08
 7184.589931  1.699416e-08
 7187.179931  2.066576e-08
 7189.769931  1.991489e-08
 7192.359931  2.073290e-08
 7194.949931  2.193024e-08
 7197.539931  1.862353e-08
 7200.129931  1.931420e-08
 7202.719931  2.419216e-08
 7205.309931  2.334983e-08
 7207.899930  2.733447e-08
 7210.489930  2.355669e-08
 7213.079930  2.226310e-08
 7215.669930  2.544528e-08
 7218.259930  2.467121e-08
 7220.849930  2.385903e-08
 7223.439930  2.329554e-08
 7226.029930  2.103630e-08
 7228.619930  2.325963e-08
 7231.209930  2.202468e-08
 7233.799930  2.001584e-08
 7236.389930  1.810007e-08
 7238.979929  2.220673e-08
 7241.569929  2.233178e-08
 7244.159929  2.557047e-08
 7246.749929  2.028916e-08
 7249.339929  1.446610e-08
 7251.929929  1.853086e-08
 7254.519929  2.242939e-08
 7257.109929  2.483921e-08
 7259.699929  2.264725e-08
 7262.289929  2.381306e-08
 7264.879929  1.941363e-08
 7267.469929  2.096061e-08
 7270.059928  2.044466e-08
 7272.649928  2.002250e-08
 7275.239928  2.017086e-08
 7277.829928  1.751662e-08
 7280.419928  2.381151e-08
 7283.009928  2.896871e-08
 7285.599928  1.981555e-08
 7288.189928  1.911946e-08
 7290.779928  2.173547e-08
 7293.369928  2.142566e-08
 7295.959928  2.407525e-08
 7298.549927  2.140269e-08
 7301.139927  2.112583e-08
 7303.729927  2.398807e-08
 7306.319927  2.313932e-08
 7308.909927  2.466641e-08
 7311.499927  2.196454e-08
 7314.089927  1.818879e-08
 7316.679927  2.219404e-08
 7319.269927  2.252217e-08
 7321.859927  2.431230e-08
 7324.449927  2.942198e-08
 7327.039927  2.673541e-08
 7329.629926  2.522748e-08
 7332.219926  3.684302e-08
 7334.809926  4.483970e-08
 7337.399926  3.165499e-08
 7339.989926  2.193072e-08
 7342.579926  1.896194e-08
 7345.169926  2.314344e-08
 7347.759926  2.674337e-08
 7350.349926  2.905105e-08
 7352.939926  3.013297e-08
 7355.529926  2.636742e-08
 7358.119925  2.423334e-08
 7360.709925  2.550048e-08
 7363.299925  2.730346e-08
 7365.889925  2.275641e-08
 7368.479925  1.947094e-08
 7371.069925  1.992097e-08
 7373.659925  2.309925e-08
 7376.249925  2.287215e-08
 7378.839925  2.746364e-08
 7381.429925  2.804665e-08
 7384.019925  2.827487e-08
 7386.609925  2.764711e-08
 7389.199924  2.617450e-08
 7391.789924  2.975795e-08
 7394.379924  2.920370e-08
 7396.969924  2.264643e-08
 7399.559924  2.682880e-08
 7402.149924  2.588370e-08
 7404.739924  2.745892e-08
 7407.329924  3.088793e-08
 7409.919924  2.709602e-08
 7412.509924  2.590001e-08
 7415.099924  3.109373e-08
 7417.689924  2.849666e-08
 7420.279923  2.236672e-08
 7422.869923  2.457424e-08
 7425.459923  2.911335e-08
 7428.049923  2.834860e-08
 7430.639923  2.887501e-08
 7433.229923  2.422268e-08
 7435.819923  2.433547e-08
 7438.409923  2.931837e-08
 7440.999923  2.687120e-08
 7443.589923  2.400217e-08
 7446.179923  2.726050e-08
 7448.769922  2.972318e-08
 7451.359922  2.730230e-08
 7453.949922  3.008168e-08
 7456.539922  3.317204e-08
 7459.129922  2.529132e-08
 7461.719922  2.796048e-08
 7464.309922  3.203306e-08
 7466.899922  2.100766e-08
 7469.489922  2.452080e-08
 7472.079922  2.447998e-08
 7474.669922  2.869547e-08
 7477.259922  2.677591e-08
 7479.849921  2.716474e-08
 7482.439921  3.048320e-08
 7485.029921  2.607726e-08
 7487.619921  3.122731e-08
 7490.209921  2.857715e-08
 7492.799921  2.802025e-08
 7495.389921  3.070037e-08
 7497.979921  2.474080e-08
 7500.569921  2.751422e-08
 7503.159921  2.848758e-08
 7505.749921  3.055098e-08
 7508.339921  2.970900e-08
 7510.929920  2.906117e-08
 7513.519920  2.562012e-08
 7516.109920  2.499457e-08
 7518.699920  2.676831e-08
 7521.289920  2.597758e-08
 7523.879920  2.843972e-08
 7526.469920  1.928357e-08
 7529.059920  2.203930e-08
 7531.649920  2.524623e-08
 7534.239920  2.541663e-08
 7536.829920  2.935384e-08
 7539.419919  3.043148e-08
 7542.009919  2.611047e-08
 7544.599919  2.557395e-08
 7547.189919  2.702929e-08
 7549.779919  2.720955e-08
 7552.369919  2.864941e-08
 7554.959919  3.133551e-08
 7557.549919  2.450304e-08
 7560.139919  2.522789e-08
 7562.729919  2.952349e-08
 7565.319919  2.538260e-08
 7567.909919  2.258108e-08
 7570.499918  2.329023e-08
 7573.089918  2.754846e-08
 7575.679918  2.615276e-08
 7578.269918  2.849447e-08
 7580.859918  2.592378e-08
 7583.449918  3.036483e-08
 7586.039918  2.674883e-08
 7588.629918  2.533973e-08
 7591.219918  2.438813e-08
 7593.809918  1.350862e-08
 7596.399918  9.615895e-09
 7598.989918  6.716482e-09
 7601.579917  7.958513e-09
 7604.169917  6.969670e-09
 7606.759917  9.256289e-09
 7609.349917  8.689573e-09
 7611.939917  1.122886e-08
 7614.529917  1.359705e-08
 7617.119917  1.717760e-08
 7619.709917  1.755358e-08
 7622.299917  1.492914e-08
 7624.889917  1.406367e-08
 7627.479917  1.198597e-08
 7630.069916  1.422647e-08
 7632.659916  1.107668e-08
 7635.249916  1.567621e-08
 7637.839916  1.590614e-08
 7640.429916  1.443977e-08
 7643.019916  1.715016e-08
 7645.609916  2.055992e-08
 7648.199916  1.843957e-08
 7650.789916  2.092223e-08
 7653.379916  1.962023e-08
 7655.969916  1.991993e-08
 7658.559916  2.088948e-08
 7661.149915  1.968440e-08
 7663.739915  2.369364e-08
 7666.329915  2.311578e-08
 7668.919915  2.346334e-08
 7671.509915  2.477495e-08
 7674.099915  2.519927e-08
 7676.689915  2.836274e-08
 7679.279915  2.707390e-08
 7681.869915  2.709932e-08
 7684.459915  2.473062e-08
 7687.049915  2.785791e-08
 7689.639915  2.881803e-08
 7692.229914  2.693863e-08
 7694.819914  3.005608e-08
 7697.409914  2.950956e-08
 7699.999914  2.885378e-08
 7702.589914  3.055841e-08
 7705.179914  2.521976e-08
 7707.769914  3.423002e-08
 7710.359914  2.209648e-08
 7712.949914  2.649280e-08
 7715.539914  2.108915e-08
 7718.129914  2.183904e-08
 7720.719913  2.411866e-08
 7723.309913  3.044225e-08
 7725.899913  2.538156e-08
 7728.489913  2.623652e-08
 7731.079913  3.078871e-08
 7733.669913  3.320965e-08
 7736.259913  2.874683e-08
 7738.849913  2.743305e-08
 7741.439913  2.828367e-08
 7744.029913  3.747372e-08
 7746.619913  2.114319e-08
 7749.209913  2.386667e-08
 7751.799912  2.546582e-08
 7754.389912  2.066192e-08
 7756.979912  2.477060e-08
 7759.569912  2.772873e-08
 7762.159912  2.779045e-08
 7764.749912  2.934456e-08
 7767.339912  2.608654e-08
 7769.929912  3.017107e-08
 7772.519912  3.262851e-08
 7775.109912  3.087678e-08
 7777.699912  3.030781e-08
 7780.289912  2.694067e-08
 7782.879911  2.880548e-08
 7785.469911  3.257423e-08
 7788.059911  2.044186e-08
 7790.649911  2.725291e-08
 7793.239911  2.746932e-08
 7795.829911  2.197432e-08
 7798.419911  1.881328e-08
 7801.009911  3.280300e-08
 7803.599911  3.277423e-08
 7806.189911  3.081954e-08
 7808.779911  3.266178e-08
 7811.369910  2.625148e-08
 7813.959910  2.698737e-08
 7816.549910  3.092989e-08
 7819.139910  2.186054e-08
 7821.729910  2.621008e-08
 7824.319910  1.926548e-08
 7826.909910  2.799569e-08
 7829.499910  3.035623e-08
 7832.089910  3.061661e-08
 7834.679910  3.074136e-08
 7837.269910  2.782721e-08
 7839.859910  3.528003e-08
 7842.449909  3.141185e-08
 7845.039909  2.919204e-08
 7847.629909  2.809174e-08
 7850.219909  3.184818e-08
 7852.809909  1.986444e-08
 7855.399909  2.971703e-08
 7857.989909  3.402511e-08
 7860.579909  2.028860e-08
 7863.169909  2.592948e-08
 7865.759909  2.583330e-08
 7868.349909  2.465352e-08
 7870.939909  3.075815e-08
 7873.529908  2.851131e-08
 7876.119908  2.122495e-08
 7878.709908  2.953480e-08
 7881.299908  2.537379e-08
 7883.889908  2.550888e-08
 7886.479908  2.066765e-08
 7889.069908  2.911289e-08
 7891.659908  2.448506e-08
 7894.249908  2.269540e-08
 7896.839908  2.973989e-08
 7899.429908  3.144215e-08
 7902.019907  3.146683e-08
 7904.609907  3.161378e-08
 7907.199907  3.079534e-08
 7909.789907  1.771910e-08
 7912.379907  2.570156e-08
 7914.969907  1.301619e-08
 7917.559907  2.464971e-08
 7920.149907  1.779524e-08
 7922.739907  3.616641e-08
 7925.329907  3.092575e-08
 7927.919907  2.769063e-08
 7930.509907  2.608861e-08
 7933.099906  2.785541e-08
 7935.689906  2.429699e-08
 7938.279906  2.949488e-08
 7940.869906  2.771745e-08
 7943.459906  3.042200e-08
 7946.049906  2.805527e-08
 7948.639906  2.543696e-08
 7951.229906  2.918301e-08
 7953.819906  2.744737e-08
 7956.409906  2.535688e-08
 7958.999906  3.136795e-08
 7961.589906  2.479285e-08
 7964.179905  2.886571e-08
 7966.769905  2.319553e-08
 7969.359905  3.621169e-08
 7971.949905  2.685793e-08
 7974.539905  2.479382e-08
 7977.129905  2.821548e-08
 7979.719905  2.970163e-08
 7982.309905  3.509935e-08
 7984.899905  3.332205e-08
 7987.489905  2.487617e-08
 7990.079905  3.422004e-08
 7992.669904  1.930708e-08
 7995.259904  3.298999e-08
 7997.849904  2.207110e-08
 8000.439904  3.736168e-08
 8003.029904  2.604237e-08
 8005.619904  2.707123e-08
 8008.209904  2.957429e-08
 8010.799904  2.688883e-08
 8013.389904  2.741281e-08
 8015.979904  2.603221e-08
 8018.569904  2.918322e-08
 8021.159904  2.557018e-08
 8023.749903  2.637133e-08
 8026.339903  3.110995e-08
 8028.929903  2.261229e-08
 8031.519903  2.449479e-08
 8034.109903  2.717269e-08
 8036.699903  3.061617e-08
 8039.289903  2.810316e-08
 8041.879903  3.094520e-08
 8044.469903  3.197040e-08
 8047.059903  3.276499e-08
 8049.649903  2.775028e-08
 8052.239902  2.916432e-08
 8054.829902  2.747126e-08
 8057.419902  3.216491e-08
 8060.009902  2.332777e-08
 8062.599902  3.202195e-08
 8065.189902  2.824240e-08
 8067.779902  2.651975e-08
 8070.369902  3.117556e-08
 8072.959902  3.081870e-08
 8075.549902  3.092456e-08
 8078.139902  3.112725e-08
 8080.729902  3.113681e-08
 8083.319901  3.029907e-08
 8085.909901  3.206607e-08
 8088.499901  3.162073e-08
 8091.089901  3.237074e-08
 8093.679901  2.883646e-08
 8096.269901  2.535550e-08
 8098.859901  3.786642e-08
 8101.449901  3.117103e-08
 8104.039901  3.588241e-08
 8106.629901  3.268312e-08
 8109.219901  3.265840e-08
 8111.809901  3.015743e-08
 8114.399900  2.883380e-08
 8116.989900  3.128953e-08
 8119.579900  3.178550e-08
 8122.169900  2.836205e-08
 8124.759900  2.719911e-08
 8127.349900  2.776169e-08
 8129.939900  2.715420e-08
 8132.529900  2.682111e-08
 8135.119900  2.453186e-08
 8137.709900  2.887466e-08
 8140.299900  2.721774e-08
 8142.889899  2.757848e-08
 8145.479899  2.832951e-08
 8148.069899  2.763755e-08
 8150.659899  2.788250e-08
 8153.249899  2.420604e-08
 8155.839899  2.746992e-08
 8158.429899  2.659693e-08
 8161.019899  2.474267e-08
 8163.609899  2.390888e-08
 8166.199899  2.629099e-08
 8168.789899  2.454314e-08
 8171.379899  2.656199e-08
 8173.969898  2.559455e-08
 8176.559898  2.364587e-08
 8179.149898  2.361132e-08
 8181.739898  2.401002e-08
 8184.329898  2.655739e-08
 8186.919898  2.992619e-08
 8189.509898  2.890657e-08
 8192.099898  2.437313e-08
 8194.689898  1.992617e-08
 8197.279898  2.126431e-08
 8199.869898  2.927626e-08
 8202.459898  3.019854e-08
 8205.049897  2.994792e-08
 8207.639897  2.906597e-08
 8210.229897  3.310327e-08
 8212.819897  3.264743e-08
 8215.409897  2.823347e-08
 8217.999897  2.543431e-08
 8220.589897  2.259134e-08
 8223.179897  2.173510e-08
 8225.769897  1.985684e-08
 8228.359897  2.031205e-08
 8230.949897  2.208804e-08
 8233.539896  2.735898e-08
 8236.129896  3.131781e-08
 8238.719896  2.776354e-08
 8241.309896  2.661075e-08
 8243.899896  2.832754e-08
 8246.489896  2.916030e-08
 8249.079896  2.829677e-08
 8251.669896  2.997655e-08
 8254.259896  2.952452e-08
 8256.849896  2.804601e-08
 8259.439896  2.942186e-08
 8262.029896  2.893314e-08
 8264.619895  2.654336e-08
 8267.209895  2.687053e-08
 8269.799895  2.552310e-08
 8272.389895  2.688749e-08
 8274.979895  2.531880e-08
 8277.569895  2.172656e-08
 8280.159895  2.918409e-08
 8282.749895  2.632547e-08
 8285.339895  2.440579e-08
 8287.929895  2.551742e-08
 8290.519895  2.403865e-08
 8293.109895  3.022760e-08
 8295.699894  3.169189e-08
 8298.289894  2.930866e-08
 8300.879894  1.921643e-08
 8303.469894  2.106535e-08
 8306.059894  3.179036e-08
 8308.649894  1.823798e-08
 8311.239894  2.762491e-08
 8313.829894  2.500425e-08
 8316.419894  2.444436e-08
 8319.009894  2.647572e-08
 8321.599894  2.866569e-08
 8324.189893  3.149561e-08
 8326.779893  2.895365e-08
 8329.369893  2.708279e-08
 8331.959893  2.827179e-08
 8334.549893  2.672993e-08
 8337.139893  3.969038e-08
 8339.729893  8.202072e-09
 8342.319893  3.403077e-08
 8344.909893  4.069833e-08
 8347.499893  2.459769e-08
 8350.089893  -5.833546e-09
 8352.679893  4.892326e-08
 8355.269892  2.315404e-08
 8357.859892  2.010585e-08
 8360.449892  3.517772e-08
 8363.039892  2.932301e-08
 8365.629892  3.177322e-08
 8368.219892  3.006757e-08
 8370.809892  3.540495e-08
 8373.399892  2.556154e-08
 8375.989892  3.051349e-08
 8378.579892  3.436960e-08
 8381.169892  3.257678e-08
 8383.759892  3.537349e-08
 8386.349891  3.737435e-08
 8388.939891  2.841915e-08
 8391.529891  2.488499e-08
 8394.119891  4.290891e-08
 8396.709891  1.773751e-08
 8399.299891  3.278728e-08
 8401.889891  2.444650e-08
 8404.479891  2.993312e-08
 8407.069891  2.507787e-08
 8409.659891  3.562414e-08
 8412.249891  3.155962e-08
 8414.839890  2.850312e-08
 8417.429890  2.523439e-08
 8420.019890  3.572077e-08
 8422.609890  2.907098e-08
 8425.199890  9.971252e-09
 8427.789890  3.137518e-08
 8430.379890  1.342834e-08
 8432.969890  3.835543e-08
 8435.559890  -8.009030e-09
 8438.149890  3.364132e-08
 8440.739890  2.461791e-08
 8443.329890  3.217248e-08
 8445.919889  3.634134e-08
 8448.509889  2.360818e-08
 8451.099889  3.503461e-08
 8453.689889  3.244464e-08
 8456.279889  1.791725e-08
 8458.869889  3.079776e-08
 8461.459889  2.714283e-08
 8464.049889  3.211125e-08
 8466.639889  1.038913e-08
 8469.229889  2.950940e-08
 8471.819889  9.696524e-09
 8474.409889  3.486277e-08
 8476.999888  2.992797e-08
 8479.589888  3.053547e-08
 8482.179888  3.468915e-08
 8484.769888  3.068203e-08
 8487.359888  3.520193e-08
 8489.949888  3.467936e-08
 8492.539888  3.838530e-08
 8495.129888  2.747199e-08
 8497.719888  4.489035e-08
 8500.309888  2.228737e-08
 8502.899888  4.013953e-08
 8505.489887  2.571520e-08
 8508.079887  3.585440e-08
 8510.669887  2.183174e-08
 8513.259887  3.472356e-08
 8515.849887  2.881504e-08
 8518.439887  2.976252e-08
 8521.029887  3.181553e-08
 8523.619887  3.429274e-08
 8526.209887  3.224817e-08
 8528.799887  2.972498e-08
 8531.389887  3.471272e-08
 8533.979887  3.052148e-08
 8536.569886  3.017350e-08
 8539.159886  2.633233e-08
 8541.749886  3.349385e-08
 8544.339886  2.679620e-08
 8546.929886  3.119679e-08
 8549.519886  3.228640e-08
 8552.109886  3.640412e-08
 8554.699886  2.890621e-08
 8557.289886  3.154284e-08
 8559.879886  3.077182e-08
 8562.469886  3.439731e-08
 8565.059886  3.529609e-08
 8567.649885  3.152486e-08
 8570.239885  2.960327e-08
 8572.829885  3.253770e-08
 8575.419885  3.280596e-08
 8578.009885  3.512795e-08
 8580.599885  3.371183e-08
 8583.189885  3.188924e-08
 8585.779885  2.812737e-08
 8588.369885  3.984622e-08
 8590.959885  3.414333e-08
 8593.549885  3.179531e-08
 8596.139884  3.087622e-08
 8598.729884  3.087671e-08
 8601.319884  2.963476e-08
 8603.909884  3.393309e-08
 8606.499884  3.220969e-08
 8609.089884  3.025986e-08
 8611.679884  3.404865e-08
 8614.269884  3.437436e-08
 8616.859884  2.793177e-08
 8619.449884  2.781639e-08
 8622.039884  2.649570e-08
 8624.629884  3.086073e-08
 8627.219883  3.298714e-08
 8629.809883  2.875074e-08
 8632.399883  2.903523e-08
 8634.989883  3.311795e-08
 8637.579883  3.195306e-08
 8640.169883  2.696782e-08
 8642.759883  3.056756e-08
 8645.349883  3.140735e-08
 8647.939883  3.654838e-08
 8650.529883  2.627301e-08
 8653.119883  2.786337e-08
 8655.709882  2.985831e-08
 8658.299882  3.160430e-08
 8660.889882  2.956832e-08
 8663.479882  3.270396e-08
 8666.069882  3.172144e-08
 8668.659882  3.304838e-08
 8671.249882  3.494289e-08
 8673.839882  2.007175e-08
 8676.429882  3.033689e-08
 8679.019882  3.343828e-08
 8681.609882  3.562145e-08
 8684.199882  3.231746e-08
 8686.789881  4.090569e-08
 8689.379881  3.326738e-08
 8691.969881  2.475110e-08
 8694.559881  2.988810e-08
 8697.149881  2.766912e-08
 8699.739881  2.971268e-08
 8702.329881  2.865160e-08
 8704.919881  2.818224e-08
 8707.509881  3.136140e-08
 8710.099881  3.522643e-08
 8712.689881  3.620761e-08
 8715.279881  2.910498e-08
 8717.869880  3.111444e-08
 8720.459880  3.837666e-08
 8723.049880  3.726108e-08
 8725.639880  3.090784e-08
 8728.229880  3.640183e-08
 8730.819880  3.144737e-08
 8733.409880  2.804197e-08
 8735.999880  2.994550e-08
 8738.589880  3.570222e-08
 8741.179880  3.632309e-08
 8743.769880  3.427886e-08
 8746.359879  3.303066e-08
 8748.949879  3.024936e-08
 8751.539879  3.191115e-08
 8754.129879  3.388263e-08
 8756.719879  3.347626e-08
 8759.309879  4.387606e-08
 8761.899879  8.164999e-09
 8764.489879  4.628556e-08
 8767.079879  -1.931741e-09
 8769.669879  2.119171e-08
 8772.259879  1.467275e-08
 8774.849879  4.518099e-08
 8777.439878  3.757338e-08
 8780.029878  3.195105e-08
 8782.619878  2.748181e-08
 8785.209878  2.689747e-08
 8787.799878  3.067841e-08
 8790.389878  3.851575e-08
 8792.979878  3.524242e-08
 8795.569878  4.081872e-08
 8798.159878  2.329359e-08
 8800.749878  3.000323e-08
 8803.339878  3.264222e-08
 8805.929878  3.138805e-08
 8808.519877  3.480412e-08
 8811.109877  3.396937e-08
 8813.699877  3.463709e-08
 8816.289877  3.435110e-08
 8818.879877  3.315385e-08
 8821.469877  1.938292e-08
 8824.059877  5.276507e-08
 8826.649877  2.720558e-08
 8829.239877  1.654790e-08
 8831.829877  2.381702e-08
 8834.419877  1.551652e-08
 8837.009876  2.358485e-08
 8839.599876  3.448496e-08
 8842.189876  1.970013e-08
 8844.779876  3.292103e-08
 8847.369876  2.670577e-08
 8849.959876  2.880084e-08
 8852.549876  2.440395e-08
 8855.139876  2.909233e-08
 8857.729876  2.638752e-08
 8860.319876  3.241149e-08
 8862.909876  2.304801e-08
 8865.499876  2.222709e-08
 8868.089875  2.608660e-08
 8870.679875  3.093170e-08
 8873.269875  2.081137e-08
 8875.859875  3.277322e-08
 8878.449875  2.660985e-08
 8881.039875  2.667419e-08
 8883.629875  3.437539e-08
 8886.219875  3.216840e-08
 8888.809875  1.393115e-08
 8891.399875  4.716228e-08
 8893.989875  2.534066e-08
 8896.579875  1.813963e-08
 8899.169874  4.038428e-08
 8901.759874  3.457624e-08
 8904.349874  3.974307e-08
 8906.939874  2.918733e-08
 8909.529874  3.809675e-08
 8912.119874  1.650960e-08
 8914.709874  2.796219e-08
 8917.299874  4.492979e-08
 8919.889874  1.172786e-08
 8922.479874  1.860901e-09
 8925.069874  2.095685e-08
 8927.659873  2.637303e-08
 8930.249873  3.329415e-08
 8932.839873  3.133891e-08
 8935.429873  2.996646e-08
 8938.019873  3.563073e-08
 8940.609873  1.879798e-08
 8943.199873  4.566581e-08
 8945.789873  4.364121e-08
 8948.379873  2.851307e-08
 8950.969873  2.994989e-08
 8953.559873  1.985551e-08
 8956.149873  3.615964e-08
 8958.739872  2.855398e-08
 8961.329872  3.724448e-08
 8963.919872  1.576804e-08
 8966.509872  3.124627e-08
 8969.099872  1.908632e-08
 8971.689872  2.381464e-08
 8974.279872  2.085441e-08
 8976.869872  2.122603e-08
 8979.459872  2.445980e-08
 8982.049872  2.863498e-08
 8984.639872  2.064617e-08
 8987.229872  2.174961e-08
 8989.819871  1.430768e-08
 8992.409871  2.423674e-08
 8994.999871  1.103941e-08
 8997.589871  2.713813e-08
 9000.179871  2.218504e-08
 9002.769871  2.772831e-08
 9005.359871  1.189322e-08
 9007.949871  2.878220e-08
 9010.539871  1.858712e-08
 9013.129871  2.113473e-08
 9015.719871  2.640726e-08
 9018.309870  2.705120e-08
 9020.899870  2.621872e-08
 9023.489870  2.781199e-08
 9026.079870  2.477942e-08
 9028.669870  3.075290e-08
 9031.259870  2.711904e-08
 9033.849870  2.691660e-08
 9036.439870  3.574558e-08
 9039.029870  3.681991e-08
 9041.619870  3.301991e-08
 9044.209870  3.053603e-08
 9046.799870  3.712808e-08
 9049.389869  2.176156e-08
 9051.979869  2.867653e-08
 9054.569869  2.561197e-08
 9057.159869  3.372885e-08
 9059.749869  2.896667e-08
 9062.339869  2.784121e-08
 9064.929869  3.029503e-08
 9067.519869  2.530511e-08
 9070.109869  2.323115e-08
 9072.699869  2.753824e-08
 9075.289869  2.639300e-08
 9077.879869  2.146079e-08
 9080.469868  2.874893e-08
 9083.059868  2.738064e-08
 9085.649868  2.770846e-08
 9088.239868  3.226481e-08
 9090.829868  2.925294e-08
 9093.419868  2.852866e-08
 9096.009868  2.440300e-08
 9098.599868  2.303649e-08
 9101.189868  2.491761e-08
 9103.779868  1.932296e-08
 9106.369868  2.496758e-08
 9108.959867  2.478195e-08
 9111.549867  3.447652e-08
 9114.139867  2.793114e-08
 9116.729867  3.127730e-08
 9119.319867  3.261559e-08
 9121.909867  3.269531e-08
 9124.499867  2.997618e-08
 9127.089867  2.889578e-08
 9129.679867  2.943295e-08
 9132.269867  2.235202e-08
 9134.859867  2.420543e-08
 9137.449867  2.818127e-08
 9140.039866  3.046183e-08
 9142.629866  3.110478e-08
 9145.219866  2.856735e-08
 9147.809866  2.398817e-08
 9150.399866  1.999769e-08
 9152.989866  2.315009e-08
 9155.579866  2.380679e-08
 9158.169866  2.215195e-08
 9160.759866  2.982783e-08
 9163.349866  2.830983e-08
 9165.939866  2.475187e-08
 9168.529866  2.710337e-08
 9171.119865  2.459653e-08
 9173.709865  2.198815e-08
 9176.299865  2.597599e-08
 9178.889865  2.558608e-08
 9181.479865  2.762982e-08
 9184.069865  3.111816e-08
 9186.659865  3.044893e-08
 9189.249865  3.241335e-08
 9191.839865  3.073701e-08
 9194.429865  2.912101e-08
 9197.019865  3.191528e-08
 9199.609864  2.966476e-08
 9202.199864  3.164651e-08
 9204.789864  3.197730e-08
 9207.379864  3.671314e-08
 9209.969864  2.730836e-08
 9212.559864  2.401800e-08
 9215.149864  3.090880e-08
 9217.739864  3.173145e-08
 9220.329864  2.832480e-08
 9222.919864  3.081205e-08
 9225.509864  3.082614e-08
 9228.099864  3.399198e-08
 9230.689863  3.489366e-08
 9233.279863  3.320065e-08
 9235.869863  3.018158e-08
 9238.459863  2.812910e-08
 9241.049863  2.624504e-08
 9243.639863  2.786805e-08
 9246.229863  3.562402e-08
 9248.819863  3.793889e-08
 9251.409863  3.244070e-08
 9253.999863  2.650006e-08
 9256.589863  2.463836e-08
 9259.179862  2.869351e-08
 9261.769862  3.167006e-08
 9264.359862  3.387387e-08
 9266.949862  3.240353e-08
 9269.539862  2.819954e-08
 9272.129862  2.705526e-08
 9274.719862  2.475244e-08
 9277.309862  2.516053e-08
 9279.899862  2.888085e-08
 9282.489862  2.787710e-08
 9285.079862  2.403370e-08
 9287.669862  1.668745e-08
 9290.259861  2.318051e-08
 9292.849861  2.397549e-08
 9295.439861  2.092234e-08
 9298.029861  1.648291e-08
 9300.619861  2.772759e-08
 9303.209861  2.014118e-08
 9305.799861  2.176655e-08
 9308.389861  5.493239e-09
 9310.979861  1.229114e-08
 9313.569861  3.395361e-09
 9316.159861  1.583799e-08
 9318.749861  5.710863e-09
 9321.339860  9.384120e-09
 9323.929860  1.627263e-08
 9326.519860  8.225044e-09
 9329.109860  1.453779e-08
 9331.699860  3.527655e-10
 9334.289860  7.969846e-09
 9336.879860  1.143631e-08
 9339.469860  1.168479e-08
 9342.059860  1.052638e-08
 9344.649860  1.136220e-08
 9347.239860  1.248396e-08
 9349.829859  1.386248e-08
 9352.419859  1.113487e-08
 9355.009859  1.549447e-08
 9357.599859  1.548324e-08
 9360.189859  1.162345e-08
 9362.779859  1.415617e-08
 9365.369859  1.625748e-08
 9367.959859  2.126644e-08
 9370.549859  1.767650e-08
 9373.139859  2.172664e-08
 9375.729859  5.796764e-08
 9378.319859  6.835661e-08
 9380.909858  2.073151e-08
 9383.499858  -2.976263e-09
 9386.089858  1.073737e-08
 9388.679858  1.953215e-08
 9391.269858  2.420281e-08
 9393.859858  2.198939e-08
 9396.449858  1.913204e-08
 9399.039858  1.804162e-08
 9401.629858  1.732642e-08
 9404.219858  1.748840e-08
 9406.809858  8.834223e-09
 9409.399858  1.126386e-08
 9411.989857  1.950088e-08
 9414.579857  1.512100e-08
 9417.169857  1.975194e-08
 9419.759857  1.637076e-08
 9422.349857  2.031898e-08
 9424.939857  5.160663e-09
 9427.529857  1.377864e-08
 9430.119857  1.264876e-08
 9432.709857  1.472333e-08
 9435.299857  8.546111e-09
 9437.889857  2.058746e-08
 9440.479856  9.851934e-09
 9443.069856  -4.992031e-09
 9445.659856  -5.222720e-09
 9448.249856  1.401020e-08
 9450.839856  1.451142e-08
 9453.429856  2.269889e-08
 9456.019856  9.261584e-09
 9458.609856  2.149107e-08
 9461.199856  2.422818e-08
 9463.789856  1.242554e-08
 9466.379856  1.079452e-08
 9468.969856  1.817766e-08
 9471.559855  1.031567e-08
 9474.149855  1.900649e-08
 9476.739855  1.736662e-08
 9479.329855  3.244190e-08
 9481.919855  1.305825e-08
 9484.509855  1.511162e-08
 9487.099855  1.628728e-08
 9489.689855  1.724516e-08
 9492.279855  1.263098e-08
 9494.869855  1.044352e-08
 9497.459855  -1.610771e-10
 9500.049855  1.753439e-08
 9502.639854  1.705640e-08
 9505.229854  2.900229e-08
 9507.819854  1.760174e-08
 9510.409854  1.662466e-08
 9512.999854  1.876322e-08
 9515.589854  1.518283e-08
 9518.179854  9.843252e-09
 9520.769854  1.394197e-08
 9523.359854  1.388096e-08
 9525.949854  1.094701e-08
 9528.539854  1.712845e-08
 9531.129853  2.819951e-08
 9533.719853  2.038527e-08
 9536.309853  1.726997e-08
 9538.899853  2.013126e-08
 9541.489853  1.342728e-08
 9544.079853  1.477709e-08
 9546.669853  1.747117e-08
 9549.259853  2.163067e-08
 9551.849853  1.831441e-08
 9554.439853  2.564496e-08
 9557.029853  2.009472e-08
 9559.619853  1.241856e-08
 9562.209852  1.941798e-08
 9564.799852  6.304958e-09
 9567.389852  2.085062e-09
 9569.979852  1.672456e-08
 9572.569852  2.113529e-08
 9575.159852  1.260381e-08
 9577.749852  2.182940e-08
 9580.339852  1.811642e-08
 9582.929852  2.034531e-08
 9585.519852  1.857371e-08
 9588.109852  1.306306e-08
 9590.699852  1.437855e-08
 9593.289851  1.587813e-08
 9595.879851  1.954278e-08
 9598.469851  1.849424e-08
 9601.059851  2.002745e-08
 9603.649851  2.173873e-08
 9606.239851  1.902013e-08
 9608.829851  1.795175e-08
 9611.419851  8.092965e-09
 9614.009851  1.526499e-08
 9616.599851  2.150646e-08
 9619.189851  1.319524e-08
 9621.779850  1.407220e-08
 9624.369850  1.503178e-08
 9626.959850  2.016668e-08
 9629.549850  2.153234e-08
 9632.139850  1.754444e-08
 9634.729850  1.923752e-08
 9637.319850  1.771159e-08
 9639.909850  1.349107e-08
 9642.499850  1.736261e-08
 9645.089850  2.054620e-08
 9647.679850  1.856405e-08
 9650.269850  2.268141e-08
 9652.859849  2.116550e-08
 9655.449849  1.687886e-08
 9658.039849  1.357596e-08
 9660.629849  1.777613e-08
 9663.219849  2.098331e-08
 9665.809849  1.494179e-08
 9668.399849  1.677294e-08
 9670.989849  1.949671e-08
 9673.579849  2.462597e-08
 9676.169849  1.803478e-08
 9678.759849  1.805332e-08
 9681.349849  1.926656e-08
 9683.939848  2.790120e-08
 9686.529848  2.506285e-08
 9689.119848  1.971778e-08
 9691.709848  2.221509e-08
 9694.299848  2.089205e-08
 9696.889848  1.633915e-08
 9699.479848  6.451288e-09
 9702.069848  1.074803e-08
 9704.659848  5.123080e-09
 9707.249848  2.127750e-08
 9709.839848  2.276543e-08
 9712.429847  2.209457e-08
 9715.019847  2.146864e-08
 9717.609847  1.045599e-08
 9720.199847  6.433949e-09
 9722.789847  1.810516e-08
 9725.379847  1.284669e-08
 9727.969847  1.026457e-08
 9730.559847  1.579873e-08
 9733.149847  2.173428e-08
 9735.739847  1.771553e-08
 9738.329847  2.212184e-08
 9740.919847  2.453930e-08
 9743.509846  2.014548e-08
 9746.099846  2.077801e-08
 9748.689846  2.159166e-08
 9751.279846  2.104706e-08
 9753.869846  1.331077e-08
 9756.459846  1.795374e-08
 9759.049846  2.595479e-08
 9761.639846  2.313739e-08
 9764.229846  1.338253e-08
 9766.819846  1.656648e-08
 9769.409846  3.070294e-08
 9771.999846  3.480037e-08
 9774.589845  2.757949e-08
 9777.179845  3.644315e-08
 9779.769845  2.787636e-08
 9782.359845  2.922483e-08
 9784.949845  3.043639e-08
 9787.539845  3.550766e-08
 9790.129845  3.721921e-08
 9792.719845  2.817038e-08
 9795.309845  3.510014e-08
 9797.899845  3.900596e-08
 9800.489845  1.682605e-08
 9803.079844  3.129440e-08
 9805.669844  3.210986e-08
 9808.259844  2.262523e-08
 9810.849844  4.152886e-08
 9813.439844  4.111893e-08
 9816.029844  2.233789e-08
 9818.619844  4.463728e-08
 9821.209844  2.650936e-08
 9823.799844  1.815776e-08
 9826.389844  2.264299e-08
 9828.979844  3.474608e-08
 9831.569844  4.057008e-08
 9834.159843  4.235007e-08
 9836.749843  4.106247e-08
 9839.339843  4.360685e-08
 9841.929843  5.155782e-08
 9844.519843  2.423804e-08
 9847.109843  4.120806e-08
 9849.699843  2.892203e-08
 9852.289843  3.188469e-08
 9854.879843  2.252201e-08
 9857.469843  5.547894e-08
 9860.059843  6.006206e-08
 9862.649843  4.972600e-08
 9865.239842  4.566284e-08
 9867.829842  1.228068e-08
 9870.419842  2.702248e-08
 9873.009842  -4.077631e-08
 9875.599842  -2.417788e-08
 9878.189842  1.031842e-08
 9880.779842  7.915600e-08
 9883.369842  7.321943e-08
 9885.959842  7.730791e-08
 9888.549842  9.483477e-08
 9891.139842  6.393002e-08
 9893.729841  4.612436e-08
 9896.319841  2.813211e-09
 9898.909841  3.834430e-08
 9901.499841  6.765678e-08
 9904.089841  8.541718e-08
 9906.679841  9.751040e-08
 9909.269841  1.501645e-07
 9911.859841  1.409520e-07
 9914.449841  1.908405e-07
 9917.039841  1.013735e-07
 9919.629841  1.503421e-07
 9922.219841  5.019083e-08
 9924.809840  1.011474e-07
 9927.399840  1.556200e-07
 9929.989840  9.175007e-08
 9932.579840  1.614289e-07
 9935.169840  1.887074e-07
 9937.759840  9.801098e-09
 9940.349840  -3.491600e-08
 9942.939840  -1.788206e-07
 9945.529840  -2.888099e-07
 9948.119840  -3.564293e-07
 9950.709840  2.895153e-07
 9953.299839  4.810134e-07
 9955.889839  2.717304e-07
 9958.479839  7.006126e-07
 9961.069839  6.660645e-07
 9963.659839  5.496992e-08
 9966.249839  4.239273e-07
 9968.839839  2.754802e-07
 9971.429839  3.287827e-07
 9974.019839  4.498854e-07
 9976.609839  7.489869e-07
 9979.199839  1.044984e-06
 9981.789839  7.904380e-07
 9984.379838  4.737410e-07
 9986.969838  3.968073e-07
 9989.559838  5.110907e-07
 9992.149838  8.970031e-07
 9994.739838  1.235157e-06
 9997.329838  1.287425e-06
 9999.919838  1.288425e-06
10002.509838  1.465573e-06
10005.099838  1.210350e-06
10007.689838  6.442330e-07
10010.279838  -5.921810e-07
10012.869838  7.494230e-07
10015.459837  1.801478e-06
10018.049837  3.840264e-06
10020.639837  1.982674e-06
10023.229837  -2.607059e-07
10025.819837  8.535501e-07
10028.409837  3.936581e-06
10030.999837  5.209539e-06
10033.589837  1.731159e-06
10036.179837  2.018006e-06
10038.769837  4.240258e-06
10041.359837  2.583107e-06
10043.949836  4.023996e-06
10046.539836  3.472359e-06
10049.129836  3.810189e-06
10051.719836  5.535038e-06
10054.309836  5.922162e-06
10056.899836  8.640930e-06
10059.489836  7.322380e-06
10062.079836  9.124824e-06
10064.669836  1.357638e-05
10067.259836  6.495764e-06
10069.849836  2.742543e-06
10072.439836  1.108237e-05
10075.029835  9.382906e-06
10077.619835  -4.442964e-06
10080.209835  1.998754e-05
10082.799835  1.589299e-05
10085.389835  2.871687e-05
10087.979835  3.141799e-05
10090.569835  2.309499e-05
10093.159835  3.671981e-05
10095.749835  3.763889e-05
10098.339835  4.363764e-05
10100.929835  5.642168e-05
10103.519835  6.494063e-05
10106.109834  1.058769e-04
10108.699834  1.047737e-04
10111.289834  4.004498e-05
10113.879834  1.031587e-04
10116.469834  1.165066e-04
10119.059834  9.719410e-05
10121.649834  2.164325e-04
10124.239834  8.651319e-05
10126.829834  2.780410e-05
10129.419834  2.646860e-04
10132.009834  1.818277e-04
10134.599833  1.644055e-04
10137.189833  4.704013e-04
10139.779833  5.088086e-04
10142.369833  4.177337e-04
10144.959833  3.840772e-04
10147.549833  3.593396e-04
10150.139833  1.652233e-04
10152.729833  4.338155e-04
10155.319833  1.269629e-03
10157.909833  8.409898e-04
10160.499833  9.980598e-04
10163.089833  1.018958e-03
10165.679832  1.157610e-03
10168.269832  -4.796495e-04
10170.859832  -3.939729e-03
10173.449832  -9.907393e-03
10176.039832  -5.607057e-03
10178.629832  5.217742e-03
10181.219832  8.709731e-03
10183.809832  6.685014e-03
10186.399832  2.204013e-03
10188.989832  8.465084e-03
10191.579832  1.086439e-02
10194.169832  6.105761e-03
10196.759831  9.298675e-03
10199.349831  1.915547e-02
10201.939831  1.470955e-02
10204.529831  1.903198e-02
10207.119831  1.983474e-02
10209.709831  4.578523e-02
10212.299831  2.326554e-02
10214.889831  -2.942056e-02
10217.479831  2.732061e-02
10220.069831  6.297844e-02
10222.659831  2.296918e-02
